I           X1          NDT_H       VX1_H       TMP_H       NDT_HE      VX1_HE      TMP_HE      NDT_H+      VX1_H+      TMP_H+      NDT_HE+     VX1_HE+     TMP_HE+     NDT_ELC     VX1_ELC     TMP_ELC     
2           2.6729e+09  9.0129e+13  -4.3480e+02 6.4992e+02  8.9391e+12  -4.3483e+02 6.4992e+02  1.7251e+07  -4.3481e+02 6.4992e+02  2.2987e+04  -4.3233e+02 6.4991e+02  1.7273e+07  -4.3467e+02 6.4995e+02  
3           2.6740e+09  8.8597e+13  -1.0170e+00 6.4991e+02  8.6474e+12  -1.0471e+00 6.4991e+02  1.7339e+07  -1.0198e+00 6.4991e+02  8.4070e+03  -8.6005e-01 6.4990e+02  1.7348e+07  -1.1444e+00 6.4989e+02  
4           2.6751e+09  8.7114e+13  1.0313e+01  6.5000e+02  8.3728e+12  1.0282e+01  6.5000e+02  1.7565e+07  1.0309e+01  6.5000e+02  8.7493e+03  1.0060e+01  6.5000e+02  1.7575e+07  1.0289e+01  6.4999e+02  
5           2.6762e+09  8.5653e+13  4.7676e-01  6.5001e+02  8.1098e+12  4.4461e-01  6.5001e+02  1.7870e+07  4.7253e-01  6.5001e+02  8.9376e+03  4.0363e-01  6.5000e+02  1.7880e+07  5.1138e-01  6.5000e+02  
6           2.6773e+09  8.4193e+13  7.2011e-01  6.5000e+02  7.8540e+12  6.8693e-01  6.5000e+02  1.8207e+07  7.1579e-01  6.5000e+02  8.9520e+03  6.4822e-01  6.5000e+02  1.8217e+07  6.9250e-01  6.4999e+02  
7           2.6785e+09  8.2735e+13  -6.9542e-02 6.5000e+02  7.6055e+12  -1.0378e-01 6.5000e+02  1.8544e+07  -7.3705e-02 6.5000e+02  8.9668e+03  -1.4464e-01 6.5000e+02  1.8554e+07  -7.2363e-02 6.4999e+02  
8           2.6797e+09  8.1280e+13  2.0050e-01  6.5000e+02  7.3641e+12  1.6517e-01  6.5000e+02  1.8856e+07  1.9666e-01  6.5000e+02  8.9824e+03  1.2312e-01  6.5000e+02  1.8866e+07  1.9508e-01  6.4999e+02  
9           2.6808e+09  7.9828e+13  1.4025e-01  6.5000e+02  7.1296e+12  1.0380e-01  6.5000e+02  1.9128e+07  1.3682e-01  6.5000e+02  8.9980e+03  6.0508e-02  6.5000e+02  1.9138e+07  1.3522e-01  6.4999e+02  
10          2.6821e+09  7.8379e+13  1.5626e-01  6.5000e+02  6.9019e+12  1.1865e-01  6.5000e+02  1.9350e+07  1.5329e-01  6.5000e+02  9.0137e+03  7.4070e-02  6.5000e+02  1.9359e+07  1.5178e-01  6.4999e+02  
11          2.6833e+09  7.6934e+13  1.5648e-01  6.5000e+02  6.6808e+12  1.1767e-01  6.5000e+02  1.9517e+07  1.5396e-01  6.5000e+02  9.0295e+03  7.1755e-02  6.5000e+02  1.9526e+07  1.5237e-01  6.4999e+02  
12          2.6845e+09  7.5493e+13  1.6139e-01  6.5000e+02  6.4662e+12  1.2135e-01  6.5000e+02  1.9628e+07  1.5932e-01  6.5000e+02  9.0453e+03  7.4054e-02  6.5000e+02  1.9638e+07  1.5777e-01  6.4999e+02  
13          2.6858e+09  7.4058e+13  1.6540e-01  6.5000e+02  6.2579e+12  1.2408e-01  6.5000e+02  1.9686e+07  1.6374e-01  6.5000e+02  9.0611e+03  7.5365e-02  6.5000e+02  1.9696e+07  1.6218e-01  6.4999e+02  
14          2.6871e+09  7.2627e+13  1.6989e-01  6.5000e+02  6.0558e+12  1.2726e-01  6.5000e+02  1.9695e+07  1.6860e-01  6.5000e+02  9.0770e+03  7.7063e-02  6.5000e+02  1.9705e+07  1.6704e-01  6.4999e+02  
15          2.6884e+09  7.1202e+13  1.7453e-01  6.5000e+02  5.8596e+12  1.3054e-01  6.5000e+02  1.9660e+07  1.7357e-01  6.5000e+02  9.0929e+03  7.8821e-02  6.5000e+02  1.9670e+07  1.7201e-01  6.5000e+02  
16          2.6898e+09  6.9784e+13  1.7942e-01  6.5000e+02  5.6694e+12  1.3403e-01  6.5000e+02  1.9587e+07  1.7874e-01  6.5000e+02  9.1088e+03  8.0728e-02  6.5000e+02  1.9596e+07  1.7718e-01  6.5000e+02  
17          2.6911e+09  6.8372e+13  1.8456e-01  6.5000e+02  5.4849e+12  1.3772e-01  6.5000e+02  1.9481e+07  1.8411e-01  6.5000e+02  9.1247e+03  8.2777e-02  6.5000e+02  1.9491e+07  1.8255e-01  6.5000e+02  
18          2.6925e+09  6.6967e+13  1.8996e-01  6.5000e+02  5.3059e+12  1.4162e-01  6.5000e+02  1.9350e+07  1.8969e-01  6.5000e+02  9.1407e+03  8.4980e-02  6.5000e+02  1.9359e+07  1.8813e-01  6.5000e+02  
19          2.6939e+09  6.5569e+13  1.9564e-01  6.5000e+02  5.1324e+12  1.4574e-01  6.5000e+02  1.9197e+07  1.9552e-01  6.5000e+02  9.1567e+03  8.7359e-02  6.5000e+02  1.9207e+07  1.9396e-01  6.5000e+02  
20          2.6954e+09  6.4180e+13  2.0159e-01  6.5000e+02  4.9643e+12  1.5009e-01  6.5000e+02  1.9029e+07  2.0158e-01  6.5000e+02  9.1726e+03  8.9891e-02  6.5000e+02  1.9038e+07  2.0002e-01  6.5000e+02  
21          2.6968e+09  6.2798e+13  2.0798e-01  6.5000e+02  4.8013e+12  1.5481e-01  6.5000e+02  1.8848e+07  2.0806e-01  6.5000e+02  9.1886e+03  9.2745e-02  6.5000e+02  1.8858e+07  2.0650e-01  6.5000e+02  
22          2.6983e+09  6.1426e+13  2.1417e-01  6.5000e+02  4.6433e+12  1.5928e-01  6.5000e+02  1.8659e+07  2.1431e-01  6.5000e+02  9.2046e+03  9.5285e-02  6.5000e+02  1.8668e+07  2.1274e-01  6.5000e+02  
23          2.6998e+09  6.0063e+13  2.2302e-01  6.5000e+02  4.4902e+12  1.6634e-01  6.5000e+02  1.8464e+07  2.2319e-01  6.5000e+02  9.2206e+03  1.0032e-01  6.5000e+02  1.8474e+07  2.2169e-01  6.5000e+02  
24          2.7013e+09  5.8709e+13  2.2070e-01  6.5000e+02  4.3419e+12  1.6217e-01  6.5000e+02  1.8266e+07  2.2089e-01  6.5000e+02  9.2364e+03  9.4439e-02  6.5000e+02  1.8275e+07  2.1890e-01  6.5000e+02  
25          2.7029e+09  5.7365e+13  2.7790e-01  6.5000e+02  4.1982e+12  2.1746e-01  6.5000e+02  1.8066e+07  2.7810e-01  6.5000e+02  9.2489e+03  1.5208e-01  6.5000e+02  1.8075e+07  2.7828e-01  6.5000e+02  
26          2.7045e+09  5.6032e+13  1.5080e-01  6.5000e+02  4.0591e+12  8.8363e-02  6.5000e+02  1.7865e+07  1.5099e-01  6.5000e+02  9.2789e+03  -2.3487e-02 6.5000e+02  1.7874e+07  1.4684e-01  6.5000e+02  
27          2.7061e+09  5.4710e+13  3.6785e-01  6.5000e+02  3.9243e+12  3.0335e-01  6.5000e+02  1.7664e+07  3.6803e-01  6.5000e+02  9.2947e+03  2.6941e-01  6.5000e+02  1.7674e+07  3.6472e-01  6.5000e+02  
28          2.7077e+09  5.3399e+13  2.0278e-01  6.5000e+02  3.7938e+12  1.3614e-01  6.5000e+02  1.7464e+07  2.0296e-01  6.5000e+02  9.2965e+03  5.4023e-02  6.5000e+02  1.7474e+07  2.0180e-01  6.5000e+02  
29          2.7094e+09  5.2100e+13  2.7702e-01  6.5000e+02  3.6675e+12  2.0815e-01  6.5000e+02  1.7265e+07  2.7718e-01  6.5000e+02  9.3155e+03  1.2843e-01  6.5000e+02  1.7275e+07  2.7579e-01  6.5000e+02  
30          2.7111e+09  5.0812e+13  2.7318e-01  6.5000e+02  3.5451e+12  2.0201e-01  6.5000e+02  1.7067e+07  2.7332e-01  6.5000e+02  9.3313e+03  1.2018e-01  6.5000e+02  1.7076e+07  2.7171e-01  6.5000e+02  
31          2.7128e+09  4.9538e+13  2.8664e-01  6.5000e+02  3.4267e+12  2.1307e-01  6.5000e+02  1.6869e+07  2.8677e-01  6.5000e+02  9.3469e+03  1.2865e-01  6.5000e+02  1.6879e+07  2.8520e-01  6.5000e+02  
32          2.7145e+09  4.8276e+13  2.9709e-01  6.5000e+02  3.3120e+12  2.2103e-01  6.5000e+02  1.6673e+07  2.9721e-01  6.5000e+02  9.3624e+03  1.3397e-01  6.5000e+02  1.6683e+07  2.9563e-01  6.5000e+02  
33          2.7163e+09  4.7027e+13  3.0903e-01  6.5000e+02  3.2010e+12  2.3037e-01  6.5000e+02  1.6477e+07  3.0913e-01  6.5000e+02  9.3779e+03  1.4059e-01  6.5000e+02  1.6487e+07  3.0755e-01  6.5000e+02  
34          2.7181e+09  4.5791e+13  3.2143e-01  6.5000e+02  3.0936e+12  2.4008e-01  6.5000e+02  1.6282e+07  3.2153e-01  6.5000e+02  9.3933e+03  1.4750e-01  6.5000e+02  1.6291e+07  3.1994e-01  6.5001e+02  
35          2.7200e+09  4.4570e+13  3.3459e-01  6.5000e+02  2.9897e+12  2.5044e-01  6.5000e+02  1.6087e+07  3.3468e-01  6.5000e+02  9.4086e+03  1.5497e-01  6.5000e+02  1.6096e+07  3.3310e-01  6.5001e+02  
36          2.7218e+09  4.3363e+13  3.4851e-01  6.5000e+02  2.8890e+12  2.6144e-01  6.5000e+02  1.5891e+07  3.4859e-01  6.5000e+02  9.4238e+03  1.6299e-01  6.5000e+02  1.5901e+07  3.4701e-01  6.5001e+02  
37          2.7238e+09  4.2171e+13  3.6323e-01  6.5000e+02  2.7917e+12  2.7312e-01  6.5000e+02  1.5696e+07  3.6331e-01  6.5000e+02  9.4389e+03  1.7160e-01  6.5000e+02  1.5705e+07  3.6172e-01  6.5001e+02  
38          2.7257e+09  4.0993e+13  3.7880e-01  6.5000e+02  2.6974e+12  2.8554e-01  6.5000e+02  1.5500e+07  3.7889e-01  6.5000e+02  9.4538e+03  1.8085e-01  6.5000e+02  1.5510e+07  3.7730e-01  6.5001e+02  
39          2.7277e+09  3.9831e+13  3.9529e-01  6.5000e+02  2.6062e+12  2.9873e-01  6.5000e+02  1.5303e+07  3.9538e-01  6.5000e+02  9.4687e+03  1.9078e-01  6.5000e+02  1.5313e+07  3.9378e-01  6.5001e+02  
40          2.7297e+09  3.8684e+13  4.1274e-01  6.5000e+02  2.5179e+12  3.1275e-01  6.5000e+02  1.5106e+07  4.1283e-01  6.5000e+02  9.4834e+03  2.0143e-01  6.5000e+02  1.5116e+07  4.1123e-01  6.5001e+02  
41          2.7317e+09  3.7553e+13  4.3121e-01  6.5000e+02  2.4325e+12  3.2765e-01  6.5000e+02  1.4909e+07  4.3131e-01  6.5000e+02  9.4980e+03  2.1285e-01  6.5000e+02  1.4919e+07  4.2971e-01  6.5001e+02  
42          2.7338e+09  3.6438e+13  4.5077e-01  6.5000e+02  2.3498e+12  3.4348e-01  6.5000e+02  1.4710e+07  4.5088e-01  6.5000e+02  9.5125e+03  2.2510e-01  6.5000e+02  1.4720e+07  4.4927e-01  6.5001e+02  
43          2.7359e+09  3.5340e+13  4.7149e-01  6.5000e+02  2.2697e+12  3.6031e-01  6.5000e+02  1.4511e+07  4.7161e-01  6.5000e+02  9.5268e+03  2.3823e-01  6.5000e+02  1.4521e+07  4.6999e-01  6.5001e+02  
44          2.7380e+09  3.4258e+13  4.9343e-01  6.5000e+02  2.1923e+12  3.7820e-01  6.5000e+02  1.4311e+07  4.9356e-01  6.5000e+02  9.5410e+03  2.5231e-01  6.5000e+02  1.4321e+07  4.9194e-01  6.5001e+02  
45          2.7402e+09  3.3193e+13  5.1666e-01  6.5000e+02  2.1173e+12  3.9719e-01  6.5000e+02  1.4111e+07  5.1680e-01  6.5000e+02  9.5550e+03  2.6737e-01  6.5000e+02  1.4121e+07  5.1517e-01  6.5002e+02  
46          2.7424e+09  3.2146e+13  5.4135e-01  6.5000e+02  2.0446e+12  4.1746e-01  6.5000e+02  1.3910e+07  5.4151e-01  6.5000e+02  9.5689e+03  2.8357e-01  6.5000e+02  1.3919e+07  5.3988e-01  6.5002e+02  
47          2.7446e+09  3.1116e+13  5.6713e-01  6.5000e+02  1.9743e+12  4.3861e-01  6.5000e+02  1.3708e+07  5.6730e-01  6.5000e+02  9.5826e+03  3.0054e-01  6.5000e+02  1.3718e+07  5.6565e-01  6.5002e+02  
48          2.7469e+09  3.0103e+13  5.9643e-01  6.5000e+02  1.9063e+12  4.6307e-01  6.5000e+02  1.3506e+07  5.9661e-01  6.5000e+02  9.5961e+03  3.2066e-01  6.5000e+02  1.3515e+07  5.9498e-01  6.5002e+02  
49          2.7493e+09  2.9109e+13  6.1657e-01  6.5000e+02  1.8403e+12  4.7816e-01  6.5000e+02  1.3303e+07  6.1677e-01  6.5000e+02  9.6094e+03  3.3145e-01  6.5000e+02  1.3312e+07  6.1494e-01  6.5002e+02  
50          2.7516e+09  2.8132e+13  6.9405e-01  6.5000e+02  1.7765e+12  5.5035e-01  6.5000e+02  1.3099e+07  6.9426e-01  6.5000e+02  9.6214e+03  4.0256e-01  6.5000e+02  1.3109e+07  6.9348e-01  6.5002e+02  
51          2.7540e+09  2.7174e+13  6.0185e-01  6.5000e+02  1.7146e+12  4.5260e-01  6.5000e+02  1.2896e+07  6.0208e-01  6.5000e+02  9.6393e+03  2.6733e-01  6.5000e+02  1.2906e+07  5.9882e-01  6.5002e+02  
52          2.7565e+09  2.6234e+13  8.3225e-01  6.5000e+02  1.6547e+12  6.7720e-01  6.5000e+02  1.2692e+07  8.3249e-01  6.5000e+02  9.6520e+03  5.4632e-01  6.5000e+02  1.2702e+07  8.2963e-01  6.5003e+02  
53          2.7590e+09  2.5312e+13  7.0474e-01  6.5000e+02  1.5967e+12  5.4361e-01  6.5000e+02  1.2488e+07  7.0500e-01  6.5000e+02  9.6597e+03  3.7331e-01  6.5000e+02  1.2498e+07  7.0363e-01  6.5003e+02  
54          2.7615e+09  2.4409e+13  8.0659e-01  6.5000e+02  1.5404e+12  6.3908e-01  6.5000e+02  1.2284e+07  8.0686e-01  6.5000e+02  9.6733e+03  4.6738e-01  6.5000e+02  1.2294e+07  8.0523e-01  6.5003e+02  
55          2.7641e+09  2.3525e+13  8.3455e-01  6.5000e+02  1.4859e+12  6.6036e-01  6.5000e+02  1.2080e+07  8.3484e-01  6.5000e+02  9.6855e+03  4.8340e-01  6.5000e+02  1.2089e+07  8.3311e-01  6.5003e+02  
56          2.7667e+09  2.2660e+13  8.8128e-01  6.5000e+02  1.4331e+12  7.0007e-01  6.5000e+02  1.1875e+07  8.8159e-01  6.5000e+02  9.6974e+03  5.1746e-01  6.5000e+02  1.1885e+07  8.7987e-01  6.5003e+02  
57          2.7693e+09  2.1814e+13  9.2742e-01  6.5000e+02  1.3819e+12  7.3883e-01  6.5000e+02  1.1671e+07  9.2775e-01  6.5000e+02  9.7092e+03  5.5039e-01  6.5000e+02  1.1681e+07  9.2600e-01  6.5003e+02  
58          2.7720e+09  2.0987e+13  9.7709e-01  6.5000e+02  1.3323e+12  7.8075e-01  6.5000e+02  1.1468e+07  9.7744e-01  6.5000e+02  9.7207e+03  5.8626e-01  6.5000e+02  1.1478e+07  9.7568e-01  6.5003e+02  
59          2.7748e+09  2.0178e+13  1.0296e+00  6.5000e+02  1.2841e+12  8.2515e-01  6.5000e+02  1.1264e+07  1.0300e+00  6.5000e+02  9.7320e+03  6.2440e-01  6.5000e+02  1.1274e+07  1.0282e+00  6.5004e+02  
60          2.7776e+09  1.9389e+13  1.0854e+00  6.5000e+02  1.2375e+12  8.7237e-01  6.5000e+02  1.1061e+07  1.0858e+00  6.5000e+02  9.7430e+03  6.6513e-01  6.5000e+02  1.1071e+07  1.0840e+00  6.5004e+02  
61          2.7804e+09  1.8620e+13  1.1446e+00  6.5000e+02  1.1922e+12  9.2254e-01  6.5000e+02  1.0859e+07  1.1450e+00  6.5000e+02  9.7539e+03  7.0857e-01  6.5000e+02  1.0869e+07  1.1432e+00  6.5004e+02  
62          2.7833e+09  1.7869e+13  1.2074e+00  6.5000e+02  1.1483e+12  9.7587e-01  6.5000e+02  1.0657e+07  1.2079e+00  6.5000e+02  9.7645e+03  7.5492e-01  6.5000e+02  1.0667e+07  1.2060e+00  6.5004e+02  
63          2.7862e+09  1.7137e+13  1.2741e+00  6.5000e+02  1.1057e+12  1.0325e+00  6.5000e+02  1.0456e+07  1.2746e+00  6.5000e+02  9.7748e+03  8.0435e-01  6.5000e+02  1.0466e+07  1.2727e+00  6.5004e+02  
64          2.7892e+09  1.6425e+13  1.3449e+00  6.5000e+02  1.0644e+12  1.0928e+00  6.5000e+02  1.0255e+07  1.3454e+00  6.5000e+02  9.7850e+03  8.5706e-01  6.5000e+02  1.0265e+07  1.3435e+00  6.5005e+02  
65          2.7923e+09  1.5732e+13  1.4201e+00  6.5000e+02  1.0243e+12  1.1568e+00  6.5000e+02  1.0056e+07  1.4206e+00  6.5000e+02  9.7948e+03  9.1326e-01  6.5000e+02  1.0065e+07  1.4187e+00  6.5005e+02  
66          2.7954e+09  1.5057e+13  1.4999e+00  6.5000e+02  9.8548e+11  1.2248e+00  6.5000e+02  9.8569e+06  1.5004e+00  6.5000e+02  9.8045e+03  9.7317e-01  6.5000e+02  9.8668e+06  1.4985e+00  6.5005e+02  
67          2.7985e+09  1.4402e+13  1.5847e+00  6.5000e+02  9.4776e+11  1.2971e+00  6.5000e+02  9.6593e+06  1.5852e+00  6.5000e+02  9.8139e+03  1.0370e+00  6.5000e+02  9.6692e+06  1.5833e+00  6.5005e+02  
68          2.8017e+09  1.3765e+13  1.6747e+00  6.5000e+02  9.1117e+11  1.3739e+00  6.5000e+02  9.4628e+06  1.6753e+00  6.5000e+02  9.8231e+03  1.1051e+00  6.5000e+02  9.4727e+06  1.6733e+00  6.5006e+02  
69          2.8050e+09  1.3148e+13  1.7703e+00  6.5000e+02  8.7567e+11  1.4556e+00  6.5000e+02  9.2676e+06  1.7709e+00  6.5000e+02  9.8320e+03  1.1776e+00  6.5000e+02  9.2775e+06  1.7689e+00  6.5006e+02  
70          2.8083e+09  1.2548e+13  1.8718e+00  6.5000e+02  8.4124e+11  1.5424e+00  6.5000e+02  9.0736e+06  1.8725e+00  6.5000e+02  9.8406e+03  1.2549e+00  6.5000e+02  9.0835e+06  1.8704e+00  6.5006e+02  
71          2.8116e+09  1.1968e+13  1.9798e+00  6.5000e+02  8.0783e+11  1.6347e+00  6.5000e+02  8.8809e+06  1.9805e+00  6.5000e+02  9.8491e+03  1.3373e+00  6.5000e+02  8.8908e+06  1.9783e+00  6.5006e+02  
72          2.8150e+09  1.1405e+13  2.0942e+00  6.5000e+02  7.7542e+11  1.7325e+00  6.5000e+02  8.6897e+06  2.0949e+00  6.5000e+02  9.8573e+03  1.4248e+00  6.5000e+02  8.6996e+06  2.0928e+00  6.5007e+02  
73          2.8185e+09  1.0861e+13  2.2175e+00  6.5000e+02  7.4399e+11  1.8381e+00  6.5000e+02  8.4998e+06  2.2182e+00  6.5000e+02  9.8652e+03  1.5196e+00  6.5000e+02  8.5098e+06  2.2160e+00  6.5007e+02  
74          2.8220e+09  1.0335e+13  2.3387e+00  6.5000e+02  7.1350e+11  1.9407e+00  6.5000e+02  8.3114e+06  2.3395e+00  6.5000e+02  9.8729e+03  1.6110e+00  6.5000e+02  8.3213e+06  2.3372e+00  6.5007e+02  
75          2.8256e+09  9.8265e+12  2.5187e+00  6.5000e+02  6.8395e+11  2.1008e+00  6.5000e+02  8.1244e+06  2.5196e+00  6.5000e+02  9.8801e+03  1.7611e+00  6.5000e+02  8.1344e+06  2.5177e+00  6.5007e+02  
76          2.8293e+09  9.3356e+12  2.5506e+00  6.5000e+02  6.5529e+11  2.1115e+00  6.5000e+02  7.9388e+06  2.5515e+00  6.5000e+02  9.8883e+03  1.7433e+00  6.5000e+02  7.9488e+06  2.5482e+00  6.5008e+02  
77          2.8330e+09  8.8620e+12  2.8892e+00  6.5000e+02  6.2751e+11  2.4275e+00  6.5000e+02  7.7545e+06  2.8902e+00  6.5000e+02  9.8953e+03  2.0764e+00  6.5000e+02  7.7645e+06  2.8870e+00  6.5008e+02  
78          2.8368e+09  8.4056e+12  2.8986e+00  6.5000e+02  6.0059e+11  2.4128e+00  6.5000e+02  7.5714e+06  2.8996e+00  6.5000e+02  9.9010e+03  2.0308e+00  6.5000e+02  7.5814e+06  2.8974e+00  6.5008e+02  
79          2.8406e+09  7.9660e+12  3.1360e+00  6.5000e+02  5.7451e+11  2.6246e+00  6.5000e+02  7.3894e+06  3.1371e+00  6.5000e+02  9.9078e+03  2.2306e+00  6.5000e+02  7.3994e+06  3.1346e+00  6.5009e+02  
80          2.8445e+09  7.5429e+12  3.3100e+00  6.5000e+02  5.4925e+11  2.7712e+00  6.5000e+02  7.2084e+06  3.3113e+00  6.5000e+02  9.9141e+03  2.3626e+00  6.5000e+02  7.2183e+06  3.3086e+00  6.5009e+02  
81          2.8485e+09  7.1362e+12  3.5122e+00  6.5000e+02  5.2480e+11  2.9441e+00  6.5000e+02  7.0281e+06  3.5136e+00  6.5000e+02  9.9201e+03  2.5202e+00  6.5000e+02  7.0381e+06  3.5109e+00  6.5010e+02  
82          2.8525e+09  6.7454e+12  3.7242e+00  6.5000e+02  5.0113e+11  3.1248e+00  6.5000e+02  6.8485e+06  3.7259e+00  6.5000e+02  9.9260e+03  2.6849e+00  6.5000e+02  6.8585e+06  3.7230e+00  6.5010e+02  
83          2.8566e+09  6.3704e+12  3.9506e+00  6.5000e+02  4.7822e+11  3.3178e+00  6.5000e+02  6.6694e+06  3.9526e+00  6.5000e+02  9.9316e+03  2.8610e+00  6.5000e+02  6.6794e+06  3.9496e+00  6.5011e+02  
84          2.8608e+09  6.0108e+12  4.1918e+00  6.5000e+02  4.5607e+11  3.5231e+00  6.5000e+02  6.4907e+06  4.1940e+00  6.5000e+02  9.9370e+03  3.0486e+00  6.5000e+02  6.5007e+06  4.1909e+00  6.5011e+02  
85          2.8651e+09  5.6662e+12  4.4488e+00  6.5000e+02  4.3466e+11  3.7416e+00  6.5000e+02  6.3123e+06  4.4515e+00  6.5000e+02  9.9421e+03  3.2486e+00  6.5000e+02  6.3223e+06  4.4482e+00  6.5012e+02  
86          2.8694e+09  5.3364e+12  4.7229e+00  6.5000e+02  4.1397e+11  3.9744e+00  6.5000e+02  6.1344e+06  4.7259e+00  6.5000e+02  9.9471e+03  3.4619e+00  6.5000e+02  6.1443e+06  4.7225e+00  6.5012e+02  
87          2.8738e+09  5.0210e+12  5.0153e+00  6.5000e+02  3.9399e+11  4.2224e+00  6.5000e+02  5.9570e+06  5.0187e+00  6.5000e+02  9.9519e+03  3.6893e+00  6.5000e+02  5.9670e+06  5.0151e+00  6.5013e+02  
88          2.8782e+09  4.7197e+12  5.3272e+00  6.5000e+02  3.7470e+11  4.4867e+00  6.5000e+02  5.7807e+06  5.3311e+00  6.5000e+02  9.9564e+03  3.9320e+00  6.5000e+02  5.7907e+06  5.3273e+00  6.5013e+02  
89          2.8828e+09  4.4322e+12  5.6603e+00  6.5000e+02  3.5609e+11  4.7684e+00  6.5000e+02  5.6061e+06  5.6644e+00  6.5000e+02  9.9608e+03  4.1910e+00  6.5000e+02  5.6161e+06  5.6605e+00  6.5014e+02  
90          2.8874e+09  4.1580e+12  6.0159e+00  6.5000e+02  3.3815e+11  5.0688e+00  6.5000e+02  5.4341e+06  6.0203e+00  6.5000e+02  9.9650e+03  4.4675e+00  6.5000e+02  5.4441e+06  6.0162e+00  6.5015e+02  
91          2.8921e+09  3.8968e+12  6.3960e+00  6.5000e+02  3.2086e+11  5.3892e+00  6.5000e+02  5.2662e+06  6.4004e+00  6.5000e+02  9.9690e+03  4.7629e+00  6.5000e+02  5.2762e+06  6.3960e+00  6.5015e+02  
92          2.8968e+09  3.6482e+12  6.8023e+00  6.5000e+02  3.0421e+11  5.7312e+00  6.5000e+02  5.1041e+06  6.8063e+00  6.5000e+02  9.9728e+03  5.0787e+00  6.5000e+02  5.1141e+06  6.8016e+00  6.5016e+02  
93          2.9017e+09  3.4120e+12  7.2370e+00  6.5000e+02  2.8818e+11  6.0964e+00  6.5000e+02  4.9500e+06  7.2399e+00  6.5000e+02  9.9764e+03  5.4164e+00  6.5000e+02  4.9600e+06  7.2349e+00  6.5017e+02  
94          2.9066e+09  3.1876e+12  7.7022e+00  6.5000e+02  2.7278e+11  6.4865e+00  6.5000e+02  4.8069e+06  7.7032e+00  6.5000e+02  9.9799e+03  5.7779e+00  6.5000e+02  4.8169e+06  7.6979e+00  6.5018e+02  
95          2.9116e+09  2.9748e+12  8.2005e+00  6.5000e+02  2.5797e+11  6.9033e+00  6.5000e+02  4.6780e+06  8.1983e+00  6.5000e+02  9.9833e+03  6.1655e+00  6.5000e+02  4.6880e+06  8.1927e+00  6.5018e+02  
96          2.9168e+09  2.7732e+12  8.7345e+00  6.5000e+02  2.4375e+11  7.3492e+00  6.5000e+02  4.5673e+06  8.7275e+00  6.5000e+02  9.9865e+03  6.5815e+00  6.5000e+02  4.5773e+06  8.7215e+00  6.5019e+02  
97          2.9219e+09  2.5823e+12  9.3070e+00  6.5000e+02  2.3010e+11  7.8260e+00  6.5000e+02  4.4792e+06  9.2932e+00  6.5000e+02  9.9897e+03  7.0286e+00  6.5000e+02  4.4892e+06  9.2868e+00  6.5020e+02  
98          2.9272e+09  2.4018e+12  9.9226e+00  6.5000e+02  2.1702e+11  8.3378e+00  6.5000e+02  4.4187e+06  9.8994e+00  6.5000e+02  9.9922e+03  7.5269e+00  6.5000e+02  4.4287e+06  9.8927e+00  6.5020e+02  
99          2.9326e+09  2.2314e+12  1.0576e+01  6.5000e+02  2.0449e+11  8.8779e+00  6.5000e+02  4.3909e+06  1.0540e+01  6.5000e+02  9.9952e+03  7.9771e+00  6.5000e+02  4.4009e+06  1.0533e+01  6.5020e+02  
100         2.9380e+09  2.0707e+12  1.1323e+01  6.5000e+02  1.9250e+11  9.5020e+00  6.5000e+02  4.4011e+06  1.1271e+01  6.5000e+02  1.0201e+04  8.1760e+00  6.5000e+02  4.4113e+06  1.1263e+01  6.5020e+02  
101         2.9436e+09  1.9192e+12  1.1982e+01  6.5000e+02  1.8103e+11  1.0028e+01  6.5000e+02  4.4545e+06  1.1912e+01  6.5000e+02  1.1009e+04  8.1182e+00  6.5000e+02  4.4655e+06  1.1901e+01  6.5019e+02  
102         2.9492e+09  1.7767e+12  1.2975e+01  6.5000e+02  1.7007e+11  1.0874e+01  6.5000e+02  4.5555e+06  1.2883e+01  6.5000e+02  1.2422e+04  8.5463e+00  6.5000e+02  4.5679e+06  1.2870e+01  6.5018e+02  
103         2.9550e+09  1.6428e+12  1.3711e+01  6.5000e+02  1.5961e+11  1.1451e+01  6.5000e+02  4.7083e+06  1.3596e+01  6.5000e+02  1.4429e+04  8.8224e+00  6.5000e+02  4.7227e+06  1.3580e+01  6.5017e+02  
104         2.9608e+09  1.5170e+12  1.4728e+01  6.5000e+02  1.4963e+11  1.2294e+01  6.5000e+02  4.9161e+06  1.4586e+01  6.5000e+02  1.7126e+04  9.4114e+00  6.5000e+02  4.9332e+06  1.4567e+01  6.5016e+02  
105         2.9667e+09  1.3991e+12  1.5746e+01  6.5000e+02  1.4012e+11  1.3121e+01  6.5000e+02  5.1816e+06  1.5577e+01  6.5000e+02  2.0727e+04  1.0010e+01  6.5000e+02  5.2023e+06  1.5554e+01  6.5015e+02  
106         2.9728e+09  1.2887e+12  1.6865e+01  6.5000e+02  1.3108e+11  1.4031e+01  6.5000e+02  5.5067e+06  1.6668e+01  6.5000e+02  2.5551e+04  1.0725e+01  6.5000e+02  5.5322e+06  1.6639e+01  6.5014e+02  
107         2.9789e+09  1.1855e+12  1.8072e+01  6.5000e+02  1.2247e+11  1.5009e+01  6.5000e+02  5.8925e+06  1.7847e+01  6.5000e+02  3.2027e+04  1.1565e+01  6.5000e+02  5.9245e+06  1.7812e+01  6.5013e+02  
108         2.9851e+09  1.0891e+12  1.9381e+01  6.5000e+02  1.1430e+11  1.6067e+01  6.5000e+02  6.3393e+06  1.9128e+01  6.5000e+02  4.0697e+04  1.2562e+01  6.5000e+02  6.3800e+06  1.9085e+01  6.5012e+02  
109         2.9915e+09  9.9914e+11  2.0801e+01  6.5000e+02  1.0655e+11  1.7210e+01  6.5000e+02  6.8465e+06  2.0520e+01  6.5000e+02  5.2247e+04  1.3736e+01  6.5000e+02  6.8987e+06  2.0467e+01  6.5012e+02  
110         2.9979e+09  9.1539e+11  2.2343e+01  6.5000e+02  9.9205e+10  1.8448e+01  6.5000e+02  7.4123e+06  2.2034e+01  6.5000e+02  6.7529e+04  1.5101e+01  6.5000e+02  7.4799e+06  2.1970e+01  6.5011e+02  
111         3.0045e+09  8.3749e+11  2.4021e+01  6.5000e+02  9.2250e+10  1.9790e+01  6.5000e+02  8.0344e+06  2.3684e+01  6.5000e+02  8.7593e+04  1.6667e+01  6.5000e+02  8.1219e+06  2.3607e+01  6.5011e+02  
112         3.0111e+09  7.6514e+11  2.5848e+01  6.5000e+02  8.5674e+10  2.1247e+01  6.5000e+02  8.7091e+06  2.5483e+01  6.5000e+02  1.1373e+05  1.8442e+01  6.5000e+02  8.8228e+06  2.5391e+01  6.5010e+02  
113         3.0179e+09  6.9804e+11  2.7841e+01  6.5000e+02  7.9463e+10  2.2830e+01  6.5000e+02  9.4323e+06  2.7447e+01  6.5000e+02  1.4749e+05  2.0435e+01  6.5000e+02  9.5798e+06  2.7338e+01  6.5010e+02  
114         3.0248e+09  6.3590e+11  3.0018e+01  6.5000e+02  7.3605e+10  2.4554e+01  6.5000e+02  1.0199e+07  2.9594e+01  6.5000e+02  1.9077e+05  2.2654e+01  6.5000e+02  1.0390e+07  2.9465e+01  6.5010e+02  
115         3.0318e+09  5.7843e+11  3.2400e+01  6.5000e+02  6.8086e+10  2.6433e+01  6.5000e+02  1.1003e+07  3.1942e+01  6.5000e+02  2.4584e+05  2.5110e+01  6.5000e+02  1.1249e+07  3.1791e+01  6.5009e+02  
116         3.0389e+09  5.2537e+11  3.5008e+01  6.5000e+02  6.2894e+10  2.8485e+01  6.5000e+02  1.1838e+07  3.4514e+01  6.5000e+02  3.1539e+05  2.7819e+01  6.5000e+02  1.2154e+07  3.4339e+01  6.5009e+02  
117         3.0462e+09  4.7645e+11  3.7871e+01  6.5000e+02  5.8016e+10  3.0728e+01  6.5000e+02  1.2698e+07  3.7335e+01  6.5000e+02  4.0261e+05  3.0797e+01  6.5000e+02  1.3101e+07  3.7133e+01  6.5009e+02  
118         3.0536e+09  4.3142e+11  4.1016e+01  6.5000e+02  5.3438e+10  3.3185e+01  6.5000e+02  1.3576e+07  4.0434e+01  6.5000e+02  5.1128e+05  3.4066e+01  6.5000e+02  1.4087e+07  4.0202e+01  6.5009e+02  
119         3.0611e+09  3.9003e+11  4.4479e+01  6.5000e+02  4.9149e+10  3.5880e+01  6.5000e+02  1.4463e+07  4.3842e+01  6.5000e+02  6.4579e+05  3.7653e+01  6.5000e+02  1.5109e+07  4.3576e+01  6.5009e+02  
120         3.0687e+09  3.5205e+11  4.8297e+01  6.5000e+02  4.5137e+10  3.8842e+01  6.5000e+02  1.5352e+07  4.7594e+01  6.5000e+02  8.1128e+05  4.1589e+01  6.5000e+02  1.6164e+07  4.7291e+01  6.5009e+02  
121         3.0764e+09  3.1726e+11  5.2514e+01  6.5000e+02  4.1388e+10  4.2101e+01  6.5000e+02  1.6236e+07  5.1733e+01  6.5000e+02  1.0137e+06  4.5909e+01  6.5000e+02  1.7250e+07  5.1389e+01  6.5008e+02  
122         3.0843e+09  2.8544e+11  5.7179e+01  6.5000e+02  3.7891e+10  4.5695e+01  6.5000e+02  1.7106e+07  5.6302e+01  6.5000e+02  1.2600e+06  5.0658e+01  6.5000e+02  1.8366e+07  5.5913e+01  6.5008e+02  
123         3.0923e+09  2.5639e+11  6.2352e+01  6.5000e+02  3.4635e+10  4.9668e+01  6.5000e+02  1.7953e+07  6.1358e+01  6.5000e+02  1.5581e+06  5.5887e+01  6.5000e+02  1.9511e+07  6.0920e+01  6.5008e+02  
124         3.1005e+09  2.2990e+11  6.8082e+01  6.5000e+02  3.1607e+10  5.4049e+01  6.5000e+02  1.8769e+07  6.6941e+01  6.5000e+02  1.9168e+06  6.1636e+01  6.5000e+02  2.0685e+07  6.6448e+01  6.5008e+02  
125         3.1088e+09  2.0580e+11  7.4606e+01  6.5000e+02  2.8797e+10  5.9058e+01  6.5000e+02  1.9545e+07  7.3283e+01  6.5000e+02  2.3462e+06  6.8137e+01  6.5000e+02  2.1891e+07  7.2730e+01  6.5008e+02  
126         3.1172e+09  1.8391e+11  8.1297e+01  6.5000e+02  2.6192e+10  6.4041e+01  6.5000e+02  2.0271e+07  7.9744e+01  6.5000e+02  2.8568e+06  7.4749e+01  6.5000e+02  2.3128e+07  7.9125e+01  6.5008e+02  
127         3.1258e+09  1.6406e+11  9.1587e+01  6.5000e+02  2.3783e+10  7.2405e+01  6.5000e+02  2.0940e+07  8.9746e+01  6.5000e+02  3.4592e+06  8.4895e+01  6.5000e+02  2.4399e+07  8.9056e+01  6.5008e+02  
128         3.1345e+09  1.4609e+11  1.1016e+02  6.5000e+02  2.1558e+10  8.8813e+01  6.5000e+02  2.1542e+07  1.0796e+02  6.5000e+02  4.1627e+06  1.0325e+02  6.5000e+02  2.5705e+07  1.0719e+02  6.5008e+02  
129         3.1433e+09  1.2982e+11  1.1935e+02  6.5022e+02  1.9494e+10  9.5597e+01  6.5022e+02  2.2065e+07  1.1669e+02  6.5022e+02  4.9723e+06  1.1211e+02  6.5023e+02  2.7038e+07  1.1584e+02  6.5030e+02  
130         3.1523e+09  1.1502e+11  1.1911e+02  6.5135e+02  1.7559e+10  9.2677e+01  6.5135e+02  2.2494e+07  1.1586e+02  6.5136e+02  5.8861e+06  1.1141e+02  6.5136e+02  2.8381e+07  1.1493e+02  6.5143e+02  
131         3.1615e+09  1.0154e+11  1.2606e+02  6.5402e+02  1.5735e+10  9.6604e+01  6.5402e+02  2.2821e+07  1.2207e+02  6.5402e+02  6.8969e+06  1.1771e+02  6.5403e+02  2.9718e+07  1.2105e+02  6.5410e+02  
132         3.1708e+09  8.9282e+10  1.3512e+02  6.5885e+02  1.4016e+10  1.0220e+02  6.5885e+02  2.3042e+07  1.3018e+02  6.5886e+02  7.9920e+06  1.2589e+02  6.5886e+02  3.1034e+07  1.2907e+02  6.5894e+02  
133         3.1803e+09  7.8160e+10  1.4945e+02  6.6643e+02  1.2404e+10  1.1256e+02  6.6643e+02  2.3162e+07  1.4333e+02  6.6644e+02  9.1524e+06  1.3907e+02  6.6644e+02  3.2315e+07  1.4212e+02  6.6652e+02  
134         3.1899e+09  6.8120e+10  1.6878e+02  6.7733e+02  1.0907e+10  1.2730e+02  6.7733e+02  2.3189e+07  1.6120e+02  6.7734e+02  1.0354e+07  1.5692e+02  6.7734e+02  3.3543e+07  1.5988e+02  6.7742e+02  
135         3.1997e+09  5.9116e+10  1.9423e+02  6.9206e+02  9.5295e+09  1.4742e+02  6.9206e+02  2.3134e+07  1.8485e+02  6.9207e+02  1.1568e+07  1.8050e+02  6.9207e+02  3.4702e+07  1.8340e+02  6.9215e+02  
136         3.2097e+09  5.1099e+10  2.2629e+02  7.1111e+02  8.2784e+09  1.7327e+02  7.1111e+02  2.3009e+07  2.1471e+02  7.1113e+02  1.2764e+07  2.1025e+02  7.1113e+02  3.5773e+07  2.1312e+02  7.1121e+02  
137         3.2198e+09  4.4017e+10  2.6559e+02  7.3493e+02  7.1562e+09  2.0538e+02  7.3493e+02  2.2827e+07  2.5139e+02  7.3494e+02  1.3912e+07  2.4674e+02  7.3495e+02  3.6739e+07  2.4963e+02  7.3503e+02  
138         3.2301e+09  3.7814e+10  3.1256e+02  7.6386e+02  6.1621e+09  2.4402e+02  7.6386e+02  2.2600e+07  2.9523e+02  7.6388e+02  1.4985e+07  2.9035e+02  7.6388e+02  3.7585e+07  2.9328e+02  7.6397e+02  
139         3.2406e+09  3.2424e+10  3.6749e+02  7.9818e+02  5.2921e+09  2.8933e+02  7.9817e+02  2.2337e+07  3.4651e+02  7.9820e+02  1.5960e+07  3.4130e+02  7.9820e+02  3.8297e+07  3.4434e+02  7.9829e+02  
140         3.2512e+09  2.7778e+10  4.3049e+02  8.3802e+02  4.5390e+09  3.4128e+02  8.3802e+02  2.2046e+07  4.0528e+02  8.3804e+02  1.6823e+07  3.9968e+02  8.3804e+02  3.8869e+07  4.0285e+02  8.3814e+02  
141         3.2620e+09  2.3800e+10  5.0150e+02  8.8337e+02  3.8933e+09  3.9971e+02  8.8337e+02  2.1735e+07  4.7147e+02  8.8340e+02  1.7565e+07  4.6539e+02  8.8340e+02  3.9299e+07  4.6875e+02  8.8350e+02  
142         3.2730e+09  2.0417e+10  5.8032e+02  9.3405e+02  3.3442e+09  4.6432e+02  9.3405e+02  2.1407e+07  5.4487e+02  9.3408e+02  1.8183e+07  5.3823e+02  9.3408e+02  3.9590e+07  5.4182e+02  9.3418e+02  
143         3.2842e+09  1.7554e+10  6.6665e+02  9.8967e+02  2.8801e+09  5.3478e+02  9.8967e+02  2.1068e+07  6.2521e+02  9.8971e+02  1.8682e+07  6.1792e+02  9.8971e+02  3.9750e+07  6.2178e+02  9.8982e+02  
144         3.2956e+09  1.5141e+10  7.6010e+02  1.0497e+03  2.4895e+09  6.1074e+02  1.0497e+03  2.0720e+07  7.1217e+02  1.0497e+03  1.9069e+07  7.0413e+02  1.0497e+03  3.9789e+07  7.0831e+02  1.0498e+03  
145         3.3072e+09  1.3113e+10  8.6030e+02  1.1133e+03  2.1617e+09  6.9191e+02  1.1133e+03  2.0368e+07  8.0541e+02  1.1134e+03  1.9354e+07  7.9656e+02  1.1134e+03  3.9722e+07  8.0110e+02  1.1135e+03  
146         3.3190e+09  1.1411e+10  9.6684e+02  1.1797e+03  1.8866e+09  7.7809e+02  1.1797e+03  2.0014e+07  9.0468e+02  1.1798e+03  1.9549e+07  8.9494e+02  1.1798e+03  3.9563e+07  8.9987e+02  1.1799e+03  
147         3.3309e+09  9.9824e+09  1.0794e+03  1.2479e+03  1.6555e+09  8.6916e+02  1.2479e+03  1.9661e+07  1.0098e+03  1.2480e+03  1.9666e+07  9.9908e+02  1.2480e+03  3.9327e+07  1.0044e+03  1.2481e+03  
148         3.3431e+09  8.7825e+09  1.1977e+03  1.3170e+03  1.4610e+09  9.6510e+02  1.3170e+03  1.9312e+07  1.1204e+03  1.3170e+03  1.9715e+07  1.1088e+03  1.3170e+03  3.9027e+07  1.1146e+03  1.3172e+03  
149         3.3555e+09  7.7722e+09  1.3214e+03  1.3859e+03  1.2965e+09  1.0659e+03  1.3859e+03  1.8968e+07  1.2366e+03  1.3860e+03  1.9707e+07  1.2241e+03  1.3860e+03  3.8675e+07  1.2302e+03  1.3861e+03  
150         3.3681e+09  6.9186e+09  1.4504e+03  1.4539e+03  1.1569e+09  1.1716e+03  1.4539e+03  1.8632e+07  1.3583e+03  1.4539e+03  1.9649e+07  1.3447e+03  1.4540e+03  3.8281e+07  1.3513e+03  1.4541e+03  
151         3.3809e+09  6.1942e+09  1.5847e+03  1.5202e+03  1.0376e+09  1.2824e+03  1.5202e+03  1.8304e+07  1.4853e+03  1.5203e+03  1.9551e+07  1.4708e+03  1.5203e+03  3.7855e+07  1.4778e+03  1.5204e+03  
152         3.3939e+09  5.5762e+09  1.7241e+03  1.5844e+03  9.3520e+08  1.3981e+03  1.5844e+03  1.7986e+07  1.6177e+03  1.5844e+03  1.9417e+07  1.6024e+03  1.5844e+03  3.7404e+07  1.6097e+03  1.5846e+03  
153         3.4071e+09  5.0459e+09  1.8687e+03  1.6459e+03  8.4669e+08  1.5189e+03  1.6459e+03  1.7679e+07  1.7555e+03  1.6460e+03  1.9254e+07  1.7393e+03  1.6460e+03  3.6933e+07  1.7471e+03  1.6462e+03  
154         3.4206e+09  4.5880e+09  2.0185e+03  1.7047e+03  7.6973e+08  1.6448e+03  1.7047e+03  1.7382e+07  1.8987e+03  1.7048e+03  1.9066e+07  1.8818e+03  1.7048e+03  3.6448e+07  1.8899e+03  1.7049e+03  
155         3.4342e+09  4.1900e+09  2.1736e+03  1.7605e+03  7.0240e+08  1.7758e+03  1.7605e+03  1.7096e+07  2.0474e+03  1.7606e+03  1.8857e+07  2.0297e+03  1.7606e+03  3.5952e+07  2.0381e+03  1.7607e+03  
156         3.4482e+09  3.8418e+09  2.3341e+03  1.8134e+03  6.4314e+08  1.9119e+03  1.8134e+03  1.6819e+07  2.2017e+03  1.8134e+03  1.8629e+07  2.1833e+03  1.8135e+03  3.5449e+07  2.1920e+03  1.8136e+03  
157         3.4623e+09  3.5352e+09  2.5001e+03  1.8634e+03  5.9070e+08  2.0532e+03  1.8634e+03  1.6553e+07  2.3616e+03  1.8635e+03  1.8387e+07  2.3425e+03  1.8635e+03  3.4940e+07  2.3515e+03  1.8636e+03  
158         3.4767e+09  3.2634e+09  2.6717e+03  1.9106e+03  5.4405e+08  2.1998e+03  1.9106e+03  1.6295e+07  2.5272e+03  1.9107e+03  1.8132e+07  2.5075e+03  1.9107e+03  3.4427e+07  2.5168e+03  1.9109e+03  
159         3.4913e+09  3.0213e+09  2.8491e+03  1.9553e+03  5.0234e+08  2.3518e+03  1.9553e+03  1.6046e+07  2.6986e+03  1.9554e+03  1.7866e+07  2.6783e+03  1.9554e+03  3.3912e+07  2.6879e+03  1.9556e+03  
160         3.5062e+09  2.8042e+09  3.0324e+03  1.9975e+03  4.6488e+08  2.5091e+03  1.9975e+03  1.5804e+07  2.8760e+03  1.9976e+03  1.7591e+07  2.8552e+03  1.9976e+03  3.3395e+07  2.8650e+03  1.9978e+03  
161         3.5213e+09  2.6087e+09  3.2218e+03  2.0375e+03  4.3109e+08  2.6720e+03  2.0375e+03  1.5570e+07  3.0594e+03  2.0376e+03  1.7308e+07  3.0381e+03  2.0376e+03  3.2878e+07  3.0482e+03  2.0378e+03  
162         3.5367e+09  2.4317e+09  3.4173e+03  2.0753e+03  4.0049e+08  2.8405e+03  2.0753e+03  1.5341e+07  3.2491e+03  2.0754e+03  1.7020e+07  3.2273e+03  2.0754e+03  3.2361e+07  3.2376e+03  2.0756e+03  
163         3.5523e+09  2.2709e+09  3.6192e+03  2.1112e+03  3.7270e+08  3.0148e+03  2.1112e+03  1.5118e+07  3.4451e+03  2.1113e+03  1.6726e+07  3.4228e+03  2.1113e+03  3.1844e+07  3.4334e+03  2.1115e+03  
164         3.5682e+09  2.1242e+09  3.8275e+03  2.1452e+03  3.4736e+08  3.1950e+03  2.1452e+03  1.4900e+07  3.6476e+03  2.1453e+03  1.6429e+07  3.6249e+03  2.1453e+03  3.1329e+07  3.6357e+03  2.1455e+03  
165         3.5844e+09  1.9899e+09  4.0425e+03  2.1775e+03  3.2420e+08  3.3813e+03  2.1775e+03  1.4687e+07  3.8567e+03  2.1776e+03  1.6128e+07  3.8336e+03  2.1776e+03  3.0816e+07  3.8446e+03  2.1778e+03  
166         3.6008e+09  1.8666e+09  4.2642e+03  2.2082e+03  3.0297e+08  3.5737e+03  2.2082e+03  1.4478e+07  4.0726e+03  2.2083e+03  1.5826e+07  4.0491e+03  2.2083e+03  3.0304e+07  4.0603e+03  2.2085e+03  
167         3.6176e+09  1.7531e+09  4.4928e+03  2.2374e+03  2.8347e+08  3.7724e+03  2.2373e+03  1.4272e+07  4.2954e+03  2.2375e+03  1.5522e+07  4.2716e+03  2.2375e+03  2.9794e+07  4.2830e+03  2.2377e+03  
168         3.6346e+09  1.6483e+09  4.7285e+03  2.2651e+03  2.6550e+08  3.9776e+03  2.2650e+03  1.4070e+07  4.5254e+03  2.2652e+03  1.5217e+07  4.5012e+03  2.2652e+03  2.9287e+07  4.5128e+03  2.2654e+03  
169         3.6519e+09  1.5513e+09  4.9715e+03  2.2914e+03  2.4893e+08  4.1895e+03  2.2914e+03  1.3871e+07  4.7626e+03  2.2915e+03  1.4912e+07  4.7381e+03  2.2915e+03  2.8783e+07  4.7499e+03  2.2917e+03  
170         3.6694e+09  1.4614e+09  5.2219e+03  2.3164e+03  2.3360e+08  4.4082e+03  2.3164e+03  1.3674e+07  5.0073e+03  2.3165e+03  1.4607e+07  4.9824e+03  2.3165e+03  2.8282e+07  4.9944e+03  2.3167e+03  
171         3.6873e+09  1.3780e+09  5.4798e+03  2.3401e+03  2.1941e+08  4.6338e+03  2.3401e+03  1.3480e+07  5.2596e+03  2.3402e+03  1.4303e+07  5.2344e+03  2.3403e+03  2.7784e+07  5.2466e+03  2.3405e+03  
172         3.7055e+09  1.3003e+09  5.7455e+03  2.3627e+03  2.0625e+08  4.8665e+03  2.3626e+03  1.3288e+07  5.5196e+03  2.3628e+03  1.4001e+07  5.4942e+03  2.3628e+03  2.7289e+07  5.5066e+03  2.3630e+03  
173         3.7240e+09  1.2279e+09  6.0192e+03  2.3840e+03  1.9402e+08  5.1066e+03  2.3839e+03  1.3098e+07  5.7877e+03  2.3841e+03  1.3699e+07  5.7621e+03  2.3841e+03  2.6798e+07  5.7746e+03  2.3843e+03  
174         3.7428e+09  1.1604e+09  6.3010e+03  2.4042e+03  1.8264e+08  5.3541e+03  2.4041e+03  1.2910e+07  6.0640e+03  2.4043e+03  1.3400e+07  6.0381e+03  2.4043e+03  2.6310e+07  6.0508e+03  2.4045e+03  
175         3.7619e+09  1.0973e+09  6.5911e+03  2.4232e+03  1.7205e+08  5.6093e+03  2.4232e+03  1.2724e+07  6.3486e+03  2.4233e+03  1.3103e+07  6.3225e+03  2.4233e+03  2.5827e+07  6.3353e+03  2.4236e+03  
176         3.7813e+09  1.0382e+09  6.8898e+03  2.4412e+03  1.6216e+08  5.8723e+03  2.4411e+03  1.2539e+07  6.6418e+03  2.4413e+03  1.2808e+07  6.6155e+03  2.4413e+03  2.5347e+07  6.6285e+03  2.4416e+03  
177         3.8011e+09  9.8287e+08  7.1973e+03  2.4581e+03  1.5294e+08  6.1434e+03  2.4581e+03  1.2356e+07  6.9438e+03  2.4582e+03  1.2516e+07  6.9173e+03  2.4583e+03  2.4872e+07  6.9305e+03  2.4585e+03  
178         3.8212e+09  9.3097e+08  7.5137e+03  2.4740e+03  1.4431e+08  6.4227e+03  2.4740e+03  1.2174e+07  7.2548e+03  2.4742e+03  1.2227e+07  7.2282e+03  2.4742e+03  2.4401e+07  7.2414e+03  2.4744e+03  
179         3.8416e+09  8.8224e+08  7.8393e+03  2.4889e+03  1.3624e+08  6.7104e+03  2.4889e+03  1.1993e+07  7.5750e+03  2.4891e+03  1.1941e+07  7.5482e+03  2.4891e+03  2.3934e+07  7.5616e+03  2.4893e+03  
180         3.8624e+09  8.3644e+08  8.1743e+03  2.5028e+03  1.2868e+08  7.0068e+03  2.5028e+03  1.1813e+07  7.9047e+03  2.5030e+03  1.1658e+07  7.8778e+03  2.5030e+03  2.3472e+07  7.8913e+03  2.5032e+03  
181         3.8835e+09  7.9336e+08  8.5189e+03  2.5158e+03  1.2160e+08  7.3121e+03  2.5157e+03  1.1635e+07  8.2440e+03  2.5159e+03  1.1379e+07  8.2170e+03  2.5160e+03  2.3014e+07  8.2307e+03  2.5162e+03  
182         3.9050e+09  7.5280e+08  8.8735e+03  2.5278e+03  1.1495e+08  7.6264e+03  2.5278e+03  1.1457e+07  8.5933e+03  2.5280e+03  1.1103e+07  8.5662e+03  2.5280e+03  2.2560e+07  8.5800e+03  2.5282e+03  
183         3.9269e+09  7.1458e+08  9.2382e+03  2.5389e+03  1.0871e+08  7.9501e+03  2.5389e+03  1.1280e+07  8.9528e+03  2.5391e+03  1.0831e+07  8.9256e+03  2.5391e+03  2.2111e+07  8.9395e+03  2.5393e+03  
184         3.9491e+09  6.7854e+08  9.6133e+03  2.5492e+03  1.0285e+08  8.2833e+03  2.5491e+03  1.1104e+07  9.3227e+03  2.5493e+03  1.0563e+07  9.2955e+03  2.5493e+03  2.1667e+07  9.3094e+03  2.5496e+03  
185         3.9717e+09  6.4452e+08  9.9991e+03  2.5585e+03  9.7331e+07  8.6263e+03  2.5584e+03  1.0929e+07  9.7033e+03  2.5587e+03  1.0299e+07  9.6760e+03  2.5587e+03  2.1228e+07  9.6901e+03  2.5589e+03  
186         3.9946e+09  6.1240e+08  1.0396e+04  2.5670e+03  9.2142e+07  8.9794e+03  2.5669e+03  1.0755e+07  1.0095e+04  2.5672e+03  1.0038e+07  1.0068e+04  2.5672e+03  2.0793e+07  1.0082e+04  2.5674e+03  
187         4.0180e+09  5.8205e+08  1.0804e+04  2.5747e+03  8.7256e+07  9.3427e+03  2.5746e+03  1.0581e+07  1.0498e+04  2.5748e+03  9.7818e+06  1.0470e+04  2.5748e+03  2.0363e+07  1.0485e+04  2.5751e+03  
188         4.0418e+09  5.5334e+08  1.1223e+04  2.5815e+03  8.2653e+07  9.7166e+03  2.5814e+03  1.0408e+07  1.0912e+04  2.5817e+03  9.5297e+06  1.0885e+04  2.5817e+03  1.9938e+07  1.0899e+04  2.5819e+03  
189         4.0659e+09  5.2619e+08  1.1655e+04  2.5875e+03  7.8314e+07  1.0101e+04  2.5874e+03  1.0236e+07  1.1338e+04  2.5877e+03  9.2817e+06  1.1311e+04  2.5877e+03  1.9517e+07  1.1325e+04  2.5879e+03  
190         4.0905e+09  5.0048e+08  1.2098e+04  2.5928e+03  7.4222e+07  1.0497e+04  2.5927e+03  1.0064e+07  1.1777e+04  2.5929e+03  9.0379e+06  1.1749e+04  2.5929e+03  1.9102e+07  1.1764e+04  2.5932e+03  
191         4.1154e+09  4.7614e+08  1.2554e+04  2.5972e+03  7.0360e+07  1.0904e+04  2.5971e+03  9.8928e+06  1.2227e+04  2.5974e+03  8.7983e+06  1.2200e+04  2.5974e+03  1.8691e+07  1.2214e+04  2.5977e+03  
192         4.1408e+09  4.5307e+08  1.3022e+04  2.6010e+03  6.6713e+07  1.1323e+04  2.6008e+03  9.7224e+06  1.2691e+04  2.6011e+03  8.5630e+06  1.2663e+04  2.6012e+03  1.8285e+07  1.2678e+04  2.6014e+03  
193         4.1667e+09  4.3120e+08  1.3504e+04  2.6039e+03  6.3269e+07  1.1754e+04  2.6038e+03  9.5527e+06  1.3167e+04  2.6041e+03  8.3321e+06  1.3140e+04  2.6041e+03  1.7885e+07  1.3155e+04  2.6044e+03  
194         4.1929e+09  4.1045e+08  1.3999e+04  2.6062e+03  6.0014e+07  1.2197e+04  2.6061e+03  9.3836e+06  1.3657e+04  2.6064e+03  8.1054e+06  1.3630e+04  2.6064e+03  1.7489e+07  1.3645e+04  2.6066e+03  
195         4.2196e+09  3.9077e+08  1.4507e+04  2.6078e+03  5.6937e+07  1.2653e+04  2.6076e+03  9.2152e+06  1.4161e+04  2.6079e+03  7.8831e+06  1.4134e+04  2.6080e+03  1.7098e+07  1.4148e+04  2.6082e+03  
196         4.2468e+09  3.7209e+08  1.5030e+04  2.6086e+03  5.4027e+07  1.3121e+04  2.6084e+03  9.0475e+06  1.4679e+04  2.6088e+03  7.6650e+06  1.4652e+04  2.6088e+03  1.6713e+07  1.4666e+04  2.6091e+03  
197         4.2744e+09  3.5435e+08  1.5568e+04  2.6088e+03  5.1273e+07  1.3603e+04  2.6086e+03  8.8806e+06  1.5211e+04  2.6090e+03  7.4513e+06  1.5184e+04  2.6090e+03  1.6332e+07  1.5199e+04  2.6092e+03  
198         4.3025e+09  3.3750e+08  1.6120e+04  2.6083e+03  4.8668e+07  1.4098e+04  2.6081e+03  8.7143e+06  1.5758e+04  2.6085e+03  7.2419e+06  1.5731e+04  2.6085e+03  1.5956e+07  1.5746e+04  2.6088e+03  
199         4.3310e+09  3.2149e+08  1.6687e+04  2.6072e+03  4.6200e+07  1.4607e+04  2.6070e+03  8.5489e+06  1.6321e+04  2.6074e+03  7.0367e+06  1.6294e+04  2.6074e+03  1.5586e+07  1.6308e+04  2.6076e+03  
200         4.3600e+09  3.0627e+08  1.7270e+04  2.6054e+03  4.3864e+07  1.5131e+04  2.6052e+03  8.3843e+06  1.6899e+04  2.6056e+03  6.8359e+06  1.6872e+04  2.6056e+03  1.5220e+07  1.6886e+04  2.6059e+03  
201         4.3896e+09  2.9180e+08  1.7869e+04  2.6030e+03  4.1650e+07  1.5669e+04  2.6028e+03  8.2205e+06  1.7493e+04  2.6032e+03  6.6392e+06  1.7466e+04  2.6032e+03  1.4860e+07  1.7481e+04  2.6035e+03  
202         4.4196e+09  2.7804e+08  1.8485e+04  2.6000e+03  3.9553e+07  1.6222e+04  2.5998e+03  8.0577e+06  1.8103e+04  2.6002e+03  6.4468e+06  1.8076e+04  2.6002e+03  1.4505e+07  1.8091e+04  2.6005e+03  
203         4.4501e+09  2.6495e+08  1.9117e+04  2.5964e+03  3.7564e+07  1.6791e+04  2.5962e+03  7.8958e+06  1.8730e+04  2.5966e+03  6.2586e+06  1.8704e+04  2.5966e+03  1.4154e+07  1.8718e+04  2.5969e+03  
204         4.4811e+09  2.5250e+08  1.9766e+04  2.5922e+03  3.5679e+07  1.7375e+04  2.5920e+03  7.7348e+06  1.9375e+04  2.5925e+03  6.0746e+06  1.9348e+04  2.5925e+03  1.3809e+07  1.9363e+04  2.5927e+03  
205         4.5127e+09  2.4064e+08  2.0434e+04  2.5875e+03  3.3891e+07  1.7975e+04  2.5872e+03  7.5750e+06  2.0037e+04  2.5877e+03  5.8947e+06  2.0011e+04  2.5877e+03  1.3470e+07  2.0025e+04  2.5880e+03  
206         4.5448e+09  2.2936e+08  2.1119e+04  2.5822e+03  3.2196e+07  1.8592e+04  2.5819e+03  7.4162e+06  2.0718e+04  2.5824e+03  5.7188e+06  2.0691e+04  2.5824e+03  1.3135e+07  2.0706e+04  2.5827e+03  
207         4.5774e+09  2.1862e+08  2.1824e+04  2.5763e+03  3.0587e+07  1.9226e+04  2.5760e+03  7.2585e+06  2.1417e+04  2.5766e+03  5.5470e+06  2.1390e+04  2.5766e+03  1.2806e+07  2.1405e+04  2.5769e+03  
208         4.6106e+09  2.0839e+08  2.2547e+04  2.5700e+03  2.9060e+07  1.9878e+04  2.5697e+03  7.1021e+06  2.2135e+04  2.5702e+03  5.3792e+06  2.2109e+04  2.5703e+03  1.2481e+07  2.2124e+04  2.5705e+03  
209         4.6443e+09  1.9864e+08  2.3290e+04  2.5631e+03  2.7611e+07  2.0547e+04  2.5628e+03  6.9469e+06  2.2873e+04  2.5634e+03  5.2154e+06  2.2847e+04  2.5634e+03  1.2162e+07  2.2861e+04  2.5636e+03  
210         4.6786e+09  1.8936e+08  2.4053e+04  2.5557e+03  2.6236e+07  2.1235e+04  2.5554e+03  6.7930e+06  2.3631e+04  2.5560e+03  5.0554e+06  2.3605e+04  2.5560e+03  1.1848e+07  2.3620e+04  2.5563e+03  
211         4.7135e+09  1.8052e+08  2.4837e+04  2.5478e+03  2.4930e+07  2.1942e+04  2.5475e+03  6.6404e+06  2.4409e+04  2.5481e+03  4.8993e+06  2.4383e+04  2.5481e+03  1.1540e+07  2.4398e+04  2.5484e+03  
212         4.7490e+09  1.7209e+08  2.5642e+04  2.5395e+03  2.3690e+07  2.2668e+04  2.5391e+03  6.4893e+06  2.5209e+04  2.5398e+03  4.7471e+06  2.5183e+04  2.5398e+03  1.1236e+07  2.5198e+04  2.5400e+03  
213         4.7851e+09  1.6406e+08  2.6469e+04  2.5307e+03  2.2513e+07  2.3413e+04  2.5303e+03  6.3396e+06  2.6031e+04  2.5310e+03  4.5985e+06  2.6005e+04  2.5310e+03  1.0938e+07  2.6020e+04  2.5312e+03  
214         4.8218e+09  1.5641e+08  2.7318e+04  2.5214e+03  2.1394e+07  2.4179e+04  2.5210e+03  6.1915e+06  2.6874e+04  2.5217e+03  4.4537e+06  2.6849e+04  2.5217e+03  1.0645e+07  2.6864e+04  2.5220e+03  
215         4.8591e+09  1.4911e+08  2.8190e+04  2.5117e+03  2.0332e+07  2.4966e+04  2.5113e+03  6.0449e+06  2.7741e+04  2.5120e+03  4.3126e+06  2.7716e+04  2.5120e+03  1.0357e+07  2.7730e+04  2.5123e+03  
216         4.8970e+09  1.4216e+08  2.9086e+04  2.5016e+03  1.9322e+07  2.5774e+04  2.5011e+03  5.8999e+06  2.8631e+04  2.5019e+03  4.1750e+06  2.8606e+04  2.5019e+03  1.0075e+07  2.8621e+04  2.5022e+03  
217         4.9356e+09  1.3552e+08  3.0006e+04  2.4910e+03  1.8363e+07  2.6604e+04  2.4905e+03  5.7565e+06  2.9545e+04  2.4914e+03  4.0410e+06  2.9520e+04  2.4914e+03  9.7975e+06  2.9535e+04  2.4916e+03  
218         4.9748e+09  1.2920e+08  3.0950e+04  2.4801e+03  1.7452e+07  2.7457e+04  2.4796e+03  5.6149e+06  3.0484e+04  2.4804e+03  3.9104e+06  3.0459e+04  2.4804e+03  9.5253e+06  3.0474e+04  2.4807e+03  
219         5.0147e+09  1.2317e+08  3.1920e+04  2.4687e+03  1.6586e+07  2.8332e+04  2.4682e+03  5.4750e+06  3.1448e+04  2.4691e+03  3.7833e+06  3.1423e+04  2.4691e+03  9.2583e+06  3.1438e+04  2.4694e+03  
220         5.0552e+09  1.1742e+08  3.2915e+04  2.4570e+03  1.5763e+07  2.9232e+04  2.4565e+03  5.3369e+06  3.2438e+04  2.4574e+03  3.6596e+06  3.2413e+04  2.4574e+03  8.9965e+06  3.2428e+04  2.4577e+03  
221         5.0965e+09  1.1194e+08  3.3938e+04  2.4449e+03  1.4981e+07  3.0155e+04  2.4444e+03  5.2007e+06  3.3454e+04  2.4453e+03  3.5392e+06  3.3430e+04  2.4453e+03  8.7398e+06  3.3445e+04  2.4456e+03  
222         5.1384e+09  1.0671e+08  3.4988e+04  2.4325e+03  1.4237e+07  3.1103e+04  2.4319e+03  5.0663e+06  3.4498e+04  2.4329e+03  3.4220e+06  3.4474e+04  2.4329e+03  8.4883e+06  3.4488e+04  2.4332e+03  
223         5.1810e+09  1.0173e+08  3.6065e+04  2.4197e+03  1.3530e+07  3.2077e+04  2.4191e+03  4.9338e+06  3.5570e+04  2.4202e+03  3.3080e+06  3.5546e+04  2.4202e+03  8.2418e+06  3.5560e+04  2.4204e+03  
224         5.2244e+09  9.6971e+07  3.7172e+04  2.4066e+03  1.2858e+07  3.3076e+04  2.4060e+03  4.8033e+06  3.6671e+04  2.4071e+03  3.1972e+06  3.6646e+04  2.4071e+03  8.0005e+06  3.6661e+04  2.4074e+03  
225         5.2685e+09  9.2435e+07  3.8308e+04  2.3932e+03  1.2220e+07  3.4103e+04  2.3925e+03  4.6748e+06  3.7801e+04  2.3937e+03  3.0894e+06  3.7776e+04  2.3937e+03  7.7642e+06  3.7791e+04  2.3940e+03  
226         5.3133e+09  8.8108e+07  3.9474e+04  2.3795e+03  1.1612e+07  3.5157e+04  2.3788e+03  4.5483e+06  3.8961e+04  2.3800e+03  2.9847e+06  3.8937e+04  2.3800e+03  7.5329e+06  3.8951e+04  2.3803e+03  
227         5.3589e+09  8.3980e+07  4.0671e+04  2.3655e+03  1.1035e+07  3.6238e+04  2.3647e+03  4.4238e+06  4.0152e+04  2.3660e+03  2.8829e+06  4.0128e+04  2.3660e+03  7.3067e+06  4.0142e+04  2.3663e+03  
228         5.4053e+09  8.0043e+07  4.1900e+04  2.3512e+03  1.0486e+07  3.7349e+04  2.3504e+03  4.3014e+06  4.1374e+04  2.3517e+03  2.7840e+06  4.1350e+04  2.3517e+03  7.0854e+06  4.1365e+04  2.3520e+03  
229         5.4524e+09  7.6288e+07  4.3162e+04  2.3366e+03  9.9643e+06  3.8489e+04  2.3358e+03  4.1811e+06  4.2629e+04  2.3372e+03  2.6880e+06  4.2606e+04  2.3372e+03  6.8690e+06  4.2620e+04  2.3374e+03  
230         5.5003e+09  7.2705e+07  4.4457e+04  2.3218e+03  9.4682e+06  3.9660e+04  2.3209e+03  4.0629e+06  4.3918e+04  2.3224e+03  2.5947e+06  4.3894e+04  2.3224e+03  6.6576e+06  4.3909e+04  2.3226e+03  
231         5.5491e+09  6.9288e+07  4.5786e+04  2.3068e+03  8.9964e+06  4.0862e+04  2.3058e+03  3.9468e+06  4.5241e+04  2.3073e+03  2.5042e+06  4.5217e+04  2.3073e+03  6.4510e+06  4.5231e+04  2.3076e+03  
232         5.5986e+09  6.6029e+07  4.7151e+04  2.2915e+03  8.5478e+06  4.2095e+04  2.2905e+03  3.8328e+06  4.6598e+04  2.2920e+03  2.4164e+06  4.6575e+04  2.2920e+03  6.2492e+06  4.6589e+04  2.2923e+03  
233         5.6490e+09  6.2920e+07  4.8551e+04  2.2759e+03  8.1214e+06  4.3361e+04  2.2749e+03  3.7210e+06  4.7992e+04  2.2765e+03  2.3311e+06  4.7969e+04  2.2765e+03  6.0522e+06  4.7983e+04  2.2768e+03  
234         5.7003e+09  5.9954e+07  4.9988e+04  2.2602e+03  7.7159e+06  4.4660e+04  2.2591e+03  3.6114e+06  4.9422e+04  2.2608e+03  2.2485e+06  4.9399e+04  2.2608e+03  5.8599e+06  4.9413e+04  2.2611e+03  
235         5.7524e+09  5.7126e+07  5.1463e+04  2.2443e+03  7.3304e+06  4.5994e+04  2.2431e+03  3.5040e+06  5.0890e+04  2.2449e+03  2.1683e+06  5.0867e+04  2.2449e+03  5.6722e+06  5.0881e+04  2.2452e+03  
236         5.8054e+09  5.4428e+07  5.2977e+04  2.2282e+03  6.9638e+06  4.7363e+04  2.2270e+03  3.3987e+06  5.2397e+04  2.2288e+03  2.0905e+06  5.2374e+04  2.2288e+03  5.4892e+06  5.2388e+04  2.2291e+03  
237         5.8593e+09  5.1854e+07  5.4531e+04  2.2119e+03  6.6153e+06  4.8768e+04  2.2106e+03  3.2956e+06  5.3943e+04  2.2125e+03  2.0152e+06  5.3921e+04  2.2125e+03  5.3108e+06  5.3935e+04  2.2128e+03  
238         5.9141e+09  4.9400e+07  5.6125e+04  2.1954e+03  6.2840e+06  5.0209e+04  2.1941e+03  3.1947e+06  5.5530e+04  2.1961e+03  1.9422e+06  5.5508e+04  2.1961e+03  5.1369e+06  5.5522e+04  2.1964e+03  
239         5.9698e+09  4.7059e+07  5.7761e+04  2.1788e+03  5.9690e+06  5.1688e+04  2.1774e+03  3.0960e+06  5.7158e+04  2.1795e+03  1.8715e+06  5.7136e+04  2.1795e+03  4.9674e+06  5.7150e+04  2.1798e+03  
240         6.0264e+09  4.4827e+07  5.9439e+04  2.1620e+03  5.6695e+06  5.3206e+04  2.1605e+03  2.9994e+06  5.8829e+04  2.1627e+03  1.8030e+06  5.8807e+04  2.1627e+03  4.8024e+06  5.8821e+04  2.1630e+03  
241         6.0841e+09  4.2698e+07  6.1161e+04  2.1451e+03  5.3848e+06  5.4764e+04  2.1436e+03  2.9050e+06  6.0544e+04  2.1459e+03  1.7366e+06  6.0522e+04  2.1459e+03  4.6417e+06  6.0536e+04  2.1462e+03  
242         6.1426e+09  4.0668e+07  6.2928e+04  2.1280e+03  5.1141e+06  5.6362e+04  2.1265e+03  2.8128e+06  6.2303e+04  2.1289e+03  1.6724e+06  6.2281e+04  2.1289e+03  4.4853e+06  6.2295e+04  2.1292e+03  
243         6.2022e+09  3.8733e+07  6.4741e+04  2.1109e+03  4.8569e+06  5.8001e+04  2.1092e+03  2.7228e+06  6.4108e+04  2.1117e+03  1.6103e+06  6.4087e+04  2.1117e+03  4.3331e+06  6.4100e+04  2.1121e+03  
244         6.2628e+09  3.6887e+07  6.6601e+04  2.0936e+03  4.6123e+06  5.9683e+04  2.0919e+03  2.6349e+06  6.5960e+04  2.0945e+03  1.5501e+06  6.5938e+04  2.0945e+03  4.1850e+06  6.5952e+04  2.0948e+03  
245         6.3244e+09  3.5127e+07  6.8509e+04  2.0763e+03  4.3798e+06  6.1409e+04  2.0745e+03  2.5491e+06  6.7860e+04  2.0772e+03  1.4920e+06  6.7838e+04  2.0772e+03  4.0411e+06  6.7852e+04  2.0775e+03  
246         6.3870e+09  3.3449e+07  7.0466e+04  2.0589e+03  4.1589e+06  6.3179e+04  2.0569e+03  2.4654e+06  6.9809e+04  2.0598e+03  1.4357e+06  6.9787e+04  2.0598e+03  3.9012e+06  6.9801e+04  2.0601e+03  
247         6.4507e+09  3.1849e+07  7.2474e+04  2.0414e+03  3.9489e+06  6.4994e+04  2.0393e+03  2.3839e+06  7.1808e+04  2.0423e+03  1.3813e+06  7.1787e+04  2.0423e+03  3.7652e+06  7.1800e+04  2.0427e+03  
248         6.5155e+09  3.0325e+07  7.4533e+04  2.0238e+03  3.7493e+06  6.6857e+04  2.0217e+03  2.3044e+06  7.3858e+04  2.0248e+03  1.3287e+06  7.3837e+04  2.0248e+03  3.6331e+06  7.3851e+04  2.0251e+03  
249         6.5813e+09  2.8871e+07  7.6645e+04  2.0062e+03  3.5597e+06  6.8767e+04  2.0039e+03  2.2270e+06  7.5961e+04  2.0072e+03  1.2779e+06  7.5940e+04  2.0072e+03  3.5049e+06  7.5954e+04  2.0076e+03  
250         6.6483e+09  2.7485e+07  7.8810e+04  1.9885e+03  3.3794e+06  7.0726e+04  1.9862e+03  2.1516e+06  7.8118e+04  1.9896e+03  1.2289e+06  7.8097e+04  1.9896e+03  3.3804e+06  7.8111e+04  1.9899e+03  
251         6.7164e+09  2.6165e+07  8.1031e+04  1.9708e+03  3.2081e+06  7.2735e+04  1.9683e+03  2.0782e+06  8.0330e+04  1.9719e+03  1.1814e+06  8.0309e+04  1.9719e+03  3.2596e+06  8.0323e+04  1.9723e+03  
252         6.7856e+09  2.4906e+07  8.3309e+04  1.9530e+03  3.0454e+06  7.4795e+04  1.9505e+03  2.0068e+06  8.2598e+04  1.9542e+03  1.1357e+06  8.2578e+04  1.9542e+03  3.1424e+06  8.2591e+04  1.9546e+03  
253         6.8560e+09  2.3707e+07  8.5644e+04  1.9353e+03  2.8908e+06  7.6907e+04  1.9326e+03  1.9374e+06  8.4924e+04  1.9365e+03  1.0915e+06  8.4904e+04  1.9365e+03  3.0288e+06  8.4917e+04  1.9369e+03  
254         6.9276e+09  2.2564e+07  8.8037e+04  1.9175e+03  2.7439e+06  7.9073e+04  1.9147e+03  1.8699e+06  8.7309e+04  1.9188e+03  1.0488e+06  8.7288e+04  1.9188e+03  2.9186e+06  8.7301e+04  1.9191e+03  
255         7.0004e+09  2.1475e+07  9.0492e+04  1.8998e+03  2.6043e+06  8.1294e+04  1.8968e+03  1.8043e+06  8.9753e+04  1.9011e+03  1.0076e+06  8.9733e+04  1.9011e+03  2.8119e+06  8.9746e+04  1.9014e+03  
256         7.0744e+09  2.0437e+07  9.3008e+04  1.8820e+03  2.4717e+06  8.3570e+04  1.8789e+03  1.7406e+06  9.2260e+04  1.8834e+03  9.6791e+05  9.2239e+04  1.8834e+03  2.7085e+06  9.2252e+04  1.8837e+03  
257         7.1497e+09  1.9448e+07  9.5586e+04  1.8642e+03  2.3458e+06  8.5904e+04  1.8610e+03  1.6787e+06  9.4829e+04  1.8657e+03  9.2961e+05  9.4809e+04  1.8657e+03  2.6083e+06  9.4821e+04  1.8660e+03  
258         7.2263e+09  1.8507e+07  9.8229e+04  1.8465e+03  2.2261e+06  8.8295e+04  1.8431e+03  1.6186e+06  9.7462e+04  1.8480e+03  8.9267e+05  9.7442e+04  1.8480e+03  2.5113e+06  9.7455e+04  1.8484e+03  
259         7.3041e+09  1.7610e+07  1.0094e+05  1.8288e+03  2.1125e+06  9.0747e+04  1.8252e+03  1.5604e+06  1.0016e+05  1.8304e+03  8.5706e+05  1.0014e+05  1.8304e+03  2.4174e+06  1.0015e+05  1.8308e+03  
260         7.3832e+09  1.6755e+07  1.0371e+05  1.8112e+03  2.0046e+06  9.3259e+04  1.8074e+03  1.5039e+06  1.0293e+05  1.8128e+03  8.2274e+05  1.0291e+05  1.8128e+03  2.3266e+06  1.0292e+05  1.8132e+03  
261         7.4637e+09  1.5941e+07  1.0656e+05  1.7936e+03  1.9021e+06  9.5833e+04  1.7896e+03  1.4491e+06  1.0576e+05  1.7953e+03  7.8968e+05  1.0574e+05  1.7953e+03  2.2388e+06  1.0575e+05  1.7956e+03  
262         7.5456e+09  1.5166e+07  1.0947e+05  1.7760e+03  1.8048e+06  9.8471e+04  1.7719e+03  1.3960e+06  1.0866e+05  1.7778e+03  7.5782e+05  1.0864e+05  1.7778e+03  2.1538e+06  1.0866e+05  1.7781e+03  
263         7.6288e+09  1.4428e+07  1.1246e+05  1.7585e+03  1.7124e+06  1.0117e+05  1.7542e+03  1.3446e+06  1.1164e+05  1.7603e+03  7.2714e+05  1.1162e+05  1.7604e+03  2.0717e+06  1.1163e+05  1.7607e+03  
264         7.7134e+09  1.3725e+07  1.1551e+05  1.7411e+03  1.6247e+06  1.0394e+05  1.7365e+03  1.2947e+06  1.1468e+05  1.7430e+03  6.9759e+05  1.1466e+05  1.7430e+03  1.9923e+06  1.1468e+05  1.7434e+03  
265         7.7994e+09  1.3056e+07  1.1865e+05  1.7237e+03  1.5413e+06  1.0678e+05  1.7189e+03  1.2465e+06  1.1780e+05  1.7257e+03  6.6915e+05  1.1778e+05  1.7257e+03  1.9157e+06  1.1780e+05  1.7261e+03  
266         7.8869e+09  1.2419e+07  1.2185e+05  1.7064e+03  1.4623e+06  1.0968e+05  1.7014e+03  1.1998e+06  1.2100e+05  1.7085e+03  6.4177e+05  1.2098e+05  1.7085e+03  1.8416e+06  1.2099e+05  1.7089e+03  
267         7.9759e+09  1.1812e+07  1.2514e+05  1.6892e+03  1.3872e+06  1.1266e+05  1.6840e+03  1.1547e+06  1.2427e+05  1.6914e+03  6.1543e+05  1.2425e+05  1.6914e+03  1.7701e+06  1.2427e+05  1.6918e+03  
268         8.0664e+09  1.1235e+07  1.2850e+05  1.6721e+03  1.3159e+06  1.1570e+05  1.6666e+03  1.1110e+06  1.2762e+05  1.6744e+03  5.9009e+05  1.2760e+05  1.6744e+03  1.7011e+06  1.2762e+05  1.6748e+03  
269         8.1584e+09  1.0685e+07  1.3194e+05  1.6551e+03  1.2483e+06  1.1882e+05  1.6493e+03  1.0687e+06  1.3105e+05  1.6575e+03  5.6571e+05  1.3104e+05  1.6575e+03  1.6345e+06  1.3105e+05  1.6579e+03  
270         8.2519e+09  1.0162e+07  1.3547e+05  1.6382e+03  1.1841e+06  1.2201e+05  1.6321e+03  1.0279e+06  1.3457e+05  1.6407e+03  5.4227e+05  1.3455e+05  1.6407e+03  1.5702e+06  1.3456e+05  1.6411e+03  
271         8.3471e+09  9.6645e+06  1.3907e+05  1.6215e+03  1.1232e+06  1.2528e+05  1.6150e+03  9.8848e+05  1.3816e+05  1.6240e+03  5.1974e+05  1.3814e+05  1.6240e+03  1.5082e+06  1.3815e+05  1.6245e+03  
272         8.4438e+09  9.1908e+06  1.4276e+05  1.6048e+03  1.0653e+06  1.2863e+05  1.5981e+03  9.5038e+05  1.4184e+05  1.6075e+03  4.9808e+05  1.4182e+05  1.6075e+03  1.4485e+06  1.4183e+05  1.6079e+03  
273         8.5422e+09  8.7400e+06  1.4654e+05  1.5882e+03  1.0105e+06  1.3205e+05  1.5812e+03  9.1359e+05  1.4560e+05  1.5910e+03  4.7726e+05  1.4558e+05  1.5910e+03  1.3909e+06  1.4560e+05  1.5915e+03  
274         8.6422e+09  8.3110e+06  1.5040e+05  1.5718e+03  9.5839e+05  1.3555e+05  1.5644e+03  8.7808e+05  1.4945e+05  1.5747e+03  4.5725e+05  1.4943e+05  1.5747e+03  1.3353e+06  1.4945e+05  1.5752e+03  
275         8.7439e+09  7.9029e+06  1.5435e+05  1.5555e+03  9.0898e+05  1.3914e+05  1.5477e+03  8.4381e+05  1.5339e+05  1.5586e+03  4.3804e+05  1.5337e+05  1.5586e+03  1.2818e+06  1.5339e+05  1.5590e+03  
276         8.8473e+09  7.5146e+06  1.5840e+05  1.5393e+03  8.6210e+05  1.4281e+05  1.5312e+03  8.1074e+05  1.5742e+05  1.5425e+03  4.1958e+05  1.5740e+05  1.5425e+03  1.2303e+06  1.5742e+05  1.5430e+03  
277         8.9525e+09  7.1452e+06  1.6253e+05  1.5233e+03  8.1763e+05  1.4656e+05  1.5147e+03  7.7885e+05  1.6154e+05  1.5266e+03  4.0186e+05  1.6152e+05  1.5266e+03  1.1807e+06  1.6154e+05  1.5271e+03  
278         9.0594e+09  6.7939e+06  1.6676e+05  1.5074e+03  7.7544e+05  1.5039e+05  1.4984e+03  7.4810e+05  1.6576e+05  1.5109e+03  3.8485e+05  1.6574e+05  1.5109e+03  1.1329e+06  1.6575e+05  1.5114e+03  
279         9.1681e+09  6.4596e+06  1.7108e+05  1.4916e+03  7.3541e+05  1.5432e+05  1.4822e+03  7.1845e+05  1.7006e+05  1.4953e+03  3.6852e+05  1.7005e+05  1.4953e+03  1.0870e+06  1.7006e+05  1.4958e+03  
280         9.2787e+09  6.1417e+06  1.7549e+05  1.4760e+03  6.9745e+05  1.5833e+05  1.4661e+03  6.8988e+05  1.7447e+05  1.4799e+03  3.5284e+05  1.7445e+05  1.4799e+03  1.0427e+06  1.7446e+05  1.4804e+03  
281         9.3911e+09  5.8394e+06  1.8001e+05  1.4606e+03  6.6143e+05  1.6243e+05  1.4502e+03  6.6236e+05  1.7897e+05  1.4646e+03  3.3780e+05  1.7895e+05  1.4646e+03  1.0002e+06  1.7896e+05  1.4651e+03  
282         9.5055e+09  5.5518e+06  1.8462e+05  1.4453e+03  6.2727e+05  1.6662e+05  1.4344e+03  6.3585e+05  1.8357e+05  1.4495e+03  3.2337e+05  1.8355e+05  1.4495e+03  9.5922e+05  1.8356e+05  1.4500e+03  
283         9.6217e+09  5.2784e+06  1.8933e+05  1.4302e+03  5.9487e+05  1.7090e+05  1.4187e+03  6.1032e+05  1.8826e+05  1.4345e+03  3.0953e+05  1.8825e+05  1.4345e+03  9.1984e+05  1.8826e+05  1.4350e+03  
284         9.7399e+09  5.0184e+06  1.9415e+05  1.4152e+03  5.6414e+05  1.7528e+05  1.4032e+03  5.8574e+05  1.9306e+05  1.4198e+03  2.9625e+05  1.9305e+05  1.4198e+03  8.8199e+05  1.9306e+05  1.4203e+03  
285         9.8602e+09  4.7711e+06  1.9906e+05  1.4004e+03  5.3500e+05  1.7976e+05  1.3878e+03  5.6208e+05  1.9797e+05  1.4052e+03  2.8353e+05  1.9795e+05  1.4052e+03  8.4560e+05  1.9796e+05  1.4057e+03  
286         9.9824e+09  4.5360e+06  2.0409e+05  1.3857e+03  5.0736e+05  1.8432e+05  1.3725e+03  5.3931e+05  2.0298e+05  1.3907e+03  2.7132e+05  2.0296e+05  1.3907e+03  8.1063e+05  2.0297e+05  1.3913e+03  
287         1.0107e+10  4.3125e+06  2.0921e+05  1.3712e+03  4.8115e+05  1.8899e+05  1.3574e+03  5.1741e+05  2.0809e+05  1.3765e+03  2.5962e+05  2.0807e+05  1.3765e+03  7.7703e+05  2.0808e+05  1.3770e+03  
288         1.0233e+10  4.0999e+06  2.1445e+05  1.3569e+03  4.5630e+05  1.9376e+05  1.3424e+03  4.9634e+05  2.1331e+05  1.3624e+03  2.4841e+05  2.1329e+05  1.3624e+03  7.4475e+05  2.1330e+05  1.3629e+03  
289         1.0362e+10  3.8979e+06  2.1979e+05  1.3428e+03  4.3273e+05  1.9863e+05  1.3276e+03  4.7608e+05  2.1864e+05  1.3485e+03  2.3766e+05  2.1862e+05  1.3485e+03  7.1374e+05  2.1863e+05  1.3491e+03  
290         1.0492e+10  3.7058e+06  2.2524e+05  1.3288e+03  4.1038e+05  2.0360e+05  1.3128e+03  4.5659e+05  2.2408e+05  1.3348e+03  2.2737e+05  2.2406e+05  1.3348e+03  6.8396e+05  2.2407e+05  1.3354e+03  
291         1.0625e+10  3.5232e+06  2.3081e+05  1.3150e+03  3.8919e+05  2.0867e+05  1.2983e+03  4.3787e+05  2.2962e+05  1.3213e+03  2.1751e+05  2.2961e+05  1.3213e+03  6.5537e+05  2.2962e+05  1.3219e+03  
292         1.0760e+10  3.3496e+06  2.3648e+05  1.3014e+03  3.6909e+05  2.1385e+05  1.2838e+03  4.1987e+05  2.3529e+05  1.3079e+03  2.0806e+05  2.3527e+05  1.3079e+03  6.2793e+05  2.3528e+05  1.3085e+03  
293         1.0898e+10  3.1846e+06  2.4227e+05  1.2879e+03  3.5004e+05  2.1913e+05  1.2695e+03  4.0258e+05  2.4106e+05  1.2948e+03  1.9901e+05  2.4105e+05  1.2948e+03  6.0158e+05  2.4106e+05  1.2954e+03  
294         1.1037e+10  3.0277e+06  2.4818e+05  1.2747e+03  3.3197e+05  2.2453e+05  1.2554e+03  3.8596e+05  2.4695e+05  1.2818e+03  1.9034e+05  2.4694e+05  1.2818e+03  5.7630e+05  2.4695e+05  1.2824e+03  
295         1.1180e+10  2.8786e+06  2.5420e+05  1.2616e+03  3.1484e+05  2.3003e+05  1.2414e+03  3.7000e+05  2.5296e+05  1.2690e+03  1.8204e+05  2.5294e+05  1.2691e+03  5.5204e+05  2.5295e+05  1.2697e+03  
296         1.1324e+10  2.7369e+06  2.6034e+05  1.2486e+03  2.9860e+05  2.3564e+05  1.2275e+03  3.5467e+05  2.5908e+05  1.2565e+03  1.7409e+05  2.5907e+05  1.2565e+03  5.2876e+05  2.5908e+05  1.2571e+03  
297         1.1471e+10  2.6022e+06  2.6660e+05  1.2359e+03  2.8320e+05  2.4137e+05  1.2137e+03  3.3995e+05  2.6533e+05  1.2441e+03  1.6649e+05  2.6531e+05  1.2441e+03  5.0644e+05  2.6532e+05  1.2447e+03  
298         1.1620e+10  2.4741e+06  2.7298e+05  1.2233e+03  2.6860e+05  2.4720e+05  1.2001e+03  3.2582e+05  2.7169e+05  1.2319e+03  1.5920e+05  2.7167e+05  1.2319e+03  4.8502e+05  2.7169e+05  1.2326e+03  
299         1.1772e+10  2.3524e+06  2.7948e+05  1.2109e+03  2.5476e+05  2.5316e+05  1.1866e+03  3.1225e+05  2.7818e+05  1.2199e+03  1.5223e+05  2.7816e+05  1.2199e+03  4.6449e+05  2.7817e+05  1.2206e+03  
300         1.1927e+10  2.2368e+06  2.8610e+05  1.1987e+03  2.4164e+05  2.5923e+05  1.1733e+03  2.9923e+05  2.8478e+05  1.2081e+03  1.4556e+05  2.8477e+05  1.2081e+03  4.4479e+05  2.8478e+05  1.2088e+03  
301         1.2084e+10  2.1268e+06  2.9285e+05  1.1866e+03  2.2920e+05  2.6541e+05  1.1600e+03  2.8673e+05  2.9152e+05  1.1965e+03  1.3918e+05  2.9150e+05  1.1965e+03  4.2591e+05  2.9151e+05  1.1972e+03  
302         1.2243e+10  2.0223e+06  2.9972e+05  1.1748e+03  2.1740e+05  2.7172e+05  1.1469e+03  2.7474e+05  2.9837e+05  1.1851e+03  1.3307e+05  2.9836e+05  1.1851e+03  4.0781e+05  2.9837e+05  1.1858e+03  
303         1.2406e+10  1.9230e+06  3.0672e+05  1.1631e+03  2.0621e+05  2.7815e+05  1.1340e+03  2.6324e+05  3.0536e+05  1.1738e+03  1.2723e+05  3.0534e+05  1.1738e+03  3.9046e+05  3.0535e+05  1.1746e+03  
304         1.2571e+10  1.8286e+06  3.1385e+05  1.1516e+03  1.9561e+05  2.8469e+05  1.1211e+03  2.5220e+05  3.1247e+05  1.1628e+03  1.2164e+05  3.1245e+05  1.1628e+03  3.7384e+05  3.1246e+05  1.1636e+03  
305         1.2739e+10  1.7389e+06  3.2111e+05  1.1402e+03  1.8555e+05  2.9137e+05  1.1084e+03  2.4161e+05  3.1971e+05  1.1520e+03  1.1629e+05  3.1970e+05  1.1520e+03  3.5790e+05  3.1971e+05  1.1527e+03  
306         1.2910e+10  1.6536e+06  3.2850e+05  1.1290e+03  1.7602e+05  2.9816e+05  1.0958e+03  2.3146e+05  3.2708e+05  1.1413e+03  1.1117e+05  3.2707e+05  1.1413e+03  3.4263e+05  3.2708e+05  1.1421e+03  
307         1.3083e+10  1.5726e+06  3.3602e+05  1.1180e+03  1.6698e+05  3.0509e+05  1.0833e+03  2.2172e+05  3.3459e+05  1.1309e+03  1.0628e+05  3.3457e+05  1.1309e+03  3.2800e+05  3.3458e+05  1.1317e+03  
308         1.3260e+10  1.4955e+06  3.4367e+05  1.1072e+03  1.5841e+05  3.1214e+05  1.0709e+03  2.1239e+05  3.4222e+05  1.1207e+03  1.0160e+05  3.4221e+05  1.1207e+03  3.1398e+05  3.4222e+05  1.1215e+03  
309         1.3440e+10  1.4223e+06  3.5145e+05  1.0965e+03  1.5028e+05  3.1932e+05  1.0586e+03  2.0343e+05  3.4999e+05  1.1106e+03  9.7119e+04  3.4998e+05  1.1106e+03  3.0055e+05  3.4999e+05  1.1114e+03  
310         1.3622e+10  1.3527e+06  3.5937e+05  1.0860e+03  1.4258e+05  3.2663e+05  1.0465e+03  1.9485e+05  3.5790e+05  1.1007e+03  9.2837e+04  3.5788e+05  1.1007e+03  2.8769e+05  3.5789e+05  1.1016e+03  
311         1.3808e+10  1.2866e+06  3.6743e+05  1.0756e+03  1.3527e+05  3.3407e+05  1.0344e+03  1.8663e+05  3.6594e+05  1.0911e+03  8.8743e+04  3.6592e+05  1.0911e+03  2.7537e+05  3.6593e+05  1.0919e+03  
312         1.3997e+10  1.2237e+06  3.7563e+05  1.0654e+03  1.2834e+05  3.4165e+05  1.0224e+03  1.7874e+05  3.7412e+05  1.0816e+03  8.4828e+04  3.7410e+05  1.0816e+03  2.6357e+05  3.7412e+05  1.0825e+03  
313         1.4189e+10  1.1639e+06  3.8396e+05  1.0554e+03  1.2177e+05  3.4936e+05  1.0106e+03  1.7118e+05  3.8244e+05  1.0723e+03  8.1085e+04  3.8242e+05  1.0723e+03  2.5227e+05  3.8243e+05  1.0732e+03  
314         1.4384e+10  1.1071e+06  3.9244e+05  1.0455e+03  1.1554e+05  3.5721e+05  9.9881e+02  1.6394e+05  3.9090e+05  1.0632e+03  7.7506e+04  3.9088e+05  1.0632e+03  2.4144e+05  3.9089e+05  1.0641e+03  
315         1.4582e+10  1.0531e+06  4.0106e+05  1.0358e+03  1.0963e+05  3.6520e+05  9.8714e+02  1.5700e+05  3.9950e+05  1.0543e+03  7.4084e+04  3.9949e+05  1.0543e+03  2.3108e+05  3.9950e+05  1.0553e+03  
316         1.4784e+10  1.0018e+06  4.0982e+05  1.0262e+03  1.0403e+05  3.7333e+05  9.7557e+02  1.5034e+05  4.0825e+05  1.0456e+03  7.0812e+04  4.0823e+05  1.0456e+03  2.2115e+05  4.0824e+05  1.0466e+03  
317         1.4989e+10  9.5296e+05  4.1873e+05  1.0168e+03  9.8715e+04  3.8160e+05  9.6407e+02  1.4397e+05  4.1714e+05  1.0371e+03  6.7684e+04  4.1712e+05  1.0371e+03  2.1165e+05  4.1713e+05  1.0381e+03  
318         1.5198e+10  9.0657e+05  4.2778e+05  1.0076e+03  9.3675e+04  3.9001e+05  9.5267e+02  1.3786e+05  4.2618e+05  1.0287e+03  6.4694e+04  4.2616e+05  1.0287e+03  2.0255e+05  4.2617e+05  1.0297e+03  
319         1.5410e+10  8.6246e+05  4.3698e+05  9.9845e+02  8.8896e+04  3.9857e+05  9.4135e+02  1.3201e+05  4.3536e+05  1.0206e+03  6.1835e+04  4.3535e+05  1.0206e+03  1.9384e+05  4.3536e+05  1.0216e+03  
320         1.5626e+10  8.2052e+05  4.4633e+05  9.8948e+02  8.4363e+04  4.0728e+05  9.3010e+02  1.2640e+05  4.4470e+05  1.0126e+03  5.9102e+04  4.4468e+05  1.0126e+03  1.8551e+05  4.4469e+05  1.0137e+03  
321         1.5845e+10  7.8065e+05  4.5583e+05  9.8064e+02  8.0063e+04  4.1614e+05  9.1894e+02  1.2103e+05  4.5418e+05  1.0048e+03  5.6490e+04  4.5417e+05  1.0048e+03  1.7752e+05  4.5418e+05  1.0059e+03  
322         1.6069e+10  7.4274e+05  4.6548e+05  9.7195e+02  7.5985e+04  4.2515e+05  9.0785e+02  1.1589e+05  4.6382e+05  9.9721e+02  5.3992e+04  4.6380e+05  9.9721e+02  1.6988e+05  4.6381e+05  9.9835e+02  
323         1.6295e+10  7.0669e+05  4.7529e+05  9.6339e+02  7.2117e+04  4.3431e+05  8.9683e+02  1.1096e+05  4.7361e+05  9.8979e+02  5.1605e+04  4.7359e+05  9.8979e+02  1.6257e+05  4.7360e+05  9.9096e+02  
324         1.6526e+10  6.7242e+05  4.8525e+05  9.5496e+02  6.8447e+04  4.4362e+05  8.8588e+02  1.0624e+05  4.8355e+05  9.8256e+02  4.9324e+04  4.8354e+05  9.8256e+02  1.5556e+05  4.8355e+05  9.8375e+02  
325         1.6761e+10  6.3983e+05  4.9536e+05  9.4666e+02  6.4967e+04  4.5310e+05  8.7500e+02  1.0172e+05  4.9366e+05  9.7550e+02  4.7143e+04  4.9364e+05  9.7550e+02  1.4886e+05  4.9365e+05  9.7672e+02  
326         1.6999e+10  6.0884e+05  5.0564e+05  9.3849e+02  6.1665e+04  4.6273e+05  8.6418e+02  9.7389e+04  5.0392e+05  9.6862e+02  4.5058e+04  5.0390e+05  9.6863e+02  1.4245e+05  5.0391e+05  9.6988e+02  
327         1.7242e+10  5.7937e+05  5.1607e+05  9.3044e+02  5.8532e+04  4.7252e+05  8.5343e+02  9.3241e+04  5.1434e+05  9.6193e+02  4.3065e+04  5.1432e+05  9.6193e+02  1.3631e+05  5.1433e+05  9.6321e+02  
328         1.7489e+10  5.5135e+05  5.2667e+05  9.2252e+02  5.5560e+04  4.8248e+05  8.4274e+02  8.9269e+04  5.2492e+05  9.5541e+02  4.1161e+04  5.2491e+05  9.5541e+02  1.3043e+05  5.2492e+05  9.5673e+02  
329         1.7739e+10  5.2469e+05  5.3743e+05  9.1471e+02  5.2741e+04  4.9260e+05  8.3211e+02  8.5465e+04  5.3567e+05  9.4906e+02  3.9340e+04  5.3565e+05  9.4906e+02  1.2481e+05  5.3566e+05  9.5042e+02  
330         1.7994e+10  4.9934e+05  5.4836e+05  9.0702e+02  5.0066e+04  5.0288e+05  8.2153e+02  8.1822e+04  5.4658e+05  9.4290e+02  3.7600e+04  5.4656e+05  9.4290e+02  1.1942e+05  5.4658e+05  9.4429e+02  
331         1.8254e+10  4.7523e+05  5.5945e+05  8.9945e+02  4.7528e+04  5.1334e+05  8.1102e+02  7.8334e+04  5.5766e+05  9.3690e+02  3.5937e+04  5.5764e+05  9.3690e+02  1.1427e+05  5.5765e+05  9.3833e+02  
332         1.8518e+10  4.5230e+05  5.7071e+05  8.9198e+02  4.5119e+04  5.2397e+05  8.0055e+02  7.4993e+04  5.6891e+05  9.3108e+02  3.4348e+04  5.6889e+05  9.3109e+02  1.0934e+05  5.6890e+05  9.3255e+02  
333         1.8786e+10  4.3049e+05  5.8214e+05  8.8461e+02  4.2834e+04  5.3477e+05  7.9014e+02  7.1793e+04  5.8033e+05  9.2544e+02  3.2829e+04  5.8031e+05  9.2544e+02  1.0462e+05  5.8032e+05  9.2695e+02  
334         1.9058e+10  4.0974e+05  5.9375e+05  8.7735e+02  4.0666e+04  5.4575e+05  7.7978e+02  6.8730e+04  5.9192e+05  9.1997e+02  3.1376e+04  5.9191e+05  9.1997e+02  1.0011e+05  5.9192e+05  9.2152e+02  
335         1.9336e+10  3.9000e+05  6.0553e+05  8.7019e+02  3.8608e+04  5.5690e+05  7.6948e+02  6.5796e+04  6.0369e+05  9.1466e+02  2.9988e+04  6.0367e+05  9.1466e+02  9.5784e+04  6.0368e+05  9.1626e+02  
336         1.9618e+10  3.7123e+05  6.1749e+05  8.6313e+02  3.6656e+04  5.6824e+05  7.5922e+02  6.2987e+04  6.1564e+05  9.0953e+02  2.8662e+04  6.1562e+05  9.0953e+02  9.1649e+04  6.1563e+05  9.1117e+02  
337         1.9904e+10  3.5336e+05  6.2962e+05  8.5616e+02  3.4803e+04  5.7976e+05  7.4901e+02  6.0297e+04  6.2776e+05  9.0457e+02  2.7394e+04  6.2774e+05  9.0457e+02  8.7691e+04  6.2776e+05  9.0625e+02  
338         2.0196e+10  3.3637e+05  6.4194e+05  8.4928e+02  3.3044e+04  5.9147e+05  7.3885e+02  5.7721e+04  6.4007e+05  8.9977e+02  2.6182e+04  6.4005e+05  8.9977e+02  8.3903e+04  6.4006e+05  9.0151e+02  
339         2.0492e+10  3.2020e+05  6.5444e+05  8.4249e+02  3.1375e+04  6.0337e+05  7.2874e+02  5.5255e+04  6.5256e+05  8.9515e+02  2.5024e+04  6.5254e+05  8.9515e+02  8.0279e+04  6.5255e+05  8.9693e+02  
340         2.0794e+10  3.0482e+05  6.6713e+05  8.3578e+02  2.9791e+04  6.1546e+05  7.1867e+02  5.2894e+04  6.6524e+05  8.9069e+02  2.3916e+04  6.6522e+05  8.9069e+02  7.6810e+04  6.6523e+05  8.9253e+02  
341         2.1101e+10  2.9018e+05  6.8000e+05  8.2915e+02  2.8287e+04  6.2774e+05  7.0865e+02  5.0633e+04  6.7810e+05  8.8639e+02  2.2858e+04  6.7809e+05  8.8639e+02  7.3491e+04  6.7810e+05  8.8829e+02  
342         2.1412e+10  2.7625e+05  6.9307e+05  8.2260e+02  2.6860e+04  6.4022e+05  6.9868e+02  4.8468e+04  6.9116e+05  8.8227e+02  2.1847e+04  6.9114e+05  8.8227e+02  7.0315e+04  6.9116e+05  8.8421e+02  
343         2.1729e+10  2.6300e+05  7.0633e+05  8.1612e+02  2.5506e+04  6.5290e+05  6.8876e+02  4.6395e+04  7.0441e+05  8.7830e+02  2.0880e+04  7.0440e+05  8.7830e+02  6.7275e+04  7.0441e+05  8.8031e+02  
344         2.2052e+10  2.5039e+05  7.1978e+05  8.0972e+02  2.4220e+04  6.6578e+05  6.7888e+02  4.4410e+04  7.1786e+05  8.7450e+02  1.9956e+04  7.1784e+05  8.7450e+02  6.4366e+04  7.1785e+05  8.7657e+02  
345         2.2379e+10  2.3839e+05  7.3344e+05  8.0338e+02  2.2999e+04  6.7887e+05  6.6905e+02  4.2510e+04  7.3151e+05  8.7087e+02  1.9073e+04  7.3149e+05  8.7086e+02  6.1583e+04  7.3150e+05  8.7299e+02  
346         2.2713e+10  2.2697e+05  7.4729e+05  7.9710e+02  2.1840e+04  6.9216e+05  6.5927e+02  4.0691e+04  7.4536e+05  8.6739e+02  1.8229e+04  7.4534e+05  8.6739e+02  5.8919e+04  7.4535e+05  8.6959e+02  
347         2.3051e+10  2.1610e+05  7.6135e+05  7.9089e+02  2.0740e+04  7.0567e+05  6.4954e+02  3.8949e+04  7.5941e+05  8.6408e+02  1.7422e+04  7.5939e+05  8.6408e+02  5.6370e+04  7.5940e+05  8.6634e+02  
348         2.3396e+10  2.0575e+05  7.7562e+05  7.8473e+02  1.9696e+04  7.1940e+05  6.3986e+02  3.7281e+04  7.7367e+05  8.6093e+02  1.6650e+04  7.7365e+05  8.6092e+02  5.3931e+04  7.7367e+05  8.6326e+02  
349         2.3746e+10  1.9590e+05  7.9009e+05  7.7863e+02  1.8705e+04  7.3334e+05  6.3022e+02  3.5684e+04  7.8814e+05  8.5794e+02  1.5913e+04  7.8813e+05  8.5793e+02  5.1597e+04  7.8814e+05  8.6034e+02  
350         2.4103e+10  1.8653e+05  8.0478e+05  7.7258e+02  1.7764e+04  7.4750e+05  6.2064e+02  3.4155e+04  8.0283e+05  8.5510e+02  1.5209e+04  8.0281e+05  8.5510e+02  4.9363e+04  8.0282e+05  8.5758e+02  
351         2.4465e+10  1.7761e+05  8.1968e+05  7.6657e+02  1.6870e+04  7.6189e+05  6.1111e+02  3.2691e+04  8.1773e+05  8.5243e+02  1.4535e+04  8.1771e+05  8.5242e+02  4.7226e+04  8.1773e+05  8.5499e+02  
352         2.4834e+10  1.6912e+05  8.3481e+05  7.6061e+02  1.6022e+04  7.7651e+05  6.0163e+02  3.1290e+04  8.3285e+05  8.4991e+02  1.3891e+04  8.3284e+05  8.4991e+02  4.5181e+04  8.3285e+05  8.5255e+02  
353         2.5208e+10  1.6104e+05  8.5015e+05  7.5469e+02  1.5216e+04  7.9136e+05  5.9220e+02  2.9948e+04  8.4820e+05  8.4755e+02  1.3276e+04  8.4818e+05  8.4755e+02  4.3224e+04  8.4819e+05  8.5028e+02  
354         2.5589e+10  1.5334e+05  8.6572e+05  7.4881e+02  1.4451e+04  8.0644e+05  5.8283e+02  2.8663e+04  8.6377e+05  8.4535e+02  1.2688e+04  8.6375e+05  8.4534e+02  4.1351e+04  8.6377e+05  8.4816e+02  
355         2.5977e+10  1.4602e+05  8.8152e+05  7.4297e+02  1.3725e+04  8.2177e+05  5.7351e+02  2.7433e+04  8.7958e+05  8.4330e+02  1.2125e+04  8.7956e+05  8.4329e+02  3.9559e+04  8.7957e+05  8.4621e+02  
356         2.6370e+10  1.3905e+05  8.9755e+05  7.3715e+02  1.3035e+04  8.3733e+05  5.6426e+02  2.6256e+04  8.9561e+05  8.4141e+02  1.1588e+04  8.9559e+05  8.4140e+02  3.7844e+04  8.9561e+05  8.4441e+02  
357         2.6771e+10  1.3241e+05  9.1382e+05  7.3137e+02  1.2380e+04  8.5315e+05  5.5506e+02  2.5128e+04  9.1189e+05  8.3967e+02  1.1074e+04  9.1187e+05  8.3966e+02  3.6203e+04  9.1188e+05  8.4277e+02  
358         2.7178e+10  1.2609e+05  9.3032e+05  7.2561e+02  1.1759e+04  8.6921e+05  5.4592e+02  2.4049e+04  9.2840e+05  8.3809e+02  1.0583e+04  9.2838e+05  8.3807e+02  3.4632e+04  9.2839e+05  8.4129e+02  
359         2.7593e+10  1.2007e+05  9.4707e+05  7.1988e+02  1.1168e+04  8.8553e+05  5.3684e+02  2.3016e+04  9.4516e+05  8.3665e+02  1.0114e+04  9.4514e+05  8.3664e+02  3.3130e+04  9.4515e+05  8.3997e+02  
360         2.8014e+10  1.1434e+05  9.6407e+05  7.1416e+02  1.0607e+04  9.0211e+05  5.2782e+02  2.2027e+04  9.6217e+05  8.3537e+02  9.6652e+03  9.6215e+05  8.3535e+02  3.1692e+04  9.6216e+05  8.3880e+02  
361         2.8442e+10  1.0889e+05  9.8131e+05  7.0846e+02  1.0075e+04  9.1895e+05  5.1887e+02  2.1080e+04  9.7943e+05  8.3424e+02  9.2364e+03  9.7941e+05  8.3422e+02  3.0316e+04  9.7942e+05  8.3778e+02  
362         2.8877e+10  1.0369e+05  9.9881e+05  7.0278e+02  9.5691e+03  9.3605e+05  5.0999e+02  2.0173e+04  9.9695e+05  8.3325e+02  8.8265e+03  9.9692e+05  8.3323e+02  2.8999e+04  9.9694e+05  8.3692e+02  
363         2.9320e+10  9.8747e+04  1.0166e+06  6.9711e+02  9.0889e+03  9.5343e+05  5.0117e+02  1.9305e+04  1.0147e+06  8.3242e+02  8.4346e+03  1.0147e+06  8.3239e+02  2.7739e+04  1.0147e+06  8.3621e+02  
364         2.9771e+10  9.4038e+04  1.0346e+06  6.9145e+02  8.6328e+03  9.7108e+05  4.9242e+02  1.8474e+04  1.0328e+06  8.3173e+02  8.0601e+03  1.0327e+06  8.3170e+02  2.6534e+04  1.0328e+06  8.3565e+02  
365         3.0228e+10  8.9554e+04  1.0529e+06  6.8579e+02  8.1996e+03  9.8902e+05  4.8375e+02  1.7678e+04  1.0511e+06  8.3118e+02  7.7021e+03  1.0511e+06  8.3116e+02  2.5380e+04  1.0511e+06  8.3525e+02  
366         3.0694e+10  8.5285e+04  1.0714e+06  6.8014e+02  7.7883e+03  1.0072e+06  4.7514e+02  1.6917e+04  1.0697e+06  8.3079e+02  7.3598e+03  1.0696e+06  8.3075e+02  2.4277e+04  1.0697e+06  8.3499e+02  
367         3.1167e+10  8.1219e+04  1.0903e+06  6.7449e+02  7.3976e+03  1.0257e+06  4.6661e+02  1.6188e+04  1.0885e+06  8.3053e+02  7.0327e+03  1.0885e+06  8.3049e+02  2.3220e+04  1.0885e+06  8.3489e+02  
368         3.1649e+10  7.7347e+04  1.1094e+06  6.6884e+02  7.0265e+03  1.0445e+06  4.5815e+02  1.5490e+04  1.1077e+06  8.3041e+02  6.7201e+03  1.1077e+06  8.3038e+02  2.2210e+04  1.1077e+06  8.3493e+02  
369         3.2138e+10  7.3661e+04  1.1288e+06  6.6319e+02  6.6741e+03  1.0636e+06  4.4977e+02  1.4822e+04  1.1271e+06  8.3044e+02  6.4212e+03  1.1271e+06  8.3040e+02  2.1243e+04  1.1271e+06  8.3511e+02  
370         3.2636e+10  7.0150e+04  1.1485e+06  6.5753e+02  6.3393e+03  1.0830e+06  4.4147e+02  1.4182e+04  1.1468e+06  8.3060e+02  6.1355e+03  1.1468e+06  8.3056e+02  2.0318e+04  1.1468e+06  8.3545e+02  
371         3.3142e+10  6.6806e+04  1.1685e+06  6.5187e+02  6.0214e+03  1.1027e+06  4.3325e+02  1.3570e+04  1.1669e+06  8.3090e+02  5.8625e+03  1.1668e+06  8.3085e+02  1.9432e+04  1.1669e+06  8.3592e+02  
372         3.3657e+10  6.3622e+04  1.1888e+06  6.4620e+02  5.7194e+03  1.1228e+06  4.2511e+02  1.2984e+04  1.1872e+06  8.3134e+02  5.6015e+03  1.1872e+06  8.3128e+02  1.8585e+04  1.1872e+06  8.3654e+02  
373         3.4180e+10  6.0590e+04  1.2093e+06  6.4051e+02  5.4326e+03  1.1431e+06  4.1705e+02  1.2423e+04  1.2078e+06  8.3190e+02  5.3520e+03  1.2078e+06  8.3184e+02  1.7775e+04  1.2078e+06  8.3730e+02  
374         3.4713e+10  5.7702e+04  1.2302e+06  6.3482e+02  5.1602e+03  1.1638e+06  4.0907e+02  1.1886e+04  1.2288e+06  8.3260e+02  5.1136e+03  1.2288e+06  8.3254e+02  1.6999e+04  1.2288e+06  8.3820e+02  
375         3.5254e+10  5.4952e+04  1.2514e+06  6.2910e+02  4.9015e+03  1.1848e+06  4.0118e+02  1.1371e+04  1.2501e+06  8.3343e+02  4.8856e+03  1.2500e+06  8.3336e+02  1.6257e+04  1.2500e+06  8.3924e+02  
376         3.5804e+10  5.2332e+04  1.2730e+06  6.2338e+02  4.6557e+03  1.2061e+06  3.9338e+02  1.0879e+04  1.2716e+06  8.3438e+02  4.6678e+03  1.2716e+06  8.3430e+02  1.5547e+04  1.2716e+06  8.4041e+02  
377         3.6364e+10  4.9838e+04  1.2948e+06  6.1763e+02  4.4223e+03  1.2277e+06  3.8566e+02  1.0408e+04  1.2936e+06  8.3546e+02  4.4596e+03  1.2935e+06  8.3537e+02  1.4868e+04  1.2936e+06  8.4171e+02  
378         3.6933e+10  4.7462e+04  1.3170e+06  6.1187e+02  4.2005e+03  1.2498e+06  3.7803e+02  9.9574e+03  1.3158e+06  8.3666e+02  4.2606e+03  1.3158e+06  8.3657e+02  1.4218e+04  1.3158e+06  8.4315e+02  
379         3.7511e+10  4.5199e+04  1.3395e+06  6.0609e+02  3.9899e+03  1.2721e+06  3.7049e+02  9.5259e+03  1.3384e+06  8.3798e+02  4.0704e+03  1.3384e+06  8.3788e+02  1.3596e+04  1.3384e+06  8.4471e+02  
380         3.8100e+10  4.3044e+04  1.3624e+06  6.0028e+02  3.7898e+03  1.2948e+06  3.6304e+02  9.1128e+03  1.3614e+06  8.3941e+02  3.8886e+03  1.3613e+06  8.3930e+02  1.3001e+04  1.3614e+06  8.4640e+02  
381         3.8698e+10  4.0992e+04  1.3856e+06  5.9446e+02  3.5998e+03  1.3179e+06  3.5568e+02  8.7175e+03  1.3847e+06  8.4096e+02  3.7148e+03  1.3846e+06  8.4084e+02  1.2432e+04  1.3847e+06  8.4822e+02  
382         3.9306e+10  3.9037e+04  1.4092e+06  5.8861e+02  3.4193e+03  1.3414e+06  3.4841e+02  8.3391e+03  1.4083e+06  8.4262e+02  3.5488e+03  1.4083e+06  8.4249e+02  1.1888e+04  1.4083e+06  8.5016e+02  
383         3.9925e+10  3.7175e+04  1.4331e+06  5.8274e+02  3.2478e+03  1.3652e+06  3.4124e+02  7.9769e+03  1.4323e+06  8.4439e+02  3.3901e+03  1.4323e+06  8.4425e+02  1.1367e+04  1.4323e+06  8.5222e+02  
384         4.0554e+10  3.5402e+04  1.4574e+06  5.7685e+02  3.0849e+03  1.3894e+06  3.3416e+02  7.6303e+03  1.4567e+06  8.4626e+02  3.2384e+03  1.4567e+06  8.4611e+02  1.0869e+04  1.4567e+06  8.5440e+02  
385         4.1194e+10  3.3713e+04  1.4820e+06  5.7093e+02  2.9302e+03  1.4140e+06  3.2717e+02  7.2985e+03  1.4815e+06  8.4823e+02  3.0934e+03  1.4815e+06  8.4807e+02  1.0392e+04  1.4815e+06  8.5669e+02  
386         4.1844e+10  3.2104e+04  1.5071e+06  5.6499e+02  2.7833e+03  1.4390e+06  3.2028e+02  6.9810e+03  1.5067e+06  8.5030e+02  2.9549e+03  1.5066e+06  8.5012e+02  9.9359e+03  1.5066e+06  8.5909e+02  
387         4.2506e+10  3.0572e+04  1.5325e+06  5.5902e+02  2.6437e+03  1.4643e+06  3.1348e+02  6.6772e+03  1.5322e+06  8.5246e+02  2.8225e+03  1.5322e+06  8.5227e+02  9.4997e+03  1.5322e+06  8.6160e+02  
388         4.3178e+10  2.9113e+04  1.5583e+06  5.5302e+02  2.5111e+03  1.4901e+06  3.0677e+02  6.3864e+03  1.5582e+06  8.5472e+02  2.6960e+03  1.5581e+06  8.5451e+02  9.0824e+03  1.5581e+06  8.6421e+02  
389         4.3862e+10  2.7723e+04  1.5845e+06  5.4701e+02  2.3851e+03  1.5163e+06  3.0016e+02  6.1081e+03  1.5845e+06  8.5706e+02  2.5751e+03  1.5845e+06  8.5684e+02  8.6832e+03  1.5845e+06  8.6693e+02  
390         4.4557e+10  2.6399e+04  1.6112e+06  5.4097e+02  2.2655e+03  1.5430e+06  2.9365e+02  5.8418e+03  1.6113e+06  8.5949e+02  2.4595e+03  1.6112e+06  8.5924e+02  8.3013e+03  1.6112e+06  8.6975e+02  
391         4.5265e+10  2.5139e+04  1.6382e+06  5.3490e+02  2.1518e+03  1.5700e+06  2.8724e+02  5.5869e+03  1.6384e+06  8.6199e+02  2.3491e+03  1.6384e+06  8.6173e+02  7.9360e+03  1.6384e+06  8.7266e+02  
392         4.5984e+10  2.3938e+04  1.6656e+06  5.2881e+02  2.0438e+03  1.5975e+06  2.8091e+02  5.3431e+03  1.6660e+06  8.6457e+02  2.2436e+03  1.6660e+06  8.6429e+02  7.5867e+03  1.6660e+06  8.7567e+02  
393         4.6715e+10  2.2794e+04  1.6935e+06  5.2270e+02  1.9413e+03  1.6254e+06  2.7469e+02  5.1097e+03  1.6941e+06  8.6722e+02  2.1428e+03  1.6940e+06  8.6691e+02  7.2525e+03  1.6941e+06  8.7876e+02  
394         4.7458e+10  2.1705e+04  1.7218e+06  5.1657e+02  1.8439e+03  1.6538e+06  2.6856e+02  4.8864e+03  1.7226e+06  8.6993e+02  2.0465e+03  1.7225e+06  8.6960e+02  6.9329e+03  1.7226e+06  8.8194e+02  
395         4.8214e+10  2.0667e+04  1.7506e+06  5.1041e+02  1.7513e+03  1.6826e+06  2.6253e+02  4.6728e+03  1.7515e+06  8.7271e+02  1.9544e+03  1.7515e+06  8.7236e+02  6.6271e+03  1.7515e+06  8.8520e+02  
396         4.8983e+10  1.9679e+04  1.7798e+06  5.0423e+02  1.6634e+03  1.7119e+06  2.5659e+02  4.4683e+03  1.7809e+06  8.7554e+02  1.8664e+03  1.7808e+06  8.7517e+02  6.3347e+03  1.7809e+06  8.8854e+02  
397         4.9765e+10  1.8738e+04  1.8095e+06  4.9804e+02  1.5799e+03  1.7417e+06  2.5075e+02  4.2727e+03  1.8107e+06  8.7843e+02  1.7824e+03  1.8107e+06  8.7803e+02  6.0551e+03  1.8107e+06  8.9196e+02  
398         5.0560e+10  1.7842e+04  1.8396e+06  4.9182e+02  1.5006e+03  1.7720e+06  2.4500e+02  4.0855e+03  1.8411e+06  8.8137e+02  1.7021e+03  1.8410e+06  8.8093e+02  5.7876e+03  1.8411e+06  8.9544e+02  
399         5.1368e+10  1.6989e+04  1.8702e+06  4.8559e+02  1.4253e+03  1.8027e+06  2.3936e+02  3.9065e+03  1.8719e+06  8.8435e+02  1.6254e+03  1.8718e+06  8.8388e+02  5.5319e+03  1.8719e+06  8.9899e+02  
400         5.2190e+10  1.6174e+04  1.9013e+06  4.7934e+02  1.3536e+03  1.8339e+06  2.3379e+02  3.7350e+03  1.9032e+06  8.8737e+02  1.5520e+03  1.9031e+06  8.8687e+02  5.2870e+03  1.9032e+06  9.0261e+02  
401         5.3026e+10  1.5403e+04  1.9329e+06  4.7308e+02  1.2859e+03  1.8657e+06  2.2835e+02  3.5717e+03  1.9350e+06  8.9042e+02  1.4822e+03  1.9349e+06  8.8988e+02  5.0540e+03  1.9350e+06  9.0628e+02  
