I           X1          NDT_H       VX1_H       TMP_H       NDT_HE      VX1_HE      TMP_HE      NDT_H+      VX1_H+      TMP_H+      NDT_HE+     VX1_HE+     TMP_HE+     NDT_ELC     VX1_ELC     TMP_ELC     
2           9.7177e+09  8.8119e+12  -1.3364e+03 1.8239e+00  9.5910e+11  -1.3367e+03 1.9851e-01  6.7530e+06  -1.3364e+03 1.3977e-06  8.1996e+03  -1.3362e+03 1.6971e-09  6.7602e+06  -1.3358e+03 1.4000e-06  
3           9.7216e+09  8.5211e+12  -1.1176e+02 1.7643e+00  8.9724e+11  -1.1206e+02 1.8577e-01  6.9577e+06  -1.1180e+02 1.4406e-06  7.6791e+03  -1.1239e+02 1.5900e-09  6.9652e+06  -1.1262e+02 1.4431e-06  
4           9.7256e+09  8.2361e+12  1.5574e+00  1.7056e+00  8.3754e+11  1.2463e+00  1.7345e-01  7.3702e+06  1.4972e+00  1.5263e-06  8.1174e+03  4.7664e-01  1.6810e-09  7.3783e+06  1.6498e+00  1.5290e-06  
5           9.7296e+09  7.9597e+12  3.4456e+00  1.6484e+00  7.8054e+11  3.1298e+00  1.6165e-01  7.9361e+06  3.3757e+00  1.6435e-06  8.8942e+03  2.2556e+00  1.8419e-09  7.9450e+06  3.3833e+00  1.6464e-06  
6           9.7337e+09  7.6912e+12  2.9005e-01  1.5928e+00  7.2608e+11  -2.9687e-02 1.5037e-01  8.6072e+06  2.1582e-01  1.7825e-06  9.7396e+03  -9.2094e-01 2.0170e-09  8.6169e+06  1.8933e-01  1.7855e-06  
7           9.7379e+09  7.4302e+12  8.1733e-01  1.5388e+00  6.7403e+11  4.9438e-01  1.3959e-01  9.3429e+06  7.4259e-01  1.9349e-06  1.0604e+04  -4.2073e-01 2.1960e-09  9.3535e+06  7.4970e-01  1.9380e-06  
8           9.7421e+09  7.1766e+12  7.7926e-01  1.4862e+00  6.2437e+11  4.5390e-01  1.2930e-01  1.0110e+07  7.0640e-01  2.0936e-06  1.1503e+04  -5.0281e-01 2.3821e-09  1.0121e+07  7.0766e-01  2.0969e-06  
9           9.7463e+09  6.9303e+12  8.8901e-01  1.4352e+00  5.7702e+11  5.6224e-01  1.1950e-01  1.0881e+07  8.1940e-01  2.2533e-06  1.2451e+04  -4.4592e-01 2.5785e-09  1.0893e+07  8.2158e-01  2.2567e-06  
10          9.7507e+09  6.6912e+12  9.6830e-01  1.3857e+00  5.3194e+11  6.4130e-01  1.1016e-01  1.1635e+07  9.0262e-01  2.4095e-06  1.3451e+04  -4.2197e-01 2.7856e-09  1.1648e+07  9.0436e-01  2.4131e-06  
11          9.7551e+09  6.4591e+12  1.0619e+00  1.3376e+00  4.8907e+11  7.3611e-01  1.0128e-01  1.2357e+07  1.0004e+00  2.5590e-06  1.4498e+04  -3.8345e-01 3.0024e-09  1.2371e+07  1.0022e+00  2.5628e-06  
12          9.7595e+09  6.2338e+12  1.1572e+00  1.2910e+00  4.4836e+11  8.3426e-01  9.2853e-02  1.3035e+07  1.0999e+00  2.6995e-06  1.5581e+04  -3.4208e-01 3.2268e-09  1.3051e+07  1.1015e+00  2.7035e-06  
13          9.7641e+09  6.0153e+12  1.2573e+00  1.2457e+00  4.0976e+11  9.3923e-01  8.4860e-02  1.3663e+07  1.2040e+00  2.8296e-06  1.6688e+04  -2.9401e-01 3.4560e-09  1.3680e+07  1.2055e+00  2.8338e-06  
14          9.7686e+09  5.8034e+12  1.3616e+00  1.2018e+00  3.7323e+11  1.0508e+00  7.7293e-02  1.4237e+07  1.3121e+00  2.9483e-06  1.7801e+04  -2.3887e-01 3.6864e-09  1.4255e+07  1.3135e+00  2.9528e-06  
15          9.7733e+09  5.5978e+12  1.4705e+00  1.1593e+00  3.3870e+11  1.1699e+00  7.0144e-02  1.4754e+07  1.4245e+00  3.0554e-06  1.8898e+04  -1.7494e-01 3.9137e-09  1.4773e+07  1.4258e+00  3.0601e-06  
16          9.7780e+09  5.3985e+12  1.5843e+00  1.1180e+00  3.0614e+11  1.2971e+00  6.3401e-02  1.5214e+07  1.5414e+00  3.1508e-06  1.9956e+04  -1.0029e-01 4.1327e-09  1.5234e+07  1.5426e+00  3.1557e-06  
17          9.7828e+09  5.2053e+12  1.7031e+00  1.0780e+00  2.7550e+11  1.4334e+00  5.7055e-02  1.5619e+07  1.6632e+00  3.2346e-06  2.0945e+04  -1.2358e-02 4.3375e-09  1.5640e+07  1.6642e+00  3.2398e-06  
18          9.7877e+09  5.0180e+12  1.8273e+00  1.0392e+00  2.4674e+11  1.5798e+00  5.1099e-02  1.5971e+07  1.7899e+00  3.3075e-06  2.1833e+04  9.2073e-02  4.5215e-09  1.5993e+07  1.7909e+00  3.3128e-06  
19          9.7926e+09  4.8365e+12  1.9570e+00  1.0016e+00  2.1981e+11  1.7374e+00  4.5522e-02  1.6271e+07  1.9220e+00  3.3697e-06  2.2587e+04  2.1723e-01  4.6776e-09  1.6294e+07  1.9230e+00  3.3752e-06  
20          9.7976e+09  4.6605e+12  2.0926e+00  9.6516e-01  1.9468e+11  1.9076e+00  4.0317e-02  1.6524e+07  2.0596e+00  3.4221e-06  2.3170e+04  3.6850e-01  4.7985e-09  1.6547e+07  2.0606e+00  3.4277e-06  
21          9.8027e+09  4.4899e+12  2.2348e+00  9.2983e-01  1.7130e+11  2.0923e+00  3.5476e-02  1.6732e+07  2.2037e+00  3.4652e-06  2.3549e+04  5.5366e-01  4.8769e-09  1.6756e+07  2.2047e+00  3.4708e-06  
22          9.8079e+09  4.3245e+12  2.3818e+00  8.9557e-01  1.4965e+11  2.2914e+00  3.0991e-02  1.6899e+07  2.3524e+00  3.4997e-06  2.3690e+04  7.8010e-01  4.9061e-09  1.6923e+07  2.3535e+00  3.5054e-06  
23          9.8131e+09  4.1641e+12  2.5433e+00  8.6236e-01  1.2968e+11  2.5163e+00  2.6856e-02  1.7028e+07  2.5153e+00  3.5264e-06  2.3566e+04  1.0699e+00  4.8804e-09  1.7052e+07  2.5173e+00  3.5321e-06  
24          9.8184e+09  4.0085e+12  2.6704e+00  8.3015e-01  1.1136e+11  2.7199e+00  2.3063e-02  1.7124e+07  2.6435e+00  3.5463e-06  2.3155e+04  1.3903e+00  4.7953e-09  1.7147e+07  2.6405e+00  3.5519e-06  
25          9.8238e+09  3.8576e+12  3.0407e+00  7.9889e-01  9.4671e+10  3.1824e+00  1.9606e-02  1.7191e+07  3.0147e+00  3.5602e-06  2.2448e+04  2.0409e+00  4.6488e-09  1.7213e+07  3.0436e+00  3.5656e-06  
26          9.8293e+09  3.7111e+12  2.6904e+00  7.6855e-01  7.9574e+10  2.9418e+00  1.6479e-02  1.7234e+07  2.6648e+00  3.5691e-06  2.1445e+04  2.0849e+00  4.4411e-09  1.7256e+07  2.6203e+00  3.5743e-06  
27          9.8348e+09  3.5689e+12  4.0129e+00  7.3909e-01  6.6047e+10  4.3935e+00  1.3678e-02  1.7259e+07  3.9875e+00  3.5742e-06  2.0162e+04  3.9480e+00  4.1756e-09  1.7279e+07  3.9498e+00  3.5791e-06  
28          9.8404e+09  3.4307e+12  3.0489e+00  7.1047e-01  5.4066e+10  3.5780e+00  1.1197e-02  1.7271e+07  3.0233e+00  3.5767e-06  1.8635e+04  3.7039e+00  3.8593e-09  1.7290e+07  3.0459e+00  3.5813e-06  
29          9.8461e+09  3.2963e+12  3.6735e+00  6.8264e-01  4.3608e+10  4.3657e+00  9.0311e-03  1.7276e+07  3.6471e+00  3.5778e-06  1.6917e+04  5.2400e+00  3.5034e-09  1.7293e+07  3.6514e+00  3.5821e-06  
30          9.8519e+09  3.1655e+12  3.7933e+00  6.5556e-01  3.4655e+10  4.6488e+00  7.1768e-03  1.7281e+07  3.7657e+00  3.5788e-06  1.5087e+04  6.4067e+00  3.1244e-09  1.7296e+07  3.7712e+00  3.5827e-06  
31          9.8578e+09  3.0381e+12  4.0312e+00  6.2918e-01  2.7187e+10  5.0136e+00  5.6302e-03  1.7291e+07  4.0019e+00  3.5809e-06  1.3253e+04  7.5841e+00  2.7446e-09  1.7304e+07  4.0079e+00  3.5843e-06  
32          9.8638e+09  2.9140e+12  4.2347e+00  6.0347e-01  2.1189e+10  5.2294e+00  4.3881e-03  1.7311e+07  4.2033e+00  3.5850e-06  1.1561e+04  7.9990e+00  2.3943e-09  1.7322e+07  4.2093e+00  3.5881e-06  
33          9.8698e+09  2.7928e+12  4.2999e+00  5.7837e-01  1.6647e+10  5.0449e+00  3.4475e-03  1.7345e+07  4.2658e+00  3.5921e-06  1.0192e+04  6.4555e+00  2.1106e-09  1.7355e+07  4.2706e+00  3.5949e-06  
34          9.8759e+09  2.6743e+12  3.6874e+00  5.5384e-01  1.3549e+10  3.7096e+00  2.8059e-03  1.7396e+07  3.6504e+00  3.6026e-06  9.3335e+03  1.4907e+00  1.9329e-09  1.7405e+07  3.6519e+00  3.6053e-06  
35          9.8822e+09  2.5584e+12  -3.5672e+00 5.2984e-01  1.1884e+10  -4.7837e+00 2.4612e-03  1.7465e+07  -3.6074e+00 3.6169e-06  9.1181e+03  -1.1866e+01 1.8883e-09  1.7474e+07  -3.6081e+00 3.6195e-06  
36          9.8885e+09  2.4452e+12  -6.0686e+00 5.0638e-01  1.1290e+10  -8.2779e+00 2.3381e-03  1.7553e+07  -6.1122e+00 3.6352e-06  9.5257e+03  -1.9273e+01 1.9727e-09  1.7563e+07  -6.1156e+00 3.6378e-06  
37          9.8949e+09  2.3351e+12  1.5634e+00  4.8359e-01  1.1141e+10  -9.7520e-01 2.3073e-03  1.7662e+07  1.5160e+00  3.6577e-06  1.0397e+04  -1.3973e+01 2.1533e-09  1.7673e+07  1.5094e+00  3.6606e-06  
38          9.9014e+09  2.2284e+12  1.8666e+00  4.6150e-01  1.1103e+10  -8.7380e-01 2.2995e-03  1.7792e+07  1.8154e+00  3.6845e-06  1.1564e+04  -1.4316e+01 2.3948e-09  1.7803e+07  1.8082e+00  3.6876e-06  
39          9.9080e+09  2.1252e+12  3.1222e+00  4.4012e-01  1.1093e+10  2.3551e-01  2.2973e-03  1.7939e+07  3.0673e+00  3.7150e-06  1.2928e+04  -1.3037e+01 2.6773e-09  1.7952e+07  3.0594e+00  3.7184e-06  
40          9.9147e+09  2.0254e+12  3.4463e+00  4.1946e-01  1.1093e+10  4.0921e-01  2.2974e-03  1.8100e+07  3.3878e+00  3.7485e-06  1.4466e+04  -1.2558e+01 2.9959e-09  1.8115e+07  3.3784e+00  3.7522e-06  
41          9.9215e+09  1.9290e+12  3.6729e+00  3.9948e-01  1.1104e+10  4.6844e-01  2.2995e-03  1.8274e+07  3.6109e+00  3.7845e-06  1.6197e+04  -1.2209e+01 3.3544e-09  1.8290e+07  3.6002e+00  3.7885e-06  
42          9.9284e+09  1.8358e+12  3.7860e+00  3.8019e-01  1.1130e+10  4.0140e-01  2.3050e-03  1.8456e+07  3.7205e+00  3.8222e-06  1.8158e+04  -1.2008e+01 3.7604e-09  1.8475e+07  3.7082e+00  3.8267e-06  
43          9.9353e+09  1.7459e+12  4.0618e+00  3.6157e-01  1.1168e+10  4.9311e-01  2.3129e-03  1.8645e+07  3.9929e+00  3.8614e-06  2.0388e+04  -1.1645e+01 4.2222e-09  1.8666e+07  3.9790e+00  3.8663e-06  
44          9.9424e+09  1.6592e+12  4.3255e+00  3.4361e-01  1.1214e+10  5.6722e-01  2.3224e-03  1.8839e+07  4.2532e+00  3.9014e-06  2.2925e+04  -1.1280e+01 4.7477e-09  1.8862e+07  4.2375e+00  3.9069e-06  
45          9.9496e+09  1.5756e+12  4.6130e+00  3.2629e-01  1.1264e+10  6.5871e-01  2.3327e-03  1.9036e+07  4.5371e+00  3.9422e-06  2.5811e+04  -1.0875e+01 5.3454e-09  1.9061e+07  4.5195e+00  3.9482e-06  
46          9.9569e+09  1.4950e+12  4.9181e+00  3.0962e-01  1.1315e+10  7.6053e-01  2.3432e-03  1.9235e+07  4.8384e+00  3.9835e-06  2.9090e+04  -1.0439e+01 6.0245e-09  1.9264e+07  4.8186e+00  3.9903e-06  
47          9.9643e+09  1.4175e+12  5.2411e+00  2.9357e-01  1.1363e+10  8.7193e-01  2.3532e-03  1.9438e+07  5.1573e+00  4.0254e-06  3.2812e+04  -9.9782e+00 6.7953e-09  1.9470e+07  5.1350e+00  4.0330e-06  
48          9.9719e+09  1.3430e+12  5.5940e+00  2.7813e-01  1.1405e+10  1.0037e+00  2.3620e-03  1.9644e+07  5.5056e+00  4.0682e-06  3.7035e+04  -9.4856e+00 7.6697e-09  1.9681e+07  5.4809e+00  4.0766e-06  
49          9.9795e+09  1.2713e+12  5.9174e+00  2.6329e-01  1.1440e+10  1.0953e+00  2.3691e-03  1.9856e+07  5.8238e+00  4.1120e-06  4.1825e+04  -9.0267e+00 8.6617e-09  1.9898e+07  5.7937e+00  4.1214e-06  
50          9.9872e+09  1.2025e+12  6.5568e+00  2.4904e-01  1.1464e+10  1.4913e+00  2.3741e-03  2.0076e+07  6.4573e+00  4.1576e-06  4.7262e+04  -8.2620e+00 9.7878e-09  2.0123e+07  6.4416e+00  4.1681e-06  
51          9.9951e+09  1.1365e+12  6.5334e+00  2.3536e-01  1.1476e+10  1.2075e+00  2.3767e-03  2.0307e+07  6.4272e+00  4.2055e-06  5.3447e+04  -8.1764e+00 1.1069e-08  2.0361e+07  6.3605e+00  4.2173e-06  
52          1.0003e+10  1.0732e+12  7.9784e+00  2.2225e-01  1.1478e+10  2.3705e+00  2.3770e-03  2.0555e+07  7.8642e+00  4.2568e-06  6.0501e+04  -6.6414e+00 1.2530e-08  2.0615e+07  7.7966e+00  4.2700e-06  
53          1.0011e+10  1.0125e+12  7.2978e+00  2.0969e-01  1.1469e+10  1.3900e+00  2.3751e-03  2.0824e+07  7.1742e+00  4.3125e-06  6.8575e+04  -7.2461e+00 1.4202e-08  2.0892e+07  7.1418e+00  4.3274e-06  
54          1.0019e+10  9.5444e+11  8.2118e+00  1.9766e-01  1.1447e+10  1.9869e+00  2.3706e-03  2.1121e+07  8.0771e+00  4.3741e-06  7.7852e+04  -6.2695e+00 1.6123e-08  2.1199e+07  8.0272e+00  4.3909e-06  
55          1.0028e+10  8.9888e+11  8.6537e+00  1.8615e-01  1.1412e+10  2.0922e+00  2.3633e-03  2.1455e+07  8.5060e+00  4.4431e-06  8.8559e+04  -5.7777e+00 1.8340e-08  2.1543e+07  8.4503e+00  4.4622e-06  
56          1.0036e+10  8.4578e+11  9.2446e+00  1.7516e-01  1.1361e+10  2.3248e+00  2.3528e-03  2.1833e+07  9.0815e+00  4.5214e-06  1.0099e+05  -5.1501e+00 2.0914e-08  2.1934e+07  9.0191e+00  4.5431e-06  
57          1.0045e+10  7.9507e+11  9.8514e+00  1.6465e-01  1.1294e+10  2.5491e+00  2.3389e-03  2.2265e+07  9.6704e+00  4.6110e-06  1.1551e+05  -4.5190e+00 2.3921e-08  2.2381e+07  9.6003e+00  4.6357e-06  
58          1.0053e+10  7.4669e+11  1.0507e+01  1.5464e-01  1.1210e+10  2.7959e+00  2.3215e-03  2.2762e+07  1.0305e+01  4.7140e-06  1.3260e+05  -3.8488e+00 2.7460e-08  2.2895e+07  1.0227e+01  4.7422e-06  
59          1.0062e+10  7.0057e+11  1.1208e+01  1.4508e-01  1.1108e+10  3.0591e+00  2.3004e-03  2.3335e+07  1.0983e+01  4.8327e-06  1.5288e+05  -3.1382e+00 3.1660e-08  2.3488e+07  1.0894e+01  4.8650e-06  
60          1.0071e+10  6.5665e+11  1.1961e+01  1.3599e-01  1.0989e+10  3.3410e+00  2.2758e-03  2.3995e+07  1.1708e+01  4.9693e-06  1.7716e+05  -2.3748e+00 3.6688e-08  2.4172e+07  1.1608e+01  5.0067e-06  
61          1.0080e+10  6.1486e+11  1.2768e+01  1.2733e-01  1.0852e+10  3.6426e+00  2.2475e-03  2.4752e+07  1.2486e+01  5.1260e-06  2.0646e+05  -1.5454e+00 4.2757e-08  2.4958e+07  1.2373e+01  5.1695e-06  
62          1.0089e+10  5.7514e+11  1.3636e+01  1.1911e-01  1.0698e+10  3.9655e+00  2.2156e-03  2.5616e+07  1.3320e+01  5.3050e-06  2.4211e+05  -6.3425e-01 5.0140e-08  2.5858e+07  1.3192e+01  5.3558e-06  
63          1.0099e+10  5.3742e+11  1.4569e+01  1.1130e-01  1.0527e+10  4.3112e+00  2.1801e-03  2.6596e+07  1.4216e+01  5.5079e-06  2.8578e+05  3.7534e-01  5.9183e-08  2.6882e+07  1.4072e+01  5.5678e-06  
64          1.0108e+10  5.0165e+11  1.5573e+01  1.0389e-01  1.0339e+10  4.6815e+00  2.1413e-03  2.7698e+07  1.5181e+01  5.7361e-06  3.3954e+05  1.4994e+00  7.0317e-08  2.8037e+07  1.5018e+01  5.8071e-06  
65          1.0118e+10  4.6774e+11  1.6655e+01  9.6867e-02  1.0136e+10  5.0783e+00  2.0991e-03  2.8926e+07  1.6221e+01  5.9904e-06  4.0597e+05  2.7522e+00  8.4074e-08  2.9332e+07  1.6037e+01  6.0752e-06  
66          1.0128e+10  4.3565e+11  1.7821e+01  9.0220e-02  9.9168e+09  5.5037e+00  2.0537e-03  3.0281e+07  1.7343e+01  6.2710e-06  4.8819e+05  4.1446e+00  1.0110e-07  3.0769e+07  1.7136e+01  6.3728e-06  
67          1.0137e+10  4.0530e+11  1.9080e+01  8.3935e-02  9.6834e+09  5.9600e+00  2.0054e-03  3.1760e+07  1.8555e+01  6.5774e-06  5.8995e+05  5.6842e+00  1.2218e-07  3.2350e+07  1.8323e+01  6.7003e-06  
68          1.0147e+10  3.7663e+11  2.0441e+01  7.7998e-02  9.4365e+09  6.4503e+00  1.9542e-03  3.3357e+07  1.9867e+01  6.9081e-06  7.1562e+05  7.3749e+00  1.4820e-07  3.4073e+07  1.9608e+01  7.0571e-06  
69          1.0158e+10  3.4958e+11  2.1913e+01  7.2397e-02  9.1769e+09  6.9776e+00  1.9005e-03  3.5062e+07  2.1289e+01  7.2611e-06  8.7023e+05  9.2180e+00  1.8022e-07  3.5932e+07  2.0999e+01  7.4421e-06  
70          1.0168e+10  3.2409e+11  2.3508e+01  6.7118e-02  8.9058e+09  7.5457e+00  1.8443e-03  3.6859e+07  2.2830e+01  7.6333e-06  1.0594e+06  1.1213e+01  2.1941e-07  3.7918e+07  2.2508e+01  7.8535e-06  
71          1.0178e+10  3.0010e+11  2.5237e+01  6.2149e-02  8.6241e+09  8.1585e+00  1.7860e-03  3.8731e+07  2.4504e+01  8.0210e-06  1.2894e+06  1.3360e+01  2.6704e-07  4.0020e+07  2.4147e+01  8.2888e-06  
72          1.0189e+10  2.7754e+11  2.7113e+01  5.7478e-02  8.3331e+09  8.8198e+00  1.7257e-03  4.0656e+07  2.6321e+01  8.4196e-06  1.5668e+06  1.5658e+01  3.2449e-07  4.2222e+07  2.5928e+01  8.7449e-06  
73          1.0200e+10  2.5636e+11  2.9156e+01  5.3092e-02  8.0338e+09  9.5400e+00  1.6638e-03  4.2609e+07  2.8302e+01  8.8242e-06  1.8985e+06  1.8115e+01  3.9316e-07  4.4508e+07  2.7870e+01  9.2182e-06  
74          1.0211e+10  2.3650e+11  3.1348e+01  4.8978e-02  7.7274e+09  1.0289e+01  1.6003e-03  4.4565e+07  3.0426e+01  9.2293e-06  2.2912e+06  2.0703e+01  4.7449e-07  4.6857e+07  2.9953e+01  9.7047e-06  
75          1.0222e+10  2.1790e+11  3.3906e+01  4.5126e-02  7.4152e+09  1.1273e+01  1.5357e-03  4.6497e+07  3.2910e+01  9.6293e-06  2.7515e+06  2.3630e+01  5.6982e-07  4.9249e+07  3.2402e+01  1.0200e-05  
76          1.0233e+10  2.0050e+11  3.6204e+01  4.1523e-02  7.0983e+09  1.1851e+01  1.4700e-03  4.8377e+07  3.5126e+01  1.0019e-05  3.2855e+06  2.6263e+01  6.8041e-07  5.1663e+07  3.4545e+01  1.0700e-05  
77          1.0245e+10  1.8425e+11  3.9893e+01  3.8157e-02  6.7779e+09  1.3660e+01  1.4037e-03  5.0180e+07  3.8722e+01  1.0392e-05  3.8983e+06  3.0247e+01  8.0732e-07  5.4078e+07  3.8095e+01  1.1200e-05  
78          1.0256e+10  1.6909e+11  4.2726e+01  3.5018e-02  6.4554e+09  1.4438e+01  1.3369e-03  5.1882e+07  4.1449e+01  1.0745e-05  4.5936e+06  3.3333e+01  9.5133e-07  5.6476e+07  4.0798e+01  1.1697e-05  
79          1.0268e+10  1.5497e+11  4.3620e+01  3.2094e-02  6.1317e+09  1.3080e+01  1.2699e-03  5.3462e+07  4.2223e+01  1.1072e-05  5.3733e+06  3.4435e+01  1.1128e-06  5.8836e+07  4.1514e+01  1.2186e-05  
80          1.0280e+10  1.4185e+11  6.5012e+01  2.9376e-02  5.8090e+09  3.2000e+01  1.2030e-03  5.4907e+07  6.3476e+01  1.1371e-05  6.2370e+06  5.5992e+01  1.2916e-06  6.1144e+07  6.2714e+01  1.2664e-05  
81          1.0292e+10  1.2965e+11  8.5989e+01  2.6850e-02  5.4868e+09  5.0320e+01  1.1363e-03  5.6197e+07  8.4290e+01  1.1638e-05  7.1789e+06  7.7090e+01  1.4867e-06  6.3376e+07  8.3475e+01  1.3126e-05  
82          1.0304e+10  1.1823e+11  7.4121e+01  2.4511e-02  5.1584e+09  3.5638e+01  1.0694e-03  5.7298e+07  7.2223e+01  1.1878e-05  8.1828e+06  6.5275e+01  1.6964e-06  6.5481e+07  7.1357e+01  1.3576e-05  
83          1.0317e+10  1.0746e+11  6.2227e+01  2.2351e-02  4.8177e+09  2.0693e+01  1.0021e-03  5.8173e+07  6.0084e+01  1.2100e-05  9.2249e+06  5.3332e+01  1.9188e-06  6.7398e+07  5.9161e+01  1.4020e-05  
84          1.0330e+10  9.7262e+10  5.4186e+01  2.0366e-02  4.4637e+09  9.2611e+00  9.3465e-04  5.8809e+07  5.1737e+01  1.2314e-05  1.0280e+07  4.5112e+01  2.1525e-06  6.9089e+07  5.0752e+01  1.4468e-05  
85          1.0342e+10  8.7619e+10  5.0230e+01  1.8550e-02  4.0997e+09  1.4737e+00  8.6795e-04  5.9210e+07  4.7403e+01  1.2535e-05  1.1322e+07  4.0822e+01  2.3969e-06  7.0531e+07  4.6347e+01  1.4933e-05  
86          1.0356e+10  7.8539e+10  5.1143e+01  1.6898e-02  3.7315e+09  -1.9812e+00 8.0283e-04  5.9389e+07  4.7852e+01  1.2778e-05  1.2324e+07  4.1229e+01  2.6514e-06  7.1713e+07  4.6714e+01  1.5430e-05  
87          1.0369e+10  7.0043e+10  5.7204e+01  1.5403e-02  3.3660e+09  -9.2399e-01 7.4018e-04  5.9371e+07  5.3347e+01  1.3056e-05  1.3262e+07  4.6587e+01  2.9164e-06  7.2634e+07  5.2113e+01  1.5974e-05  
88          1.0382e+10  6.2160e+10  6.8702e+01  1.4057e-02  3.0103e+09  4.8344e+00  6.8076e-04  5.9184e+07  6.4163e+01  1.3384e-05  1.4117e+07  5.7162e+01  3.1926e-06  7.3301e+07  6.2815e+01  1.6578e-05  
89          1.0396e+10  5.4911e+10  8.5721e+01  1.2852e-02  2.6710e+09  1.5274e+01  6.2516e-04  5.8855e+07  8.0365e+01  1.3775e-05  1.4873e+07  7.3007e+01  3.4812e-06  7.3728e+07  7.8881e+01  1.7258e-05  
90          1.0410e+10  4.8309e+10  1.0821e+02  1.1778e-02  2.3534e+09  3.0239e+01  5.7377e-04  5.8413e+07  1.0188e+02  1.4242e-05  1.5521e+07  9.4041e+01  3.7842e-06  7.3934e+07  1.0024e+02  1.8027e-05  
91          1.0424e+10  4.2354e+10  1.3596e+02  1.0824e-02  2.0613e+09  4.9403e+01  5.2681e-04  5.7882e+07  1.2849e+02  1.4793e-05  1.6057e+07  1.2001e+02  4.1036e-06  7.3939e+07  1.2665e+02  1.8898e-05  
92          1.0438e+10  3.7031e+10  1.6861e+02  9.9798e-03  1.7971e+09  7.2301e+01  4.8430e-04  5.7285e+07  1.5981e+02  1.5438e-05  1.6482e+07  1.5052e+02  4.4419e-06  7.3767e+07  1.5773e+02  1.9882e-05  
93          1.0452e+10  3.2315e+10  2.0570e+02  9.2337e-03  1.5613e+09  9.8348e+01  4.4614e-04  5.6637e+07  1.9535e+02  1.6184e-05  1.6803e+07  1.8506e+02  4.8013e-06  7.3439e+07  1.9300e+02  2.0987e-05  
94          1.0467e+10  2.8169e+10  2.4668e+02  8.5756e-03  1.3537e+09  1.2688e+02  4.1211e-04  5.5951e+07  2.3456e+02  1.7034e-05  1.7029e+07  2.2304e+02  5.1842e-06  7.2980e+07  2.3187e+02  2.2220e-05  
95          1.0482e+10  2.4550e+10  2.9094e+02  7.9951e-03  1.1728e+09  1.5720e+02  3.8193e-04  5.5239e+07  2.7683e+02  1.7990e-05  1.7172e+07  2.6382e+02  5.5922e-06  7.2410e+07  2.7375e+02  2.3584e-05  
96          1.0497e+10  2.1410e+10  3.3790e+02  7.4829e-03  1.0165e+09  1.8862e+02  3.5528e-04  5.4507e+07  3.2156e+02  1.9050e-05  1.7244e+07  3.0677e+02  6.0268e-06  7.1751e+07  3.1801e+02  2.5079e-05  
97          1.0512e+10  1.8700e+10  3.8699e+02  7.0302e-03  8.8258e+08  2.2052e+02  3.3179e-04  5.3760e+07  3.6820e+02  2.0211e-05  1.7259e+07  3.5130e+02  6.4883e-06  7.1020e+07  3.6410e+02  2.6701e-05  
98          1.0528e+10  1.6371e+10  4.3767e+02  6.6291e-03  7.6832e+08  2.5236e+02  3.1111e-04  5.3006e+07  4.1624e+02  2.1464e-05  1.7228e+07  3.9687e+02  6.9763e-06  7.0234e+07  4.1149e+02  2.8442e-05  
99          1.0543e+10  1.4375e+10  4.8955e+02  6.2728e-03  6.7123e+08  2.8381e+02  2.9289e-04  5.2248e+07  4.6531e+02  2.2799e-05  1.7162e+07  4.4313e+02  7.4890e-06  6.9410e+07  4.5983e+02  3.0290e-05  
100         1.0559e+10  1.2669e+10  5.4211e+02  5.9550e-03  5.8891e+08  3.1448e+02  2.7681e-04  5.1493e+07  5.1495e+02  2.4204e-05  1.7070e+07  4.8960e+02  8.0233e-06  6.8562e+07  5.0866e+02  3.2229e-05  
101         1.0576e+10  1.1213e+10  5.9552e+02  5.6705e-03  5.1917e+08  3.4473e+02  2.6254e-04  5.0749e+07  5.6538e+02  2.5664e-05  1.6957e+07  5.3652e+02  8.5749e-06  6.7705e+07  5.5814e+02  3.4241e-05  
102         1.0592e+10  9.9712e+09  6.4902e+02  5.4144e-03  4.6008e+08  3.7411e+02  2.4983e-04  5.0025e+07  6.1591e+02  2.7164e-05  1.6828e+07  5.8328e+02  9.1380e-06  6.6854e+07  6.0769e+02  3.6305e-05  
103         1.0609e+10  8.9119e+09  7.0236e+02  5.1830e-03  4.0994e+08  4.0265e+02  2.3841e-04  4.9335e+07  6.6634e+02  2.8692e-05  1.6688e+07  6.2976e+02  9.7055e-06  6.6023e+07  6.5711e+02  3.8401e-05  
104         1.0626e+10  8.0080e+09  7.5620e+02  4.9726e-03  3.6733e+08  4.3135e+02  2.2810e-04  4.8694e+07  7.1739e+02  3.0237e-05  1.6538e+07  6.7681e+02  1.0269e-05  6.5231e+07  7.0711e+02  4.0509e-05  
105         1.0643e+10  7.2361e+09  8.0994e+02  4.7805e-03  3.3104e+08  4.5987e+02  2.1870e-04  4.8120e+07  7.6848e+02  3.1790e-05  1.6378e+07  7.2399e+02  1.0820e-05  6.4498e+07  7.5720e+02  4.2613e-05  
106         1.0660e+10  6.5761e+09  8.6378e+02  4.6039e-03  3.0005e+08  4.8866e+02  2.1007e-04  4.7634e+07  8.1987e+02  3.3349e-05  1.6210e+07  7.7172e+02  1.1349e-05  6.3845e+07  8.0766e+02  4.4701e-05  
107         1.0678e+10  6.0109e+09  9.1767e+02  4.4409e-03  2.7354e+08  5.1778e+02  2.0209e-04  4.7259e+07  8.7150e+02  3.4915e-05  1.6035e+07  8.2011e+02  1.1846e-05  6.3294e+07  8.5850e+02  4.6765e-05  
108         1.0696e+10  5.5263e+09  9.7164e+02  4.2894e-03  2.5081e+08  5.4736e+02  1.9467e-04  4.7016e+07  9.2342e+02  3.6493e-05  1.5852e+07  8.6935e+02  1.2304e-05  6.2867e+07  9.0980e+02  4.8799e-05  
109         1.0714e+10  5.1100e+09  1.0256e+03  4.1479e-03  2.3130e+08  5.7734e+02  1.8774e-04  4.6922e+07  9.7557e+02  3.8087e-05  1.5662e+07  9.1951e+02  1.2713e-05  6.2585e+07  9.6155e+02  5.0804e-05  
110         1.0732e+10  4.7520e+09  1.0794e+03  4.0149e-03  2.1451e+08  6.0757e+02  1.8124e-04  4.6993e+07  1.0278e+03  3.9704e-05  1.5468e+07  9.7053e+02  1.3069e-05  6.2461e+07  1.0136e+03  5.2775e-05  
111         1.0751e+10  4.4433e+09  1.1326e+03  3.8893e-03  2.0005e+08  6.3773e+02  1.7511e-04  4.7231e+07  1.0799e+03  4.1341e-05  1.5270e+07  1.0221e+03  1.3366e-05  6.2501e+07  1.0658e+03  5.4711e-05  
112         1.0770e+10  4.1767e+09  1.1847e+03  3.7700e-03  1.8757e+08  6.6742e+02  1.6931e-04  4.7631e+07  1.1314e+03  4.2992e-05  1.5072e+07  1.0738e+03  1.3604e-05  6.2702e+07  1.1175e+03  5.6599e-05  
113         1.0789e+10  3.9458e+09  1.2351e+03  3.6562e-03  1.7677e+08  6.9617e+02  1.6380e-04  4.8175e+07  1.1817e+03  4.4639e-05  1.4874e+07  1.1249e+03  1.3782e-05  6.3048e+07  1.1683e+03  5.8424e-05  
114         1.0809e+10  3.7449e+09  1.2833e+03  3.5472e-03  1.6738e+08  7.2354e+02  1.5854e-04  4.8835e+07  1.2304e+03  4.6256e-05  1.4678e+07  1.1747e+03  1.3903e-05  6.3513e+07  1.2175e+03  6.0162e-05  
115         1.0829e+10  3.5693e+09  1.3286e+03  3.4423e-03  1.5917e+08  7.4924e+02  1.5351e-04  4.9573e+07  1.2769e+03  4.7810e-05  1.4487e+07  1.2226e+03  1.3972e-05  6.4061e+07  1.2647e+03  6.1785e-05  
116         1.0849e+10  3.4147e+09  1.3709e+03  3.3413e-03  1.5193e+08  7.7318e+02  1.4866e-04  5.0347e+07  1.3210e+03  4.9264e-05  1.4303e+07  1.2682e+03  1.3995e-05  6.4649e+07  1.3094e+03  6.3261e-05  
117         1.0869e+10  3.2774e+09  1.4102e+03  3.2435e-03  1.4547e+08  7.9549e+02  1.4397e-04  5.1112e+07  1.3627e+03  5.0584e-05  1.4125e+07  1.3114e+03  1.3979e-05  6.5237e+07  1.3516e+03  6.4564e-05  
118         1.0890e+10  3.1543e+09  1.4471e+03  3.1488e-03  1.3964e+08  8.1651e+02  1.3940e-04  5.1829e+07  1.4022e+03  5.1740e-05  1.3954e+07  1.3522e+03  1.3930e-05  6.5783e+07  1.3916e+03  6.5671e-05  
119         1.0911e+10  3.0425e+09  1.4821e+03  3.0570e-03  1.3431e+08  8.3671e+02  1.3495e-04  5.2461e+07  1.4400e+03  5.2710e-05  1.3792e+07  1.3912e+03  1.3858e-05  6.6254e+07  1.4298e+03  6.6569e-05  
120         1.0933e+10  2.9399e+09  1.5159e+03  2.9676e-03  1.2937e+08  8.5662e+02  1.3059e-04  5.2985e+07  1.4767e+03  5.3486e-05  1.3638e+07  1.4288e+03  1.3767e-05  6.6624e+07  1.4669e+03  6.7254e-05  
121         1.0954e+10  2.8445e+09  1.5494e+03  2.8807e-03  1.2472e+08  8.7675e+02  1.2631e-04  5.3384e+07  1.5128e+03  5.4065e-05  1.3493e+07  1.4656e+03  1.3665e-05  6.6877e+07  1.5033e+03  6.7731e-05  
122         1.0976e+10  2.7547e+09  1.5832e+03  2.7961e-03  1.2029e+08  8.9756e+02  1.2210e-04  5.3653e+07  1.5490e+03  5.4459e-05  1.3355e+07  1.5024e+03  1.3555e-05  6.7008e+07  1.5397e+03  6.8015e-05  
123         1.0998e+10  2.6694e+09  1.6180e+03  2.7136e-03  1.1604e+08  9.1940e+02  1.1796e-04  5.3793e+07  1.5859e+03  5.4683e-05  1.3224e+07  1.5397e+03  1.3443e-05  6.7017e+07  1.5767e+03  6.8127e-05  
124         1.1021e+10  2.5876e+09  1.6543e+03  2.6330e-03  1.1193e+08  9.4257e+02  1.1389e-04  5.3814e+07  1.6239e+03  5.4760e-05  1.3099e+07  1.5780e+03  1.3329e-05  6.6914e+07  1.6149e+03  6.8090e-05  
125         1.1044e+10  2.5086e+09  1.6924e+03  2.5544e-03  1.0792e+08  9.6711e+02  1.0990e-04  5.3730e+07  1.6632e+03  5.4712e-05  1.2980e+07  1.6175e+03  1.3217e-05  6.6710e+07  1.6543e+03  6.7930e-05  
126         1.1067e+10  2.4318e+09  1.7330e+03  2.4776e-03  1.0402e+08  9.9356e+02  1.0598e-04  5.3557e+07  1.7046e+03  5.4566e-05  1.2864e+07  1.6591e+03  1.3106e-05  6.6421e+07  1.6958e+03  6.7673e-05  
127         1.1091e+10  2.3570e+09  1.7756e+03  2.4026e-03  1.0020e+08  1.0214e+03  1.0213e-04  5.3312e+07  1.7478e+03  5.4343e-05  1.2751e+07  1.7023e+03  1.2998e-05  6.6064e+07  1.7390e+03  6.7342e-05  
128         1.1115e+10  2.2838e+09  1.8205e+03  2.3292e-03  9.6458e+07  1.0507e+03  9.8375e-05  5.3013e+07  1.7928e+03  5.4066e-05  1.2639e+07  1.7474e+03  1.2891e-05  6.5652e+07  1.7840e+03  6.6958e-05  
129         1.1139e+10  2.2122e+09  1.8682e+03  2.2576e-03  9.2802e+07  1.0821e+03  9.4704e-05  5.2673e+07  1.8404e+03  5.3752e-05  1.2528e+07  1.7951e+03  1.2785e-05  6.5201e+07  1.8317e+03  6.6538e-05  
130         1.1164e+10  2.1420e+09  1.9183e+03  2.1875e-03  8.9230e+07  1.1149e+03  9.1123e-05  5.2306e+07  1.8901e+03  5.3416e-05  1.2415e+07  1.8449e+03  1.2679e-05  6.4721e+07  1.8814e+03  6.6096e-05  
131         1.1189e+10  2.0733e+09  1.9709e+03  2.1190e-03  8.5744e+07  1.1494e+03  8.7635e-05  5.1924e+07  1.9423e+03  5.3069e-05  1.2300e+07  1.8971e+03  1.2572e-05  6.4224e+07  1.9336e+03  6.5642e-05  
132         1.1214e+10  2.0059e+09  2.0261e+03  2.0521e-03  8.2347e+07  1.1855e+03  8.4243e-05  5.1533e+07  1.9968e+03  5.2720e-05  1.2183e+07  1.9517e+03  1.2463e-05  6.3716e+07  1.9882e+03  6.5185e-05  
133         1.1240e+10  1.9400e+09  2.0838e+03  1.9867e-03  7.9043e+07  1.2232e+03  8.0948e-05  5.1141e+07  2.0537e+03  5.2374e-05  1.2062e+07  2.0088e+03  1.2353e-05  6.3203e+07  2.0452e+03  6.4728e-05  
134         1.1266e+10  1.8755e+09  2.1439e+03  1.9229e-03  7.5834e+07  1.2626e+03  7.7752e-05  5.0751e+07  2.1131e+03  5.2035e-05  1.1937e+07  2.0684e+03  1.2239e-05  6.2688e+07  2.1046e+03  6.4274e-05  
135         1.1293e+10  1.8125e+09  2.2066e+03  1.8606e-03  7.2722e+07  1.3035e+03  7.4653e-05  5.0366e+07  2.1750e+03  5.1703e-05  1.1807e+07  2.1304e+03  1.2121e-05  6.2173e+07  2.1665e+03  6.3825e-05  
136         1.1320e+10  1.7510e+09  2.2718e+03  1.7998e-03  6.9707e+07  1.3461e+03  7.1651e-05  4.9986e+07  2.2393e+03  5.1380e-05  1.1674e+07  2.1949e+03  1.1999e-05  6.1660e+07  2.2309e+03  6.3380e-05  
137         1.1347e+10  1.6910e+09  2.3395e+03  1.7405e-03  6.6791e+07  1.3903e+03  6.8746e-05  4.9612e+07  2.3062e+03  5.1064e-05  1.1536e+07  2.2621e+03  1.1873e-05  6.1147e+07  2.2979e+03  6.2939e-05  
138         1.1375e+10  1.6326e+09  2.4098e+03  1.6827e-03  6.3972e+07  1.4362e+03  6.5937e-05  4.9242e+07  2.3757e+03  5.0755e-05  1.1393e+07  2.3318e+03  1.1743e-05  6.0635e+07  2.3675e+03  6.2499e-05  
139         1.1403e+10  1.5757e+09  2.4827e+03  1.6264e-03  6.1250e+07  1.4839e+03  6.3221e-05  4.8876e+07  2.4479e+03  5.0449e-05  1.1246e+07  2.4041e+03  1.1608e-05  6.0122e+07  2.4397e+03  6.2058e-05  
140         1.1431e+10  1.5203e+09  2.5583e+03  1.5715e-03  5.8624e+07  1.5333e+03  6.0597e-05  4.8512e+07  2.5227e+03  5.0146e-05  1.1096e+07  2.4792e+03  1.1469e-05  5.9608e+07  2.5146e+03  6.1616e-05  
141         1.1460e+10  1.4665e+09  2.6366e+03  1.5180e-03  5.6092e+07  1.5847e+03  5.8064e-05  4.8150e+07  2.6003e+03  4.9843e-05  1.0942e+07  2.5570e+03  1.1327e-05  5.9092e+07  2.5923e+03  6.1170e-05  
142         1.1489e+10  1.4141e+09  2.7178e+03  1.4660e-03  5.3652e+07  1.6379e+03  5.5618e-05  4.7787e+07  2.6808e+03  4.9538e-05  1.0784e+07  2.6377e+03  1.1180e-05  5.8571e+07  2.6729e+03  6.0719e-05  
143         1.1519e+10  1.3633e+09  2.8018e+03  1.4153e-03  5.1302e+07  1.6931e+03  5.3259e-05  4.7423e+07  2.7643e+03  4.9231e-05  1.0624e+07  2.7214e+03  1.1029e-05  5.8047e+07  2.7564e+03  6.0261e-05  
144         1.1549e+10  1.3140e+09  2.8890e+03  1.3661e-03  4.9040e+07  1.7504e+03  5.0983e-05  4.7056e+07  2.8508e+03  4.8920e-05  1.0461e+07  2.8081e+03  1.0875e-05  5.7517e+07  2.8430e+03  5.9796e-05  
145         1.1580e+10  1.2661e+09  2.9792e+03  1.3182e-03  4.6864e+07  1.8098e+03  4.8789e-05  4.6686e+07  2.9405e+03  4.8604e-05  1.0295e+07  2.8980e+03  1.0718e-05  5.6981e+07  2.9328e+03  5.9323e-05  
146         1.1611e+10  1.2197e+09  3.0727e+03  1.2716e-03  4.4771e+07  1.8715e+03  4.6675e-05  4.6312e+07  3.0334e+03  4.8282e-05  1.0127e+07  2.9911e+03  1.0558e-05  5.6439e+07  3.0258e+03  5.8841e-05  
147         1.1643e+10  1.1747e+09  3.1697e+03  1.2264e-03  4.2758e+07  1.9355e+03  4.4639e-05  4.5934e+07  3.1298e+03  4.7954e-05  9.9574e+06  3.0877e+03  1.0395e-05  5.5891e+07  3.1223e+03  5.8350e-05  
148         1.1675e+10  1.1310e+09  3.2701e+03  1.1824e-03  4.0825e+07  2.0019e+03  4.2678e-05  4.5551e+07  3.2296e+03  4.7619e-05  9.7859e+06  3.1877e+03  1.0230e-05  5.5337e+07  3.2222e+03  5.7850e-05  
149         1.1707e+10  1.0887e+09  3.3743e+03  1.1397e-03  3.8967e+07  2.0708e+03  4.0791e-05  4.5164e+07  3.3332e+03  4.7278e-05  9.6131e+06  3.2915e+03  1.0063e-05  5.4777e+07  3.3259e+03  5.7342e-05  
150         1.1740e+10  1.0478e+09  3.4822e+03  1.0983e-03  3.7183e+07  2.1422e+03  3.8975e-05  4.4772e+07  3.4405e+03  4.6930e-05  9.4389e+06  3.3990e+03  9.8939e-06  5.4211e+07  3.4333e+03  5.6825e-05  
151         1.1774e+10  1.0081e+09  3.5943e+03  1.0581e-03  3.5470e+07  2.2166e+03  3.7228e-05  4.4375e+07  3.5521e+03  4.6575e-05  9.2638e+06  3.5107e+03  9.7231e-06  5.3639e+07  3.5449e+03  5.6299e-05  
152         1.1808e+10  9.6965e+08  3.7104e+03  1.0190e-03  3.3826e+07  2.2937e+03  3.5549e-05  4.3975e+07  3.6675e+03  4.6214e-05  9.0879e+06  3.6263e+03  9.5507e-06  5.3063e+07  3.6605e+03  5.5766e-05  
153         1.1842e+10  9.3245e+08  3.8305e+03  9.8119e-04  3.2250e+07  2.3734e+03  3.3935e-05  4.3570e+07  3.7870e+03  4.5847e-05  8.9112e+06  3.7460e+03  9.3770e-06  5.2481e+07  3.7801e+03  5.5225e-05  
154         1.1877e+10  8.9646e+08  3.9554e+03  9.4449e-04  3.0739e+07  2.4565e+03  3.2385e-05  4.3162e+07  3.9113e+03  4.5474e-05  8.7342e+06  3.8704e+03  9.2022e-06  5.1896e+07  3.9044e+03  5.4678e-05  
155         1.1912e+10  8.6163e+08  4.0849e+03  9.0892e-04  2.9290e+07  2.5426e+03  3.0897e-05  4.2750e+07  4.0401e+03  4.5096e-05  8.5568e+06  3.9994e+03  9.0264e-06  5.1306e+07  4.0333e+03  5.4123e-05  
156         1.1948e+10  8.2795e+08  4.2192e+03  8.7446e-04  2.7902e+07  2.6320e+03  2.9469e-05  4.2334e+07  4.1738e+03  4.4712e-05  8.3793e+06  4.1332e+03  8.8500e-06  5.0713e+07  4.1671e+03  5.3563e-05  
157         1.1985e+10  7.9539e+08  4.3585e+03  8.4107e-04  2.6572e+07  2.7248e+03  2.8098e-05  4.1916e+07  4.3124e+03  4.4323e-05  8.2019e+06  4.2719e+03  8.6729e-06  5.0117e+07  4.3058e+03  5.2997e-05  
158         1.2022e+10  7.6391e+08  4.5030e+03  8.0873e-04  2.5299e+07  2.8211e+03  2.6783e-05  4.1494e+07  4.4563e+03  4.3929e-05  8.0247e+06  4.4159e+03  8.4955e-06  4.9519e+07  4.4497e+03  5.2425e-05  
159         1.2059e+10  7.3349e+08  4.6529e+03  7.7743e-04  2.4081e+07  2.9211e+03  2.5523e-05  4.1070e+07  4.6055e+03  4.3530e-05  7.8478e+06  4.5653e+03  8.3179e-06  4.8918e+07  4.5991e+03  5.1849e-05  
160         1.2097e+10  7.0411e+08  4.8085e+03  7.4714e-04  2.2915e+07  3.0249e+03  2.4316e-05  4.0643e+07  4.7603e+03  4.3127e-05  7.6715e+06  4.7203e+03  8.1403e-06  4.8315e+07  4.7540e+03  5.1268e-05  
161         1.2136e+10  6.7574e+08  4.9698e+03  7.1783e-04  2.1801e+07  3.1327e+03  2.3159e-05  4.0214e+07  4.9210e+03  4.2720e-05  7.4959e+06  4.8811e+03  7.9629e-06  4.7710e+07  4.9147e+03  5.0683e-05  
162         1.2175e+10  6.4834e+08  5.1373e+03  6.8948e-04  2.0735e+07  3.2445e+03  2.2051e-05  3.9783e+07  5.0877e+03  4.2308e-05  7.3212e+06  5.0479e+03  7.7858e-06  4.7104e+07  5.0816e+03  5.0094e-05  
163         1.2215e+10  6.2190e+08  5.3110e+03  6.6208e-04  1.9717e+07  3.3606e+03  2.0990e-05  3.9350e+07  5.2607e+03  4.1892e-05  7.1475e+06  5.2210e+03  7.6093e-06  4.6497e+07  5.2546e+03  4.9502e-05  
164         1.2256e+10  5.9639e+08  5.4912e+03  6.3559e-04  1.8744e+07  3.4811e+03  1.9976e-05  3.8914e+07  5.4403e+03  4.1471e-05  6.9750e+06  5.4006e+03  7.4334e-06  4.5889e+07  5.4343e+03  4.8906e-05  
165         1.2297e+10  5.7179e+08  5.6782e+03  6.0999e-04  1.7815e+07  3.6062e+03  1.9005e-05  3.8476e+07  5.6265e+03  4.1047e-05  6.8038e+06  5.5870e+03  7.2584e-06  4.5280e+07  5.6206e+03  4.8306e-05  
166         1.2338e+10  5.4806e+08  5.8723e+03  5.8527e-04  1.6928e+07  3.7360e+03  1.8077e-05  3.8036e+07  5.8199e+03  4.0619e-05  6.6340e+06  5.7804e+03  7.0844e-06  4.4670e+07  5.8140e+03  4.7704e-05  
167         1.2380e+10  5.2519e+08  6.0736e+03  5.6140e-04  1.6081e+07  3.8707e+03  1.7189e-05  3.7594e+07  6.0205e+03  4.0186e-05  6.4659e+06  5.9811e+03  6.9116e-06  4.4060e+07  6.0147e+03  4.7098e-05  
168         1.2423e+10  5.0316e+08  6.2824e+03  5.3835e-04  1.5273e+07  4.0106e+03  1.6341e-05  3.7150e+07  6.2286e+03  3.9749e-05  6.2995e+06  6.1894e+03  6.7401e-06  4.3450e+07  6.2229e+03  4.6490e-05  
169         1.2466e+10  4.8193e+08  6.4991e+03  5.1612e-04  1.4503e+07  4.1557e+03  1.5532e-05  3.6704e+07  6.4446e+03  3.9308e-05  6.1349e+06  6.4054e+03  6.5701e-06  4.2839e+07  6.4390e+03  4.5879e-05  
170         1.2510e+10  4.6149e+08  6.7239e+03  4.9467e-04  1.3768e+07  4.3063e+03  1.4758e-05  3.6256e+07  6.6687e+03  3.8863e-05  5.9724e+06  6.6296e+03  6.4018e-06  4.2228e+07  6.6632e+03  4.5265e-05  
171         1.2555e+10  4.4182e+08  6.9571e+03  4.7399e-04  1.3068e+07  4.4625e+03  1.4020e-05  3.5806e+07  6.9012e+03  3.8413e-05  5.8119e+06  6.8622e+03  6.2352e-06  4.1618e+07  6.8958e+03  4.4649e-05  
172         1.2601e+10  4.2288e+08  7.1990e+03  4.5405e-04  1.2401e+07  4.6247e+03  1.3315e-05  3.5353e+07  7.1424e+03  3.7959e-05  5.6537e+06  7.1034e+03  6.0705e-06  4.1007e+07  7.1371e+03  4.4031e-05  
173         1.2647e+10  4.0467e+08  7.4499e+03  4.3484e-04  1.1766e+07  4.7928e+03  1.2643e-05  3.4898e+07  7.3926e+03  3.7501e-05  5.4978e+06  7.3537e+03  5.9078e-06  4.0396e+07  7.3874e+03  4.3410e-05  
174         1.2693e+10  3.8715e+08  7.7101e+03  4.1634e-04  1.1161e+07  4.9673e+03  1.2002e-05  3.4441e+07  7.6522e+03  3.7038e-05  5.3443e+06  7.6133e+03  5.7473e-06  3.9785e+07  7.6470e+03  4.2786e-05  
175         1.2741e+10  3.7031e+08  7.9799e+03  3.9852e-04  1.0584e+07  5.1482e+03  1.1391e-05  3.3982e+07  7.9214e+03  3.6571e-05  5.1933e+06  7.8825e+03  5.5890e-06  3.9175e+07  7.9163e+03  4.2160e-05  
176         1.2789e+10  3.5413e+08  8.2598e+03  3.8137e-04  1.0036e+07  5.3360e+03  1.0808e-05  3.3520e+07  8.2008e+03  3.6099e-05  5.0449e+06  8.1619e+03  5.4331e-06  3.8565e+07  8.1957e+03  4.1533e-05  
177         1.2837e+10  3.3858e+08  8.5499e+03  3.6486e-04  9.5144e+06  5.5306e+03  1.0253e-05  3.3056e+07  8.4903e+03  3.5622e-05  4.8992e+06  8.4515e+03  5.2795e-06  3.7955e+07  8.4853e+03  4.0903e-05  
178         1.2887e+10  3.2365e+08  8.8504e+03  3.4899e-04  9.0182e+06  5.7322e+03  9.7240e-06  3.2590e+07  8.7903e+03  3.5142e-05  4.7561e+06  8.7515e+03  5.1285e-06  3.7346e+07  8.7854e+03  4.0271e-05  
179         1.2937e+10  3.0932e+08  9.1622e+03  3.3372e-04  8.5464e+06  5.9413e+03  9.2204e-06  3.2122e+07  9.1016e+03  3.4656e-05  4.6159e+06  9.0628e+03  4.9801e-06  3.6738e+07  9.0967e+03  3.9637e-05  
180         1.2988e+10  2.9556e+08  9.4852e+03  3.1904e-04  8.0978e+06  6.1580e+03  8.7410e-06  3.1652e+07  9.4242e+03  3.4166e-05  4.4784e+06  9.3853e+03  4.8343e-06  3.6130e+07  9.4194e+03  3.9001e-05  
181         1.3040e+10  2.8236e+08  9.8199e+03  3.0494e-04  7.6715e+06  6.3826e+03  8.2847e-06  3.1179e+07  9.7585e+03  3.3672e-05  4.3438e+06  9.7196e+03  4.6912e-06  3.5523e+07  9.7537e+03  3.8364e-05  
182         1.3092e+10  2.6971e+08  1.0167e+04  2.9140e-04  7.2664e+06  6.6152e+03  7.8505e-06  3.0705e+07  1.0105e+04  3.3174e-05  4.2121e+06  1.0066e+04  4.5508e-06  3.4917e+07  1.0100e+04  3.7726e-05  
183         1.3145e+10  2.5758e+08  1.0526e+04  2.7839e-04  6.8817e+06  6.8561e+03  7.4375e-06  3.0229e+07  1.0464e+04  3.2672e-05  4.0833e+06  1.0425e+04  4.4133e-06  3.4312e+07  1.0459e+04  3.7086e-05  
184         1.3199e+10  2.4595e+08  1.0898e+04  2.6590e-04  6.5163e+06  7.1055e+03  7.0448e-06  2.9752e+07  1.0835e+04  3.2165e-05  3.9575e+06  1.0796e+04  4.2786e-06  3.3709e+07  1.0831e+04  3.6445e-05  
185         1.3254e+10  2.3481e+08  1.1283e+04  2.5392e-04  6.1694e+06  7.3637e+03  6.6714e-06  2.9273e+07  1.1220e+04  3.1655e-05  3.8346e+06  1.1181e+04  4.1467e-06  3.3107e+07  1.1216e+04  3.5803e-05  
186         1.3309e+10  2.2413e+08  1.1682e+04  2.4242e-04  5.8402e+06  7.6310e+03  6.3166e-06  2.8792e+07  1.1619e+04  3.1142e-05  3.7146e+06  1.1580e+04  4.0177e-06  3.2507e+07  1.1614e+04  3.5160e-05  
187         1.3366e+10  2.1392e+08  1.2094e+04  2.3140e-04  5.5278e+06  7.9075e+03  5.9794e-06  2.8311e+07  1.2031e+04  3.0625e-05  3.5976e+06  1.1992e+04  3.8916e-06  3.1909e+07  1.2027e+04  3.4517e-05  
188         1.3423e+10  2.0414e+08  1.2521e+04  2.2083e-04  5.2314e+06  8.1935e+03  5.6591e-06  2.7829e+07  1.2458e+04  3.0105e-05  3.4835e+06  1.2419e+04  3.7684e-06  3.1313e+07  1.2454e+04  3.3874e-05  
189         1.3481e+10  1.9478e+08  1.2963e+04  2.1070e-04  4.9504e+06  8.4893e+03  5.3549e-06  2.7347e+07  1.2900e+04  2.9583e-05  3.3724e+06  1.2861e+04  3.6481e-06  3.0720e+07  1.2896e+04  3.3232e-05  
190         1.3540e+10  1.8583e+08  1.3420e+04  2.0100e-04  4.6839e+06  8.7950e+03  5.0661e-06  2.6865e+07  1.3357e+04  2.9058e-05  3.2641e+06  1.3317e+04  3.5307e-06  3.0129e+07  1.3353e+04  3.2589e-05  
191         1.3599e+10  1.7727e+08  1.3892e+04  1.9171e-04  4.4312e+06  9.1110e+03  4.7919e-06  2.6382e+07  1.3829e+04  2.8531e-05  3.1588e+06  1.3790e+04  3.4161e-06  2.9541e+07  1.3825e+04  3.1948e-05  
192         1.3660e+10  1.6908e+08  1.4380e+04  1.8281e-04  4.1918e+06  9.4374e+03  4.5318e-06  2.5900e+07  1.4318e+04  2.8003e-05  3.0563e+06  1.4278e+04  3.3044e-06  2.8957e+07  1.4314e+04  3.1308e-05  
193         1.3722e+10  1.6126e+08  1.4885e+04  1.7429e-04  3.9649e+06  9.7745e+03  4.2850e-06  2.5419e+07  1.4823e+04  2.7473e-05  2.9567e+06  1.4783e+04  3.1955e-06  2.8376e+07  1.4819e+04  3.0669e-05  
194         1.3784e+10  1.5379e+08  1.5406e+04  1.6614e-04  3.7499e+06  1.0123e+04  4.0509e-06  2.4939e+07  1.5344e+04  2.6942e-05  2.8598e+06  1.5304e+04  3.0895e-06  2.7799e+07  1.5340e+04  3.0032e-05  
195         1.3847e+10  1.4665e+08  1.5945e+04  1.5834e-04  3.5464e+06  1.0482e+04  3.8289e-06  2.4460e+07  1.5883e+04  2.6410e-05  2.7657e+06  1.5843e+04  2.9862e-06  2.7226e+07  1.5879e+04  2.9397e-05  
196         1.3911e+10  1.3983e+08  1.6500e+04  1.5088e-04  3.3536e+06  1.0852e+04  3.6185e-06  2.3983e+07  1.6440e+04  2.5879e-05  2.6743e+06  1.6399e+04  2.8857e-06  2.6657e+07  1.6436e+04  2.8765e-05  
197         1.3977e+10  1.3332e+08  1.7074e+04  1.4375e-04  3.1711e+06  1.1234e+04  3.4191e-06  2.3508e+07  1.7014e+04  2.5347e-05  2.5856e+06  1.6973e+04  2.7879e-06  2.6093e+07  1.7010e+04  2.8136e-05  
198         1.4043e+10  1.2710e+08  1.7666e+04  1.3693e-04  2.9983e+06  1.1628e+04  3.2301e-06  2.3035e+07  1.7607e+04  2.4817e-05  2.4995e+06  1.7566e+04  2.6928e-06  2.5534e+07  1.7603e+04  2.7510e-05  
199         1.4110e+10  1.2117e+08  1.8277e+04  1.3042e-04  2.8348e+06  1.2034e+04  3.0510e-06  2.2565e+07  1.8218e+04  2.4287e-05  2.4160e+06  1.8178e+04  2.6004e-06  2.4981e+07  1.8214e+04  2.6888e-05  
200         1.4178e+10  1.1551e+08  1.8907e+04  1.2419e-04  2.6801e+06  1.2453e+04  2.8814e-06  2.2097e+07  1.8849e+04  2.3759e-05  2.3350e+06  1.8808e+04  2.5105e-06  2.4432e+07  1.8845e+04  2.6270e-05  
201         1.4247e+10  1.1011e+08  1.9557e+04  1.1825e-04  2.5338e+06  1.2883e+04  2.7208e-06  2.1634e+07  1.9500e+04  2.3232e-05  2.2565e+06  1.9459e+04  2.4232e-06  2.3890e+07  1.9496e+04  2.5656e-05  
202         1.4317e+10  1.0496e+08  2.0226e+04  1.1257e-04  2.3953e+06  1.3327e+04  2.5688e-06  2.1173e+07  2.0170e+04  2.2708e-05  2.1804e+06  2.0129e+04  2.3384e-06  2.3354e+07  2.0166e+04  2.5047e-05  
203         1.4388e+10  1.0005e+08  2.0916e+04  1.0714e-04  2.2644e+06  1.3783e+04  2.4248e-06  2.0717e+07  2.0861e+04  2.2187e-05  2.1066e+06  2.0819e+04  2.2561e-06  2.2824e+07  2.0857e+04  2.4444e-05  
204         1.4460e+10  9.5364e+07  2.1626e+04  1.0197e-04  2.1406e+06  1.4252e+04  2.2886e-06  2.0265e+07  2.1573e+04  2.1669e-05  2.0352e+06  2.1531e+04  2.1762e-06  2.2300e+07  2.1569e+04  2.3845e-05  
205         1.4533e+10  9.0899e+07  2.2358e+04  9.7027e-05  2.0235e+06  1.4735e+04  2.1597e-06  1.9818e+07  2.2305e+04  2.1154e-05  1.9661e+06  2.2263e+04  2.0987e-06  2.1784e+07  2.2302e+04  2.3253e-05  
206         1.4607e+10  8.6643e+07  2.3111e+04  9.2313e-05  1.9128e+06  1.5230e+04  2.0378e-06  1.9375e+07  2.3060e+04  2.0643e-05  1.8991e+06  2.3018e+04  2.0234e-06  2.1274e+07  2.3056e+04  2.2667e-05  
207         1.4683e+10  8.2586e+07  2.3886e+04  8.7814e-05  1.8082e+06  1.5740e+04  1.9225e-06  1.8937e+07  2.3836e+04  2.0136e-05  1.8343e+06  2.3794e+04  1.9505e-06  2.0771e+07  2.3833e+04  2.2087e-05  
208         1.4759e+10  7.8720e+07  2.4683e+04  8.3523e-05  1.7093e+06  1.6263e+04  1.8134e-06  1.8504e+07  2.4635e+04  1.9633e-05  1.7716e+06  2.4593e+04  1.8798e-06  2.0276e+07  2.4631e+04  2.1514e-05  
209         1.4837e+10  7.5035e+07  2.5503e+04  7.9431e-05  1.6158e+06  1.6800e+04  1.7103e-06  1.8077e+07  2.5457e+04  1.9136e-05  1.7110e+06  2.5414e+04  1.8112e-06  1.9788e+07  2.5453e+04  2.0947e-05  
210         1.4915e+10  7.1525e+07  2.6346e+04  7.5528e-05  1.5275e+06  1.7351e+04  1.6128e-06  1.7655e+07  2.6302e+04  1.8643e-05  1.6523e+06  2.6259e+04  1.7448e-06  1.9307e+07  2.6298e+04  2.0389e-05  
211         1.4995e+10  6.8180e+07  2.7213e+04  7.1807e-05  1.4440e+06  1.7917e+04  1.5207e-06  1.7239e+07  2.7170e+04  1.8156e-05  1.5955e+06  2.7127e+04  1.6804e-06  1.8834e+07  2.7166e+04  1.9837e-05  
212         1.5076e+10  6.4993e+07  2.8103e+04  6.8259e-05  1.3651e+06  1.8497e+04  1.4336e-06  1.6829e+07  2.8062e+04  1.7675e-05  1.5406e+06  2.8019e+04  1.6181e-06  1.8369e+07  2.8059e+04  1.9293e-05  
213         1.5158e+10  6.1957e+07  2.9018e+04  6.4878e-05  1.2906e+06  1.9091e+04  1.3513e-06  1.6425e+07  2.8979e+04  1.7199e-05  1.4875e+06  2.8936e+04  1.5577e-06  1.7912e+07  2.8976e+04  1.8757e-05  
214         1.5241e+10  5.9065e+07  2.9957e+04  6.1656e-05  1.2202e+06  1.9700e+04  1.2735e-06  1.6027e+07  2.9921e+04  1.6730e-05  1.4362e+06  2.9877e+04  1.4992e-06  1.7463e+07  2.9917e+04  1.8230e-05  
215         1.5326e+10  5.6310e+07  3.0922e+04  5.8585e-05  1.1537e+06  2.0324e+04  1.2001e-06  1.5635e+07  3.0888e+04  1.6267e-05  1.3866e+06  3.0844e+04  1.4427e-06  1.7022e+07  3.0884e+04  1.7710e-05  
216         1.5412e+10  5.3685e+07  3.1912e+04  5.5660e-05  1.0908e+06  2.0963e+04  1.1307e-06  1.5250e+07  3.1880e+04  1.5811e-05  1.3387e+06  3.1836e+04  1.3879e-06  1.6589e+07  3.1877e+04  1.7199e-05  
217         1.5499e+10  5.1185e+07  3.2928e+04  5.2872e-05  1.0314e+06  2.1618e+04  1.0652e-06  1.4871e+07  3.2899e+04  1.5362e-05  1.2923e+06  3.2855e+04  1.3349e-06  1.6163e+07  3.2895e+04  1.6697e-05  
218         1.5587e+10  4.8803e+07  3.3970e+04  5.0218e-05  9.7527e+05  2.2287e+04  1.0034e-06  1.4499e+07  3.3944e+04  1.4919e-05  1.2475e+06  3.3900e+04  1.2837e-06  1.5746e+07  3.3940e+04  1.6203e-05  
219         1.5677e+10  4.6535e+07  3.5039e+04  4.7689e-05  9.2225e+05  2.2972e+04  9.4497e-07  1.4133e+07  3.5016e+04  1.4484e-05  1.2042e+06  3.4972e+04  1.2341e-06  1.5337e+07  3.5013e+04  1.5718e-05  
220         1.5768e+10  4.4373e+07  3.6136e+04  4.5281e-05  8.7215e+05  2.3673e+04  8.8984e-07  1.3774e+07  3.6116e+04  1.4056e-05  1.1624e+06  3.6071e+04  1.1862e-06  1.4936e+07  3.6112e+04  1.5242e-05  
221         1.5860e+10  4.2314e+07  3.7260e+04  4.2989e-05  8.2481e+05  2.4390e+04  8.3780e-07  1.3421e+07  3.7243e+04  1.3635e-05  1.1220e+06  3.7198e+04  1.1399e-06  1.4543e+07  3.7240e+04  1.4775e-05  
222         1.5953e+10  4.0352e+07  3.8413e+04  4.0806e-05  7.8007e+05  2.5123e+04  7.8869e-07  1.3075e+07  3.8399e+04  1.3222e-05  1.0830e+06  3.8354e+04  1.0951e-06  1.4158e+07  3.8396e+04  1.4318e-05  
223         1.6048e+10  3.8483e+07  3.9595e+04  3.8728e-05  7.3780e+05  2.5872e+04  7.4234e-07  1.2735e+07  3.9584e+04  1.2816e-05  1.0452e+06  3.9539e+04  1.0519e-06  1.3781e+07  3.9581e+04  1.3869e-05  
224         1.6145e+10  3.6702e+07  4.0806e+04  3.6750e-05  6.9784e+05  2.6638e+04  6.9860e-07  1.2402e+07  4.0799e+04  1.2419e-05  1.0088e+06  4.0754e+04  1.0101e-06  1.3411e+07  4.0795e+04  1.3429e-05  
225         1.6242e+10  3.5005e+07  4.2047e+04  3.4867e-05  6.6008e+05  2.7420e+04  6.5734e-07  1.2076e+07  4.2043e+04  1.2029e-05  9.7356e+05  4.1998e+04  9.6975e-07  1.3049e+07  4.2040e+04  1.2999e-05  
226         1.6342e+10  3.3388e+07  4.3318e+04  3.3076e-05  6.2439e+05  2.8220e+04  6.1842e-07  1.1756e+07  4.3319e+04  1.1646e-05  9.3953e+05  4.3273e+04  9.3078e-07  1.2695e+07  4.3315e+04  1.2577e-05  
227         1.6442e+10  3.1846e+07  4.4621e+04  3.1372e-05  5.9064e+05  2.9036e+04  5.8170e-07  1.1442e+07  4.4625e+04  1.1272e-05  9.0665e+05  4.4580e+04  8.9315e-07  1.2349e+07  4.4622e+04  1.2165e-05  
228         1.6544e+10  3.0377e+07  4.5955e+04  2.9750e-05  5.5875e+05  2.9870e+04  5.4707e-07  1.1135e+07  4.5964e+04  1.0905e-05  8.7488e+05  4.5918e+04  8.5683e-07  1.2010e+07  4.5960e+04  1.1763e-05  
229         1.6648e+10  2.8977e+07  4.7322e+04  2.8208e-05  5.2859e+05  3.0722e+04  5.1442e-07  1.0834e+07  4.7335e+04  1.0547e-05  8.4418e+05  4.7289e+04  8.2179e-07  1.1678e+07  4.7332e+04  1.1369e-05  
230         1.6753e+10  2.7642e+07  4.8722e+04  2.6741e-05  5.0007e+05  3.1592e+04  4.8362e-07  1.0539e+07  4.8739e+04  1.0196e-05  8.1453e+05  4.8694e+04  7.8798e-07  1.1354e+07  4.8736e+04  1.0984e-05  
231         1.6860e+10  2.6369e+07  5.0156e+04  2.5345e-05  4.7310e+05  3.2480e+04  4.5459e-07  1.0251e+07  5.0178e+04  9.8531e-06  7.8587e+05  5.0132e+04  7.5537e-07  1.1037e+07  5.0175e+04  1.0609e-05  
232         1.6968e+10  2.5156e+07  5.1625e+04  2.4019e-05  4.4759e+05  3.3388e+04  4.2723e-07  9.9686e+06  5.1652e+04  9.5182e-06  7.5818e+05  5.1606e+04  7.2392e-07  1.0727e+07  5.1648e+04  1.0242e-05  
233         1.7078e+10  2.3999e+07  5.3129e+04  2.2757e-05  4.2347e+05  3.4314e+04  4.0143e-07  9.6923e+06  5.3161e+04  9.1911e-06  7.3142e+05  5.3115e+04  6.9360e-07  1.0424e+07  5.3158e+04  9.8850e-06  
234         1.7189e+10  2.2895e+07  5.4670e+04  2.1558e-05  4.0064e+05  3.5260e+04  3.7712e-07  9.4219e+06  5.4706e+04  8.8719e-06  7.0556e+05  5.4661e+04  6.6438e-07  1.0127e+07  5.4703e+04  9.5366e-06  
235         1.7302e+10  2.1843e+07  5.6248e+04  2.0419e-05  3.7905e+05  3.6226e+04  3.5422e-07  9.1573e+06  5.6290e+04  8.5605e-06  6.8058e+05  5.6244e+04  6.3622e-07  9.8379e+06  5.6286e+04  9.1970e-06  
236         1.7417e+10  2.0839e+07  5.7864e+04  1.9336e-05  3.5863e+05  3.7212e+04  3.3263e-07  8.8986e+06  5.7911e+04  8.2568e-06  6.5643e+05  5.7865e+04  6.0909e-07  9.5550e+06  5.7908e+04  8.8662e-06  
237         1.7533e+10  1.9881e+07  5.9519e+04  1.8306e-05  3.3930e+05  3.8219e+04  3.1230e-07  8.6456e+06  5.9572e+04  7.9609e-06  6.3309e+05  5.9526e+04  5.8296e-07  9.2787e+06  5.9569e+04  8.5442e-06  
238         1.7651e+10  1.8968e+07  6.1214e+04  1.7329e-05  3.2100e+05  3.9248e+04  2.9315e-07  8.3982e+06  6.1273e+04  7.6727e-06  6.1054e+05  6.1227e+04  5.5780e-07  9.0087e+06  6.1270e+04  8.2307e-06  
239         1.7771e+10  1.8096e+07  6.2950e+04  1.6400e-05  3.0369e+05  4.0298e+04  2.7511e-07  8.1563e+06  6.3015e+04  7.3920e-06  5.8875e+05  6.2970e+04  5.3358e-07  8.7450e+06  6.3012e+04  7.9258e-06  
240         1.7892e+10  1.7264e+07  6.4729e+04  1.5518e-05  2.8730e+05  4.1371e+04  2.5813e-07  7.9198e+06  6.4800e+04  7.1188e-06  5.6768e+05  6.4755e+04  5.1027e-07  8.4875e+06  6.4797e+04  7.6294e-06  
241         1.8015e+10  1.6471e+07  6.6551e+04  1.4680e-05  2.7179e+05  4.2467e+04  2.4214e-07  7.6888e+06  6.6629e+04  6.8531e-06  5.4732e+05  6.6583e+04  4.8784e-07  8.2361e+06  6.6626e+04  7.3412e-06  
242         1.8140e+10  1.5713e+07  6.8418e+04  1.3885e-05  2.5711e+05  4.3587e+04  2.2709e-07  7.4630e+06  6.8503e+04  6.5948e-06  5.2765e+05  6.8457e+04  4.6626e-07  7.9906e+06  6.8499e+04  7.0613e-06  
243         1.8267e+10  1.4991e+07  7.0330e+04  1.3130e-05  2.4321e+05  4.4731e+04  2.1292e-07  7.2424e+06  7.0422e+04  6.3437e-06  5.0863e+05  7.0376e+04  4.4552e-07  7.7510e+06  7.0419e+04  6.7895e-06  
244         1.8396e+10  1.4301e+07  7.2290e+04  1.2414e-05  2.3005e+05  4.5900e+04  1.9959e-07  7.0269e+06  7.2389e+04  6.0999e-06  4.9025e+05  7.2344e+04  4.2557e-07  7.5171e+06  7.2386e+04  6.5257e-06  
245         1.8527e+10  1.3642e+07  7.4298e+04  1.1734e-05  2.1759e+05  4.7094e+04  1.8705e-07  6.8164e+06  7.4405e+04  5.8631e-06  4.7248e+05  7.4359e+04  4.0640e-07  7.2889e+06  7.4402e+04  6.2697e-06  
246         1.8659e+10  1.3014e+07  7.6356e+04  1.1089e-05  2.0579e+05  4.8316e+04  1.7525e-07  6.6109e+06  7.6471e+04  5.6333e-06  4.5531e+05  7.6425e+04  3.8798e-07  7.0662e+06  7.6468e+04  6.0215e-06  
247         1.8794e+10  1.2414e+07  7.8466e+04  1.0477e-05  1.9461e+05  4.9564e+04  1.6416e-07  6.4103e+06  7.8588e+04  5.4105e-06  4.3872e+05  7.8543e+04  3.7029e-07  6.8490e+06  7.8585e+04  5.7810e-06  
248         1.8930e+10  1.1841e+07  8.0628e+04  9.8967e-06  1.8403e+05  5.0841e+04  1.5373e-07  6.2144e+06  8.0758e+04  5.1944e-06  4.2268e+05  8.0713e+04  3.5330e-07  6.6371e+06  8.0755e+04  5.5479e-06  
249         1.9068e+10  1.1294e+07  8.2844e+04  9.3465e-06  1.7402e+05  5.2147e+04  1.4392e-07  6.0233e+06  8.2983e+04  4.9850e-06  4.0718e+05  8.2938e+04  3.3699e-07  6.4305e+06  8.2981e+04  5.3222e-06  
250         1.9209e+10  1.0772e+07  8.5117e+04  8.8250e-06  1.6453e+05  5.3482e+04  1.3470e-07  5.8368e+06  8.5265e+04  4.7822e-06  3.9220e+05  8.5220e+04  3.2134e-07  6.2290e+06  8.5262e+04  5.1037e-06  
251         1.9351e+10  1.0273e+07  8.7447e+04  8.3306e-06  1.5554e+05  5.4849e+04  1.2604e-07  5.6549e+06  8.7604e+04  4.5859e-06  3.7773e+05  8.7559e+04  3.0632e-07  6.0326e+06  8.7601e+04  4.8924e-06  
252         1.9496e+10  9.7972e+06  8.9836e+04  7.8622e-06  1.4703e+05  5.6247e+04  1.1791e-07  5.4775e+06  9.0003e+04  4.3959e-06  3.6375e+05  8.9958e+04  2.9192e-07  5.8412e+06  9.0000e+04  4.6880e-06  
253         1.9643e+10  9.3428e+06  9.2287e+04  7.4184e-06  1.3898e+05  5.7679e+04  1.1026e-07  5.3044e+06  9.2463e+04  4.2121e-06  3.5023e+05  9.2418e+04  2.7811e-07  5.6547e+06  9.2460e+04  4.4904e-06  
254         1.9791e+10  8.9089e+06  9.4800e+04  6.9981e-06  1.3134e+05  5.9144e+04  1.0309e-07  5.1357e+06  9.4986e+04  4.0344e-06  3.3717e+05  9.4942e+04  2.6487e-07  5.4729e+06  9.4983e+04  4.2994e-06  
255         1.9942e+10  8.4946e+06  9.7378e+04  6.6000e-06  1.2412e+05  6.0645e+04  9.6351e-08  4.9713e+06  9.7575e+04  3.8627e-06  3.2456e+05  9.7530e+04  2.5218e-07  5.2959e+06  9.7572e+04  4.1151e-06  
256         2.0096e+10  8.0991e+06  1.0002e+05  6.2232e-06  1.1728e+05  6.2182e+04  9.0029e-08  4.8111e+06  1.0023e+05  3.6969e-06  3.1237e+05  1.0019e+05  2.4003e-07  5.1234e+06  1.0023e+05  3.9371e-06  
257         2.0251e+10  7.7215e+06  1.0274e+05  5.8664e-06  1.1080e+05  6.3756e+04  8.4097e-08  4.6549e+06  1.0296e+05  3.5368e-06  3.0060e+05  1.0291e+05  2.2840e-07  4.9555e+06  1.0295e+05  3.7654e-06  
258         2.0409e+10  7.3610e+06  1.0552e+05  5.5289e-06  1.0466e+05  6.5370e+04  7.8532e-08  4.5029e+06  1.0575e+05  3.3823e-06  2.8923e+05  1.0571e+05  2.1726e-07  4.7921e+06  1.0575e+05  3.5998e-06  
259         2.0569e+10  7.0168e+06  1.0838e+05  5.2095e-06  9.8852e+04  6.7024e+04  7.3313e-08  4.3548e+06  1.0862e+05  3.2334e-06  2.7825e+05  1.0858e+05  2.0660e-07  4.6330e+06  1.0862e+05  3.4401e-06  
260         2.0731e+10  6.6881e+06  1.1131e+05  4.9074e-06  9.3352e+04  6.8721e+04  6.8420e-08  4.2106e+06  1.1157e+05  3.0897e-06  2.6765e+05  1.1152e+05  1.9640e-07  4.4783e+06  1.1156e+05  3.2863e-06  
261         2.0896e+10  6.3744e+06  1.1432e+05  4.6217e-06  8.8146e+04  7.0460e+04  6.3834e-08  4.0703e+06  1.1459e+05  2.9513e-06  2.5741e+05  1.1455e+05  1.8665e-07  4.3277e+06  1.1459e+05  3.1381e-06  
262         2.1063e+10  6.0749e+06  1.1741e+05  4.3516e-06  8.3217e+04  7.2245e+04  5.9537e-08  3.9337e+06  1.1769e+05  2.8181e-06  2.4752e+05  1.1765e+05  1.7732e-07  4.1813e+06  1.1769e+05  2.9955e-06  
263         2.1232e+10  5.7890e+06  1.2059e+05  4.0963e-06  7.8552e+04  7.4077e+04  5.5511e-08  3.8009e+06  1.2088e+05  2.6898e-06  2.3798e+05  1.2083e+05  1.6841e-07  4.0389e+06  1.2087e+05  2.8583e-06  
264         2.1404e+10  5.5161e+06  1.2384e+05  3.8551e-06  7.4137e+04  7.5957e+04  5.1741e-08  3.6717e+06  1.2415e+05  2.5663e-06  2.2877e+05  1.2411e+05  1.5990e-07  3.9005e+06  1.2415e+05  2.7263e-06  
265         2.1579e+10  5.2556e+06  1.2719e+05  3.6272e-06  6.9958e+04  7.7888e+04  4.8212e-08  3.5461e+06  1.2751e+05  2.4476e-06  2.1988e+05  1.2747e+05  1.5177e-07  3.7659e+06  1.2750e+05  2.5995e-06  
266         2.1756e+10  5.0070e+06  1.3062e+05  3.4120e-06  6.6004e+04  7.9871e+04  4.4909e-08  3.4239e+06  1.3096e+05  2.3334e-06  2.1130e+05  1.3091e+05  1.4400e-07  3.6352e+06  1.3095e+05  2.4776e-06  
267         2.1936e+10  4.7697e+06  1.3415e+05  3.2088e-06  6.2263e+04  8.1909e+04  4.1818e-08  3.3052e+06  1.3450e+05  2.2238e-06  2.0303e+05  1.3446e+05  1.3660e-07  3.5083e+06  1.3450e+05  2.3605e-06  
268         2.2118e+10  4.5433e+06  1.3777e+05  3.0169e-06  5.8723e+04  8.4004e+04  3.8927e-08  3.1899e+06  1.3814e+05  2.1185e-06  1.9504e+05  1.3810e+05  1.2953e-07  3.3850e+06  1.3814e+05  2.2481e-06  
269         2.2303e+10  4.3272e+06  1.4150e+05  2.8359e-06  5.5375e+04  8.6158e+04  3.6224e-08  3.0779e+06  1.4188e+05  2.0174e-06  1.8734e+05  1.4184e+05  1.2279e-07  3.2653e+06  1.4187e+05  2.1403e-06  
270         2.2491e+10  4.1211e+06  1.4532e+05  2.6651e-06  5.2208e+04  8.8374e+04  3.3698e-08  2.9692e+06  1.4572e+05  1.9204e-06  1.7991e+05  1.4568e+05  1.1636e-07  3.1491e+06  1.4571e+05  2.0368e-06  
271         2.2681e+10  3.9244e+06  1.4925e+05  2.5040e-06  4.9214e+04  9.0653e+04  3.1337e-08  2.8636e+06  1.4966e+05  1.8274e-06  1.7275e+05  1.4962e+05  1.1024e-07  3.0364e+06  1.4966e+05  1.9377e-06  
272         2.2874e+10  3.7367e+06  1.5328e+05  2.3521e-06  4.6382e+04  9.3000e+04  2.9131e-08  2.7612e+06  1.5371e+05  1.7382e-06  1.6584e+05  1.5367e+05  1.0440e-07  2.9270e+06  1.5371e+05  1.8427e-06  
273         2.3070e+10  3.5577e+06  1.5743e+05  2.2088e-06  4.3704e+04  9.5416e+04  2.7072e-08  2.6618e+06  1.5788e+05  1.6528e-06  1.5919e+05  1.5784e+05  9.8847e-08  2.8210e+06  1.5788e+05  1.7517e-06  
274         2.3269e+10  3.3869e+06  1.6169e+05  2.0739e-06  4.1173e+04  9.7905e+04  2.5149e-08  2.5654e+06  1.6216e+05  1.5710e-06  1.5277e+05  1.6212e+05  9.3558e-08  2.7181e+06  1.6215e+05  1.6647e-06  
275         2.3471e+10  3.2241e+06  1.6607e+05  1.9467e-06  3.8781e+04  1.0047e+05  2.3355e-08  2.4719e+06  1.6655e+05  1.4927e-06  1.4659e+05  1.6651e+05  8.8525e-08  2.6185e+06  1.6655e+05  1.5813e-06  
276         2.3675e+10  3.0688e+06  1.7057e+05  1.8269e-06  3.6521e+04  1.0311e+05  2.1681e-08  2.3813e+06  1.7107e+05  1.4178e-06  1.4064e+05  1.7103e+05  8.3738e-08  2.5219e+06  1.7107e+05  1.5016e-06  
277         2.3883e+10  2.9207e+06  1.7519e+05  1.7141e-06  3.4385e+04  1.0584e+05  2.0120e-08  2.2935e+06  1.7572e+05  1.3462e-06  1.3490e+05  1.7568e+05  7.9185e-08  2.4284e+06  1.7571e+05  1.4255e-06  
278         2.4094e+10  2.7795e+06  1.7994e+05  1.6079e-06  3.2368e+04  1.0865e+05  1.8665e-08  2.2084e+06  1.8049e+05  1.2777e-06  1.2938e+05  1.8045e+05  7.4858e-08  2.3378e+06  1.8049e+05  1.3527e-06  
279         2.4308e+10  2.6448e+06  1.8482e+05  1.5079e-06  3.0462e+04  1.1155e+05  1.7309e-08  2.1260e+06  1.8539e+05  1.2123e-06  1.2406e+05  1.8536e+05  7.0746e-08  2.2501e+06  1.8539e+05  1.2832e-06  
280         2.4525e+10  2.5165e+06  1.8984e+05  1.4139e-06  2.8663e+04  1.1455e+05  1.6046e-08  2.0462e+06  1.9044e+05  1.1499e-06  1.1894e+05  1.9040e+05  6.6841e-08  2.1652e+06  1.9043e+05  1.2168e-06  
281         2.4745e+10  2.3942e+06  1.9500e+05  1.3254e-06  2.6964e+04  1.1764e+05  1.4870e-08  1.9690e+06  1.9562e+05  1.0903e-06  1.1402e+05  1.9558e+05  6.3133e-08  2.0831e+06  1.9561e+05  1.1535e-06  
282         2.4968e+10  2.2776e+06  2.0030e+05  1.2422e-06  2.5360e+04  1.2084e+05  1.3775e-08  1.8943e+06  2.0094e+05  1.0334e-06  1.0928e+05  2.0090e+05  5.9613e-08  2.0036e+06  2.0094e+05  1.0931e-06  
283         2.5195e+10  2.1665e+06  2.0575e+05  1.1640e-06  2.3847e+04  1.2414e+05  1.2757e-08  1.8221e+06  2.0641e+05  9.7919e-07  1.0472e+05  2.0638e+05  5.6274e-08  1.9268e+06  2.0641e+05  1.0355e-06  
284         2.5424e+10  2.0607e+06  2.1135e+05  1.0905e-06  2.2419e+04  1.2756e+05  1.1809e-08  1.7522e+06  2.1204e+05  9.2751e-07  1.0033e+05  2.1200e+05  5.3108e-08  1.8525e+06  2.1204e+05  9.8068e-07  
285         2.5658e+10  1.9599e+06  2.1711e+05  1.0215e-06  2.1072e+04  1.3109e+05  1.0928e-08  1.6847e+06  2.1782e+05  8.7827e-07  9.6110e+04  2.1779e+05  5.0105e-08  1.7808e+06  2.1782e+05  9.2843e-07  
286         2.5894e+10  1.8638e+06  2.2303e+05  9.5661e-07  1.9801e+04  1.3474e+05  1.0109e-08  1.6194e+06  2.2376e+05  8.3138e-07  9.2055e+04  2.2373e+05  4.7260e-08  1.7114e+06  2.2376e+05  8.7870e-07  
287         2.6134e+10  1.7723e+06  2.2911e+05  8.9569e-07  1.8603e+04  1.3853e+05  9.3481e-09  1.5563e+06  2.2987e+05  7.8675e-07  8.8156e+04  2.2983e+05  4.4565e-08  1.6445e+06  2.2987e+05  8.3137e-07  
288         2.6378e+10  1.6852e+06  2.3535e+05  8.3849e-07  1.7474e+04  1.4244e+05  8.6415e-09  1.4954e+06  2.3615e+05  7.4429e-07  8.4410e+04  2.3611e+05  4.2012e-08  1.5798e+06  2.3614e+05  7.8636e-07  
289         2.6625e+10  1.6022e+06  2.4177e+05  7.8481e-07  1.6410e+04  1.4650e+05  7.9855e-09  1.4366e+06  2.4260e+05  7.0391e-07  8.0811e+04  2.4256e+05  3.9596e-08  1.5174e+06  2.4259e+05  7.4356e-07  
290         2.6876e+10  1.5232e+06  2.4837e+05  7.3444e-07  1.5407e+04  1.5069e+05  7.3767e-09  1.3798e+06  2.4922e+05  6.6553e-07  7.7353e+04  2.4919e+05  3.7310e-08  1.4572e+06  2.4922e+05  7.0289e-07  
291         2.7130e+10  1.4480e+06  2.5515e+05  6.8719e-07  1.4463e+04  1.5505e+05  6.8119e-09  1.3251e+06  2.5603e+05  6.2907e-07  7.4033e+04  2.5600e+05  3.5147e-08  1.3991e+06  2.5603e+05  6.6426e-07  
292         2.7388e+10  1.3764e+06  2.6212e+05  6.4288e-07  1.3573e+04  1.5956e+05  6.2883e-09  1.2722e+06  2.6303e+05  5.9443e-07  7.0845e+04  2.6300e+05  3.3102e-08  1.3431e+06  2.6303e+05  6.2758e-07  
293         2.7650e+10  1.3083e+06  2.6928e+05  6.0133e-07  1.2736e+04  1.6423e+05  5.8029e-09  1.2213e+06  2.7022e+05  5.6156e-07  6.7785e+04  2.7018e+05  3.1168e-08  1.2891e+06  2.7022e+05  5.9277e-07  
294         2.7916e+10  1.2435e+06  2.7663e+05  5.6239e-07  1.1948e+04  1.6908e+05  5.3532e-09  1.1722e+06  2.7760e+05  5.3036e-07  6.4848e+04  2.7757e+05  2.9341e-08  1.2370e+06  2.7760e+05  5.5975e-07  
295         2.8186e+10  1.1818e+06  2.8418e+05  5.2589e-07  1.1206e+04  1.7410e+05  4.9367e-09  1.1248e+06  2.8519e+05  5.0077e-07  6.2030e+04  2.8515e+05  2.7616e-08  1.1868e+06  2.8519e+05  5.2843e-07  
296         2.8459e+10  1.1231e+06  2.9194e+05  4.9170e-07  1.0509e+04  1.7931e+05  4.5511e-09  1.0792e+06  2.9298e+05  4.7271e-07  5.9327e+04  2.9295e+05  2.5986e-08  1.1385e+06  2.9298e+05  4.9874e-07  
297         2.8737e+10  1.0673e+06  2.9990e+05  4.5967e-07  9.8528e+03  1.8472e+05  4.1943e-09  1.0353e+06  3.0098e+05  4.4612e-07  5.6735e+04  3.0095e+05  2.4448e-08  1.0920e+06  3.0098e+05  4.7061e-07  
298         2.9018e+10  1.0141e+06  3.0808e+05  4.2968e-07  9.2361e+03  1.9033e+05  3.8643e-09  9.9297e+05  3.0919e+05  4.2094e-07  5.4249e+04  3.0916e+05  2.2997e-08  1.0472e+06  3.0919e+05  4.4397e-07  
299         2.9304e+10  9.6364e+05  3.1648e+05  4.0160e-07  8.6564e+03  1.9615e+05  3.5591e-09  9.5225e+05  3.1763e+05  3.9708e-07  5.1866e+04  3.1760e+05  2.1628e-08  1.0041e+06  3.1763e+05  4.1875e-07  
300         2.9594e+10  9.1562e+05  3.2510e+05  3.7532e-07  8.1118e+03  2.0219e+05  3.2770e-09  9.1306e+05  3.2629e+05  3.7450e-07  4.9583e+04  3.2626e+05  2.0337e-08  9.6265e+05  3.2629e+05  3.9488e-07  
301         2.9888e+10  8.6995e+05  3.3395e+05  3.5072e-07  7.6003e+03  2.0845e+05  3.0164e-09  8.7536e+05  3.3518e+05  3.5313e-07  4.7395e+04  3.3515e+05  1.9120e-08  9.2276e+05  3.3517e+05  3.7229e-07  
302         3.0186e+10  8.2654e+05  3.4304e+05  3.2771e-07  7.1199e+03  2.1495e+05  2.7758e-09  8.3910e+05  3.4430e+05  3.3292e-07  4.5298e+04  3.4427e+05  1.7973e-08  8.8440e+05  3.4430e+05  3.5093e-07  
303         3.0489e+10  7.8527e+05  3.5235e+05  3.0619e-07  6.6690e+03  2.2169e+05  2.5536e-09  8.0423e+05  3.5366e+05  3.1381e-07  4.3290e+04  3.5363e+05  1.6892e-08  8.4752e+05  3.5365e+05  3.3074e-07  
304         3.0796e+10  7.4604e+05  3.6192e+05  2.8606e-07  6.2458e+03  2.2869e+05  2.3486e-09  7.7072e+05  3.6326e+05  2.9575e-07  4.1368e+04  3.6323e+05  1.5874e-08  8.1208e+05  3.6326e+05  3.1166e-07  
305         3.1108e+10  7.0876e+05  3.7172e+05  2.6723e-07  5.8488e+03  2.3594e+05  2.1595e-09  7.3851e+05  3.7311e+05  2.7868e-07  3.9527e+04  3.7308e+05  1.4916e-08  7.7803e+05  3.7311e+05  2.9363e-07  
306         3.1424e+10  6.7333e+05  3.8178e+05  2.4963e-07  5.4764e+03  2.4347e+05  1.9851e-09  7.0756e+05  3.8321e+05  2.6256e-07  3.7765e+04  3.8318e+05  1.4013e-08  7.4532e+05  3.8321e+05  2.7660e-07  
307         3.1745e+10  6.3967e+05  3.9209e+05  2.3319e-07  5.1273e+03  2.5127e+05  1.8244e-09  6.7783e+05  3.9356e+05  2.4733e-07  3.6078e+04  3.9353e+05  1.3164e-08  7.1391e+05  3.9356e+05  2.6053e-07  
308         3.2070e+10  6.0769e+05  4.0267e+05  2.1781e-07  4.8000e+03  2.5936e+05  1.6763e-09  6.4929e+05  4.0418e+05  2.3296e-07  3.4465e+04  4.0415e+05  1.2366e-08  6.8375e+05  4.0418e+05  2.4535e-07  
309         3.2401e+10  5.7730e+05  4.1350e+05  2.0345e-07  4.4934e+03  2.6774e+05  1.5399e-09  6.2188e+05  4.1506e+05  2.1940e-07  3.2921e+04  4.1503e+05  1.1614e-08  6.5480e+05  4.1506e+05  2.3104e-07  
310         3.2736e+10  5.4843e+05  4.2461e+05  1.9003e-07  4.2061e+03  2.7643e+05  1.4144e-09  5.9557e+05  4.2621e+05  2.0660e-07  3.1445e+04  4.2619e+05  1.0908e-08  6.2702e+05  4.2621e+05  2.1753e-07  
311         3.3076e+10  5.2101e+05  4.3599e+05  1.7749e-07  3.9370e+03  2.8542e+05  1.2988e-09  5.7033e+05  4.3764e+05  1.9453e-07  3.0033e+04  4.3761e+05  1.0244e-08  6.0036e+05  4.3764e+05  2.0480e-07  
312         3.3420e+10  4.9497e+05  4.4764e+05  1.6578e-07  3.6850e+03  2.9474e+05  1.1925e-09  5.4611e+05  4.4934e+05  1.8315e-07  2.8683e+04  4.4931e+05  9.6195e-09  5.7480e+05  4.4934e+05  1.9280e-07  
313         3.3770e+10  4.7024e+05  4.5958e+05  1.5485e-07  3.4492e+03  3.0438e+05  1.0947e-09  5.2288e+05  4.6132e+05  1.7242e-07  2.7393e+04  4.6130e+05  9.0328e-09  5.5028e+05  4.6132e+05  1.8148e-07  
314         3.4126e+10  4.4675e+05  4.7180e+05  1.4464e-07  3.2284e+03  3.1436e+05  1.0048e-09  5.0061e+05  4.7359e+05  1.6231e-07  2.6159e+04  4.7357e+05  8.4816e-09  5.2676e+05  4.7359e+05  1.7082e-07  
315         3.4486e+10  4.2445e+05  4.8430e+05  1.3510e-07  3.0218e+03  3.2468e+05  9.2213e-10  4.7925e+05  4.8615e+05  1.5279e-07  2.4980e+04  4.8613e+05  7.9639e-09  5.0423e+05  4.8615e+05  1.6077e-07  
316         3.4851e+10  4.0327e+05  4.9710e+05  1.2620e-07  2.8286e+03  3.3535e+05  8.4619e-10  4.5877e+05  4.9900e+05  1.4381e-07  2.3854e+04  4.9898e+05  7.4776e-09  4.8262e+05  4.9900e+05  1.5131e-07  
317         3.5222e+10  3.8316e+05  5.1020e+05  1.1789e-07  2.6478e+03  3.4637e+05  7.7642e-10  4.3914e+05  5.1215e+05  1.3536e-07  2.2777e+04  5.1213e+05  7.0209e-09  4.6192e+05  5.1215e+05  1.4240e-07  
318         3.5598e+10  3.6406e+05  5.2360e+05  1.1014e-07  2.4787e+03  3.5776e+05  7.1234e-10  4.2034e+05  5.2560e+05  1.2740e-07  2.1749e+04  5.2558e+05  6.5922e-09  4.4209e+05  5.2560e+05  1.3402e-07  
319         3.5980e+10  3.4593e+05  5.3730e+05  1.0289e-07  2.3207e+03  3.6952e+05  6.5350e-10  4.0232e+05  5.3935e+05  1.1991e-07  2.0767e+04  5.3933e+05  6.1897e-09  4.2309e+05  5.3935e+05  1.2612e-07  
320         3.6367e+10  3.2872e+05  5.5130e+05  9.6137e-08  2.1729e+03  3.8166e+05  5.9949e-10  3.8506e+05  5.5341e+05  1.1286e-07  1.9829e+04  5.5339e+05  5.8119e-09  4.0489e+05  5.5341e+05  1.1869e-07  
321         3.6760e+10  3.1238e+05  5.6562e+05  8.9830e-08  2.0347e+03  3.9417e+05  5.4992e-10  3.6853e+05  5.6779e+05  1.0622e-07  1.8934e+04  5.6776e+05  5.4573e-09  3.8746e+05  5.6779e+05  1.1170e-07  
322         3.7159e+10  2.9687e+05  5.8025e+05  8.3943e-08  1.9055e+03  4.0708e+05  5.0444e-10  3.5270e+05  5.8247e+05  9.9977e-08  1.8078e+04  5.8245e+05  5.1245e-09  3.7078e+05  5.8247e+05  1.0512e-07  
323         3.7564e+10  2.8215e+05  5.9519e+05  7.8449e-08  1.7848e+03  4.2037e+05  4.6271e-10  3.3754e+05  5.9747e+05  9.4100e-08  1.7262e+04  5.9745e+05  4.8123e-09  3.5480e+05  5.9747e+05  9.8929e-08  
324         3.7974e+10  2.6817e+05  6.1046e+05  7.3322e-08  1.6720e+03  4.3406e+05  4.2443e-10  3.2302e+05  6.1280e+05  8.8571e-08  1.6482e+04  6.1277e+05  4.5194e-09  3.3951e+05  6.1280e+05  9.3107e-08  
325         3.8391e+10  2.5490e+05  6.2604e+05  6.8537e-08  1.5666e+03  4.4815e+05  3.8932e-10  3.0913e+05  6.2844e+05  8.3371e-08  1.5738e+04  6.2842e+05  4.2445e-09  3.2487e+05  6.2844e+05  8.7631e-08  
326         3.8813e+10  2.4230e+05  6.4195e+05  6.4071e-08  1.4680e+03  4.6265e+05  3.5713e-10  2.9583e+05  6.4441e+05  7.8479e-08  1.5028e+04  6.4439e+05  3.9867e-09  3.1086e+05  6.4441e+05  8.2482e-08  
327         3.9242e+10  2.3034e+05  6.5819e+05  5.9903e-08  1.3759e+03  4.7755e+05  3.2761e-10  2.8310e+05  6.6071e+05  7.3879e-08  1.4350e+04  6.6069e+05  3.7448e-09  2.9745e+05  6.6071e+05  7.7639e-08  
328         3.9677e+10  2.1898e+05  6.7476e+05  5.6013e-08  1.2898e+03  4.9287e+05  3.0055e-10  2.7092e+05  6.7734e+05  6.9553e-08  1.3703e+04  6.7732e+05  3.5179e-09  2.8463e+05  6.7734e+05  7.3085e-08  
329         4.0118e+10  2.0820e+05  6.9166e+05  5.2382e-08  1.2094e+03  5.0860e+05  2.7573e-10  2.5927e+05  6.9431e+05  6.5484e-08  1.3086e+04  6.9429e+05  3.3051e-09  2.7235e+05  6.9431e+05  6.8803e-08  
330         4.0566e+10  1.9797e+05  7.0890e+05  4.8993e-08  1.1342e+03  5.2475e+05  2.5299e-10  2.4812e+05  7.1161e+05  6.1659e-08  1.2497e+04  7.1159e+05  3.1055e-09  2.6061e+05  7.1161e+05  6.4778e-08  
331         4.1020e+10  1.8826e+05  7.2648e+05  4.5830e-08  1.0639e+03  5.4132e+05  2.3214e-10  2.3745e+05  7.2925e+05  5.8062e-08  1.1934e+04  7.2923e+05  2.9182e-09  2.4938e+05  7.2925e+05  6.0993e-08  
332         4.1481e+10  1.7903e+05  7.4439e+05  4.2877e-08  9.9822e+02  5.5831e+05  2.1303e-10  2.2724e+05  7.4723e+05  5.4679e-08  1.1398e+04  7.4721e+05  2.7426e-09  2.3864e+05  7.4723e+05  5.7435e-08  
333         4.1949e+10  1.7027e+05  7.6265e+05  4.0120e-08  9.3679e+02  5.7572e+05  1.9551e-10  2.1748e+05  7.6556e+05  5.1499e-08  1.0886e+04  7.6554e+05  2.5778e-09  2.2836e+05  7.6556e+05  5.4090e-08  
334         4.2423e+10  1.6196e+05  7.8125e+05  3.7546e-08  8.7935e+02  5.9356e+05  1.7945e-10  2.0814e+05  7.8423e+05  4.8509e-08  1.0397e+04  7.8421e+05  2.4232e-09  2.1853e+05  7.8423e+05  5.0945e-08  
335         4.2905e+10  1.5406e+05  8.0021e+05  3.5142e-08  8.2563e+02  6.1182e+05  1.6473e-10  1.9920e+05  8.0325e+05  4.5698e-08  9.9312e+03  8.0323e+05  2.2782e-09  2.0913e+05  8.0324e+05  4.7988e-08  
336         4.3393e+10  1.4656e+05  8.1951e+05  3.2897e-08  7.7538e+02  6.3052e+05  1.5123e-10  1.9066e+05  8.2261e+05  4.3054e-08  9.4864e+03  8.2259e+05  2.1422e-09  2.0014e+05  8.2261e+05  4.5208e-08  
337         4.3888e+10  1.3944e+05  8.3916e+05  3.0801e-08  7.2838e+02  6.4964e+05  1.3886e-10  1.8248e+05  8.4234e+05  4.0568e-08  9.0620e+03  8.4232e+05  2.0146e-09  1.9154e+05  8.4233e+05  4.2594e-08  
338         4.4391e+10  1.3268e+05  8.5916e+05  2.8843e-08  6.8439e+02  6.6919e+05  1.2752e-10  1.7466e+05  8.6241e+05  3.8231e-08  8.6571e+03  8.6239e+05  1.8949e-09  1.8332e+05  8.6241e+05  4.0137e-08  
339         4.4901e+10  1.2626e+05  8.7952e+05  2.7013e-08  6.4323e+02  6.8918e+05  1.1712e-10  1.6719e+05  8.8284e+05  3.6033e-08  8.2707e+03  8.8282e+05  1.7825e-09  1.7546e+05  8.8284e+05  3.7826e-08  
340         4.5419e+10  1.2015e+05  9.0024e+05  2.5304e-08  6.0471e+02  7.0959e+05  1.0759e-10  1.6004e+05  9.0363e+05  3.3966e-08  7.9020e+03  9.0361e+05  1.6771e-09  1.6794e+05  9.0363e+05  3.5654e-08  
341         4.5944e+10  1.1436e+05  9.2132e+05  2.3707e-08  5.6863e+02  7.3043e+05  9.8842e-11  1.5320e+05  9.2478e+05  3.2022e-08  7.5502e+03  9.2476e+05  1.5782e-09  1.6075e+05  9.2478e+05  3.3610e-08  
342         4.6477e+10  1.0885e+05  9.4276e+05  2.2215e-08  5.3485e+02  7.5171e+05  9.0823e-11  1.4666e+05  9.4630e+05  3.0194e-08  7.2145e+03  9.4628e+05  1.4853e-09  1.5387e+05  9.4630e+05  3.1689e-08  
343         4.7017e+10  1.0362e+05  9.6456e+05  2.0820e-08  5.0321e+02  7.7342e+05  8.3467e-11  1.4040e+05  9.6817e+05  2.8474e-08  6.8942e+03  9.6815e+05  1.3982e-09  1.4730e+05  9.6817e+05  2.9882e-08  
344         4.7566e+10  9.8651e+04  9.8673e+05  1.9515e-08  4.7357e+02  7.9556e+05  7.6720e-11  1.3442e+05  9.9042e+05  2.6857e-08  6.5885e+03  9.9040e+05  1.3163e-09  1.4101e+05  9.9042e+05  2.8182e-08  
345         4.8122e+10  9.3928e+04  1.0093e+06  1.8296e-08  4.4579e+02  8.1813e+05  7.0529e-11  1.2870e+05  1.0130e+06  2.5335e-08  6.2967e+03  1.0130e+06  1.2395e-09  1.3499e+05  1.0130e+06  2.6583e-08  
346         4.8687e+10  8.9440e+04  1.0322e+06  1.7156e-08  4.1974e+02  8.4114e+05  6.4849e-11  1.2322e+05  1.0360e+06  2.3903e-08  6.0182e+03  1.0360e+06  1.1674e-09  1.2924e+05  1.0360e+06  2.5079e-08  
347         4.9260e+10  8.5174e+04  1.0554e+06  1.6090e-08  3.9533e+02  8.6458e+05  5.9636e-11  1.1799e+05  1.0594e+06  2.2555e-08  5.7525e+03  1.0594e+06  1.0997e-09  1.2374e+05  1.0594e+06  2.3663e-08  
348         4.9841e+10  8.1119e+04  1.0791e+06  1.5092e-08  3.7242e+02  8.8845e+05  5.4851e-11  1.1298e+05  1.0831e+06  2.1287e-08  5.4988e+03  1.0831e+06  1.0360e-09  1.1848e+05  1.0831e+06  2.2332e-08  
349         5.0431e+10  7.7265e+04  1.1031e+06  1.4159e-08  3.5094e+02  9.1275e+05  5.0459e-11  1.0819e+05  1.1072e+06  2.0094e-08  5.2567e+03  1.1072e+06  9.7628e-10  1.1345e+05  1.1072e+06  2.1078e-08  
350         5.1029e+10  7.3600e+04  1.1275e+06  1.3285e-08  3.3078e+02  9.3748e+05  4.6426e-11  1.0361e+05  1.1317e+06  1.8971e-08  5.0255e+03  1.1317e+06  9.2013e-10  1.0864e+05  1.1317e+06  1.9898e-08  
351         5.1636e+10  7.0116e+04  1.1523e+06  1.2468e-08  3.1185e+02  9.6265e+05  4.2723e-11  9.9230e+04  1.1566e+06  1.7913e-08  4.8049e+03  1.1565e+06  8.6737e-10  1.0404e+05  1.1566e+06  1.8788e-08  
352         5.2252e+10  6.6803e+04  1.1775e+06  1.1703e-08  2.9408e+02  9.8826e+05  3.9321e-11  9.5039e+04  1.1818e+06  1.6918e-08  4.5942e+03  1.1818e+06  8.1779e-10  9.9633e+04  1.1818e+06  1.7743e-08  
353         5.2877e+10  6.3653e+04  1.2030e+06  1.0986e-08  2.7739e+02  1.0143e+06  3.6197e-11  9.1029e+04  1.2075e+06  1.5980e-08  4.3931e+03  1.2074e+06  7.7119e-10  9.5422e+04  1.2075e+06  1.6758e-08  
354         5.3511e+10  6.0657e+04  1.2290e+06  1.0315e-08  2.6172e+02  1.0408e+06  3.3326e-11  8.7192e+04  1.2335e+06  1.5097e-08  4.2011e+03  1.2335e+06  7.2738e-10  9.1393e+04  1.2335e+06  1.5831e-08  
355         5.4154e+10  5.7807e+04  1.2553e+06  9.6870e-09  2.4698e+02  1.0677e+06  3.0688e-11  8.3522e+04  1.2599e+06  1.4265e-08  4.0177e+03  1.2599e+06  6.8619e-10  8.7540e+04  1.2599e+06  1.4958e-08  
356         5.4807e+10  5.5096e+04  1.2820e+06  9.0983e-09  2.3314e+02  1.0950e+06  2.8263e-11  8.0010e+04  1.2867e+06  1.3482e-08  3.8426e+03  1.2867e+06  6.4746e-10  8.3853e+04  1.2867e+06  1.4136e-08  
357         5.5469e+10  5.2516e+04  1.3092e+06  8.5467e-09  2.2011e+02  1.1228e+06  2.6035e-11  7.6650e+04  1.3139e+06  1.2743e-08  3.6753e+03  1.3139e+06  6.1102e-10  8.0325e+04  1.3139e+06  1.3361e-08  
358         5.6141e+10  5.0062e+04  1.3367e+06  8.0298e-09  2.0787e+02  1.1510e+06  2.3985e-11  7.3435e+04  1.3415e+06  1.2048e-08  3.5156e+03  1.3415e+06  5.7675e-10  7.6950e+04  1.3415e+06  1.2631e-08  
359         5.6823e+10  4.7727e+04  1.3646e+06  7.5452e-09  1.9635e+02  1.1797e+06  2.2101e-11  7.0358e+04  1.3695e+06  1.1392e-08  3.3630e+03  1.3695e+06  5.4450e-10  7.3721e+04  1.3695e+06  1.1942e-08  
360         5.7514e+10  4.5504e+04  1.3929e+06  7.0910e-09  1.8550e+02  1.2087e+06  2.0367e-11  6.7414e+04  1.3979e+06  1.0774e-08  3.2173e+03  1.3979e+06  5.1416e-10  7.0631e+04  1.3979e+06  1.1294e-08  
361         5.8216e+10  4.3389e+04  1.4216e+06  6.6650e-09  1.7530e+02  1.2383e+06  1.8773e-11  6.4596e+04  1.4267e+06  1.0191e-08  3.0781e+03  1.4267e+06  4.8560e-10  6.7674e+04  1.4267e+06  1.0682e-08  
362         5.8928e+10  4.1375e+04  1.4508e+06  6.2655e-09  1.6569e+02  1.2683e+06  1.7306e-11  6.1898e+04  1.4560e+06  9.6414e-09  2.9450e+03  1.4560e+06  4.5871e-10  6.4843e+04  1.4560e+06  1.0106e-08  
363         5.9650e+10  3.9459e+04  1.4803e+06  5.8907e-09  1.5664e+02  1.2987e+06  1.5956e-11  5.9317e+04  1.4856e+06  9.1231e-09  2.8179e+03  1.4856e+06  4.3339e-10  6.2135e+04  1.4856e+06  9.5619e-09  
364         6.0383e+10  3.7634e+04  1.5103e+06  5.5391e-09  1.4812e+02  1.3295e+06  1.4713e-11  5.6846e+04  1.5157e+06  8.6342e-09  2.6965e+03  1.5157e+06  4.0955e-10  5.9542e+04  1.5157e+06  9.0491e-09  
365         6.1127e+10  3.5896e+04  1.5407e+06  5.2092e-09  1.4008e+02  1.3608e+06  1.3569e-11  5.4480e+04  1.5462e+06  8.1730e-09  2.5804e+03  1.5461e+06  3.8710e-10  5.7061e+04  1.5462e+06  8.5652e-09  
366         6.1881e+10  3.4241e+04  1.5715e+06  4.8995e-09  1.3251e+02  1.3926e+06  1.2516e-11  5.2216e+04  1.5771e+06  7.7377e-09  2.4695e+03  1.5770e+06  3.6594e-10  5.4685e+04  1.5771e+06  8.1087e-09  
367         6.2647e+10  3.2665e+04  1.6027e+06  4.6087e-09  1.2537e+02  1.4248e+06  1.1546e-11  5.0048e+04  1.6084e+06  7.3269e-09  2.3635e+03  1.6084e+06  3.4601e-10  5.2411e+04  1.6084e+06  7.6779e-09  
368         6.3423e+10  3.1164e+04  1.6344e+06  4.3358e-09  1.1864e+02  1.4575e+06  1.0652e-11  4.7972e+04  1.6401e+06  6.9392e-09  2.2622e+03  1.6401e+06  3.2722e-10  5.0234e+04  1.6401e+06  7.2712e-09  
369         6.4211e+10  2.9734e+04  1.6665e+06  4.0794e-09  1.1229e+02  1.4906e+06  9.8295e-12  4.5984e+04  1.6723e+06  6.5731e-09  2.1654e+03  1.6723e+06  3.0951e-10  4.8150e+04  1.6723e+06  6.8873e-09  
370         6.5011e+10  2.8372e+04  1.6990e+06  3.8386e-09  1.0630e+02  1.5242e+06  9.0712e-12  4.4081e+04  1.7050e+06  6.2275e-09  2.0728e+03  1.7049e+06  2.9282e-10  4.6154e+04  1.7050e+06  6.5249e-09  
371         6.5822e+10  2.7074e+04  1.7320e+06  3.6124e-09  1.0064e+02  1.5582e+06  8.3724e-12  4.2258e+04  1.7380e+06  5.9010e-09  1.9842e+03  1.7380e+06  2.7707e-10  4.4243e+04  1.7380e+06  6.1826e-09  
372         6.6645e+10  2.5837e+04  1.7654e+06  3.3999e-09  9.5307e+01  1.5927e+06  7.7283e-12  4.0513e+04  1.7716e+06  5.5926e-09  1.8996e+03  1.7715e+06  2.6222e-10  4.2412e+04  1.7716e+06  5.8592e-09  
373         6.7480e+10  2.4658e+04  1.7993e+06  3.2001e-09  9.0267e+01  1.6277e+06  7.1347e-12  3.8841e+04  1.8055e+06  5.3013e-09  1.8187e+03  1.8055e+06  2.4821e-10  4.0660e+04  1.8055e+06  5.5538e-09  
374         6.8327e+10  2.3535e+04  1.8336e+06  3.0124e-09  8.5508e+01  1.6631e+06  6.5873e-12  3.7240e+04  1.8400e+06  5.0260e-09  1.7413e+03  1.8399e+06  2.3500e-10  3.8981e+04  1.8400e+06  5.2652e-09  
375         6.9187e+10  2.2464e+04  1.8684e+06  2.8359e-09  8.1012e+01  1.6990e+06  6.0826e-12  3.5706e+04  1.8748e+06  4.7658e-09  1.6673e+03  1.8748e+06  2.2252e-10  3.7373e+04  1.8748e+06  4.9924e-09  
376         7.0059e+10  2.1444e+04  1.9036e+06  2.6699e-09  7.6765e+01  1.7354e+06  5.6172e-12  3.4237e+04  1.9102e+06  4.5198e-09  1.5965e+03  1.9102e+06  2.1075e-10  3.5833e+04  1.9102e+06  4.7346e-09  
377         7.0944e+10  2.0471e+04  1.9393e+06  2.5139e-09  7.2751e+01  1.7723e+06  5.1878e-12  3.2829e+04  1.9460e+06  4.2873e-09  1.5288e+03  1.9460e+06  1.9963e-10  3.4358e+04  1.9460e+06  4.4908e-09  
378         7.1841e+10  1.9543e+04  1.9755e+06  2.3671e-09  6.8957e+01  1.8096e+06  4.7918e-12  3.1481e+04  1.9823e+06  4.0674e-09  1.4640e+03  1.9823e+06  1.8914e-10  3.2945e+04  1.9823e+06  4.2603e-09  
379         7.2752e+10  1.8659e+04  2.0122e+06  2.2291e-09  6.5370e+01  1.8475e+06  4.4264e-12  3.0189e+04  2.0191e+06  3.8594e-09  1.4020e+03  2.0190e+06  1.7923e-10  3.1591e+04  2.0191e+06  4.0424e-09  
380         7.3676e+10  1.7815e+04  2.0493e+06  2.0992e-09  6.1978e+01  1.8858e+06  4.0893e-12  2.8951e+04  2.0563e+06  3.6626e-09  1.3428e+03  2.0563e+06  1.6986e-10  3.0294e+04  2.0563e+06  3.8362e-09  
381         7.4614e+10  1.7011e+04  2.0870e+06  1.9770e-09  5.8770e+01  1.9247e+06  3.7781e-12  2.7765e+04  2.0941e+06  3.4765e-09  1.2860e+03  2.0940e+06  1.6102e-10  2.9051e+04  2.0941e+06  3.6411e-09  
382         7.5566e+10  1.6244e+04  2.1251e+06  1.8620e-09  5.5736e+01  1.9640e+06  3.4909e-12  2.6628e+04  2.1323e+06  3.3004e-09  1.2318e+03  2.1323e+06  1.5266e-10  2.7860e+04  2.1323e+06  3.4565e-09  
383         7.6531e+10  1.5512e+04  2.1638e+06  1.7537e-09  5.2864e+01  2.0039e+06  3.2258e-12  2.5539e+04  2.1710e+06  3.1336e-09  1.1798e+03  2.1710e+06  1.4476e-10  2.6719e+04  2.1710e+06  3.2818e-09  
384         7.7510e+10  1.4814e+04  2.2029e+06  1.6518e-09  5.0147e+01  2.0442e+06  2.9810e-12  2.4495e+04  2.2103e+06  2.9758e-09  1.1302e+03  2.2103e+06  1.3729e-10  2.5625e+04  2.2103e+06  3.1165e-09  
385         7.8504e+10  1.4148e+04  2.2425e+06  1.5559e-09  4.7575e+01  2.0851e+06  2.7550e-12  2.3495e+04  2.2500e+06  2.8264e-09  1.0826e+03  2.2500e+06  1.3023e-10  2.4577e+04  2.2500e+06  2.9599e-09  
386         7.9512e+10  1.3513e+04  2.2827e+06  1.4656e-09  4.5141e+01  2.1265e+06  2.5464e-12  2.2536e+04  2.2903e+06  2.6849e-09  1.0371e+03  2.2903e+06  1.2355e-10  2.3573e+04  2.2903e+06  2.8117e-09  
387         8.0535e+10  1.2907e+04  2.3234e+06  1.3806e-09  4.2835e+01  2.1684e+06  2.3536e-12  2.1617e+04  2.3311e+06  2.5509e-09  9.9352e+02  2.3311e+06  1.1723e-10  2.2610e+04  2.3311e+06  2.6713e-09  
388         8.1573e+10  1.2329e+04  2.3646e+06  1.3005e-09  4.0652e+01  2.2109e+06  2.1756e-12  2.0735e+04  2.3724e+06  2.4239e-09  9.5182e+02  2.3724e+06  1.1126e-10  2.1687e+04  2.3724e+06  2.5383e-09  
389         8.2626e+10  1.1777e+04  2.4064e+06  1.2250e-09  3.8585e+01  2.2539e+06  2.0112e-12  1.9891e+04  2.4143e+06  2.3036e-09  9.1190e+02  2.4143e+06  1.0560e-10  2.0803e+04  2.4143e+06  2.4123e-09  
390         8.3694e+10  1.1250e+04  2.4487e+06  1.1540e-09  3.6626e+01  2.2974e+06  1.8593e-12  1.9081e+04  2.4567e+06  2.1896e-09  8.7369e+02  2.4567e+06  1.0025e-10  1.9955e+04  2.4567e+06  2.2928e-09  
391         8.4778e+10  1.0747e+04  2.4915e+06  1.0871e-09  3.4770e+01  2.3415e+06  1.7189e-12  1.8305e+04  2.4996e+06  2.0816e-09  8.3710e+02  2.4996e+06  9.5185e-11  1.9142e+04  2.4996e+06  2.1797e-09  
392         8.5878e+10  1.0267e+04  2.5349e+06  1.0240e-09  3.3011e+01  2.3862e+06  1.5892e-12  1.7561e+04  2.5432e+06  1.9791e-09  8.0207e+02  2.5431e+06  9.0389e-11  1.8363e+04  2.5432e+06  2.0724e-09  
393         8.6993e+10  9.8095e+03  2.5789e+06  9.6464e-10  3.1345e+01  2.4314e+06  1.4694e-12  1.6847e+04  2.5872e+06  1.8820e-09  7.6854e+02  2.5872e+06  8.5848e-11  1.7615e+04  2.5872e+06  1.9707e-09  
394         8.8125e+10  9.3723e+03  2.6234e+06  9.0868e-10  2.9765e+01  2.4772e+06  1.3586e-12  1.6163e+04  2.6319e+06  1.7899e-09  7.3642e+02  2.6319e+06  8.1547e-11  1.6899e+04  2.6319e+06  1.8742e-09  
395         8.9274e+10  8.9549e+03  2.6685e+06  8.5594e-10  2.8267e+01  2.5236e+06  1.2562e-12  1.5507e+04  2.6771e+06  1.7026e-09  7.0567e+02  2.6771e+06  7.7474e-11  1.6212e+04  2.6771e+06  1.7828e-09  
396         9.0439e+10  8.5564e+03  2.7142e+06  8.0625e-10  2.6847e+01  2.5705e+06  1.1616e-12  1.4877e+04  2.7229e+06  1.6197e-09  6.7623e+02  2.7229e+06  7.3614e-11  1.5554e+04  2.7229e+06  1.6960e-09  
397         9.1622e+10  8.1759e+03  2.7605e+06  7.5942e-10  2.5501e+01  2.6181e+06  1.0742e-12  1.4274e+04  2.7693e+06  1.5411e-09  6.4803e+02  2.7693e+06  6.9957e-11  1.4922e+04  2.7693e+06  1.6137e-09  
398         9.2821e+10  7.8126e+03  2.8074e+06  7.1528e-10  2.4224e+01  2.6662e+06  9.9327e-13  1.3695e+04  2.8163e+06  1.4665e-09  6.2101e+02  2.8163e+06  6.6490e-11  1.4316e+04  2.8163e+06  1.5355e-09  
399         9.4039e+10  7.4658e+03  2.8549e+06  6.7371e-10  2.3013e+01  2.7150e+06  9.1854e-13  1.3141e+04  2.8639e+06  1.3957e-09  5.9515e+02  2.8639e+06  6.3206e-11  1.3736e+04  2.8639e+06  1.4614e-09  
400         9.5274e+10  7.1342e+03  2.9030e+06  6.3446e-10  2.1863e+01  2.7644e+06  8.4935e-13  1.2608e+04  2.9122e+06  1.3284e-09  5.7035e+02  2.9121e+06  6.0086e-11  1.3178e+04  2.9122e+06  1.3910e-09  
401         9.6527e+10  6.8189e+03  2.9517e+06  5.9763e-10  2.0777e+01  2.8144e+06  7.8562e-13  1.2099e+04  2.9610e+06  1.2649e-09  5.4670e+02  2.9610e+06  5.7145e-11  1.2646e+04  2.9610e+06  1.3244e-09  
