I           X1          NDT_H       VX1_H       TMP_H       NDT_HE      VX1_HE      TMP_HE      NDT_H+      VX1_H+      TMP_H+      NDT_HE+     VX1_HE+     TMP_HE+     NDT_ELC     VX1_ELC     TMP_ELC     
2           9.7177e+09  8.9568e+12  -1.2564e+03 1.4980e+03  9.9055e+11  -1.2565e+03 1.4980e+03  6.0941e+06  -1.2564e+03 1.4980e+03  3.2594e+03  -1.2566e+03 1.4980e+03  6.0973e+06  -6.2179e+02 1.4987e+03  
3           9.7216e+09  8.8072e+12  -5.2110e+02 1.4911e+03  9.5903e+11  -5.2127e+02 1.4911e+03  6.1066e+06  -5.2110e+02 1.4911e+03  3.3951e+03  -5.2158e+02 1.4911e+03  6.1099e+06  -2.6774e+02 1.4918e+03  
4           9.7256e+09  8.5904e+12  -2.4681e+02 1.4848e+03  9.1609e+11  -2.4702e+02 1.4848e+03  6.1723e+06  -2.4682e+02 1.4848e+03  3.6201e+03  -2.4740e+02 1.4848e+03  6.1760e+06  -1.1962e+02 1.4855e+03  
5           9.7296e+09  8.3452e+12  -1.0947e+02 1.4787e+03  8.6989e+11  -1.0971e+02 1.4787e+03  6.2934e+06  -1.0948e+02 1.4787e+03  3.8766e+03  -1.1012e+02 1.4787e+03  6.2972e+06  -5.4155e+01 1.4794e+03  
6           9.7337e+09  8.0897e+12  -4.8338e+01 1.4725e+03  8.2408e+11  -4.8599e+01 1.4725e+03  6.4639e+06  -4.8358e+01 1.4725e+03  4.1483e+03  -4.9031e+01 1.4725e+03  6.4681e+06  -2.2969e+01 1.4732e+03  
7           9.7379e+09  7.8318e+12  -2.1068e+01 1.4662e+03  7.8011e+11  -2.1348e+01 1.4662e+03  6.6751e+06  -2.1090e+01 1.4662e+03  4.4379e+03  -2.1803e+01 1.4662e+03  6.6795e+06  -9.5503e+00 1.4669e+03  
8           9.7421e+09  7.5749e+12  -8.7882e+00 1.4599e+03  7.3849e+11  -9.0857e+00 1.4599e+03  6.9174e+06  -8.8120e+00 1.4599e+03  4.7521e+03  -9.5683e+00 1.4599e+03  6.9222e+06  -3.4293e+00 1.4605e+03  
9           9.7463e+09  7.3207e+12  -3.2300e+00 1.4535e+03  6.9937e+11  -3.5463e+00 1.4535e+03  7.1824e+06  -3.2551e+00 1.4535e+03  5.0970e+03  -4.0585e+00 1.4535e+03  7.1875e+06  -6.6416e-01 1.4541e+03  
10          9.7507e+09  7.0697e+12  -7.9028e-01 1.4470e+03  6.6270e+11  -1.1262e+00 1.4470e+03  7.4629e+06  -8.1601e-01 1.4470e+03  5.4778e+03  -1.6698e+00 1.4470e+03  7.4684e+06  5.4691e-01  1.4476e+03  
11          9.7551e+09  6.8224e+12  2.8175e-01  1.4405e+03  6.2841e+11  -1.6892e-01 1.4405e+03  7.7531e+06  2.4260e-01  1.4405e+03  5.9001e+03  -7.4539e-01 1.4405e+03  7.7590e+06  1.1962e+00  1.4410e+03  
12          9.7595e+09  6.5791e+12  8.9429e-01  1.4339e+03  5.9636e+11  3.2616e-01  1.4339e+03  8.0488e+06  8.5491e-01  1.4339e+03  6.3699e+03  -3.9363e-01 1.4339e+03  8.0552e+06  1.8104e+00  1.4344e+03  
13          9.7641e+09  6.3397e+12  9.4339e-01  1.4272e+03  5.6642e+11  3.4020e-01  1.4272e+03  8.3471e+06  9.0393e-01  1.4272e+03  6.8945e+03  -4.2050e-01 1.4272e+03  8.3540e+06  1.8578e+00  1.4277e+03  
14          9.7686e+09  6.1044e+12  9.9782e-01  1.4205e+03  5.3846e+11  3.5734e-01  1.4205e+03  8.6462e+06  9.5831e-01  1.4205e+03  7.4822e+03  -4.4694e-01 1.4205e+03  8.6537e+06  1.9116e+00  1.4210e+03  
15          9.7733e+09  5.8732e+12  1.0314e+00  1.4137e+03  5.1234e+11  3.5133e-01  1.4137e+03  8.9454e+06  9.9177e-01  1.4137e+03  8.1426e+03  -4.9036e-01 1.4137e+03  8.9536e+06  1.9439e+00  1.4142e+03  
16          9.7780e+09  5.6461e+12  1.0676e+00  1.4069e+03  4.8793e+11  3.4557e-01  1.4069e+03  9.2449e+06  1.0277e+00  1.4069e+03  8.8872e+03  -5.3504e-01 1.4069e+03  9.2538e+06  1.9789e+00  1.4073e+03  
17          9.7828e+09  5.4232e+12  1.1039e+00  1.3999e+03  4.6511e+11  3.3742e-01  1.3999e+03  9.5455e+06  1.0636e+00  1.3999e+03  9.7292e+03  -5.8256e-01 1.3999e+03  9.5552e+06  2.0137e+00  1.4003e+03  
18          9.7877e+09  5.2047e+12  1.1421e+00  1.3929e+03  4.4375e+11  3.2850e-01  1.3929e+03  9.8486e+06  1.1011e+00  1.3929e+03  1.0684e+04  -6.3170e-01 1.3929e+03  9.8593e+06  2.0501e+00  1.3933e+03  
19          9.7926e+09  4.9904e+12  1.1822e+00  1.3859e+03  4.2375e+11  3.1886e-01  1.3859e+03  1.0156e+07  1.1403e+00  1.3859e+03  1.1769e+04  -6.8221e-01 1.3859e+03  1.0168e+07  2.0882e+00  1.3863e+03  
20          9.7976e+09  4.7805e+12  1.2246e+00  1.3788e+03  4.0498e+11  3.0867e-01  1.3788e+03  1.0469e+07  1.1816e+00  1.3788e+03  1.3006e+04  -7.3377e-01 1.3788e+03  1.0482e+07  2.1282e+00  1.3791e+03  
21          9.8027e+09  4.5751e+12  1.2704e+00  1.3716e+03  3.8734e+11  2.9897e-01  1.3716e+03  1.0791e+07  1.2260e+00  1.3716e+03  1.4419e+04  -7.8546e-01 1.3716e+03  1.0805e+07  2.1715e+00  1.3719e+03  
22          9.8079e+09  4.3742e+12  1.3167e+00  1.3643e+03  3.7072e+11  2.8660e-01  1.3643e+03  1.1123e+07  1.2706e+00  1.3643e+03  1.6037e+04  -8.3914e-01 1.3643e+03  1.1139e+07  2.2148e+00  1.3647e+03  
23          9.8131e+09  4.1779e+12  1.3797e+00  1.3570e+03  3.5504e+11  2.8762e-01  1.3570e+03  1.1467e+07  1.3317e+00  1.3570e+03  1.7892e+04  -8.8388e-01 1.3570e+03  1.1485e+07  2.2749e+00  1.3573e+03  
24          9.8184e+09  3.9862e+12  1.3770e+00  1.3496e+03  3.4020e+11  2.1942e-01  1.3496e+03  1.1825e+07  1.3268e+00  1.3496e+03  2.0024e+04  -9.7448e-01 1.3496e+03  1.1845e+07  2.2664e+00  1.3499e+03  
25          9.8238e+09  3.7992e+12  1.7308e+00  1.3421e+03  3.2612e+11  5.0411e-01  1.3421e+03  1.2199e+07  1.6783e+00  1.3421e+03  2.2477e+04  -8.2933e-01 1.3421e+03  1.2222e+07  2.6156e+00  1.3425e+03  
26          9.8293e+09  3.6169e+12  9.5429e-01  1.3346e+03  3.1272e+11  -2.3024e-01 1.3346e+03  1.2590e+07  8.9914e-01  1.3346e+03  2.5306e+04  -1.4393e+00 1.3346e+03  1.2615e+07  1.8472e+00  1.3349e+03  
27          9.8348e+09  3.4395e+12  2.4198e+00  1.3270e+03  2.9991e+11  1.0425e+00  1.3270e+03  1.2999e+07  2.3619e+00  1.3270e+03  2.8570e+04  -5.5695e-01 1.3270e+03  1.3028e+07  3.3186e+00  1.3273e+03  
28          9.8404e+09  3.2669e+12  1.3128e+00  1.3193e+03  2.8765e+11  -9.7552e-02 1.3193e+03  1.3427e+07  1.2519e+00  1.3193e+03  3.2341e+04  -1.3907e+00 1.3193e+03  1.3460e+07  2.1728e+00  1.3197e+03  
29          9.8461e+09  3.0992e+12  1.8227e+00  1.3116e+03  2.7585e+11  2.7652e-01  1.3116e+03  1.3874e+07  1.7587e+00  1.3116e+03  3.6702e+04  -1.1486e+00 1.3116e+03  1.3911e+07  2.6945e+00  1.3119e+03  
30          9.8519e+09  2.9365e+12  1.8541e+00  1.3038e+03  2.6447e+11  2.1547e-01  1.3038e+03  1.4341e+07  1.7870e+00  1.3038e+03  4.1750e+04  -1.2272e+00 1.3038e+03  1.4383e+07  2.7180e+00  1.3041e+03  
31          9.8578e+09  2.7787e+12  1.9834e+00  1.2960e+03  2.5347e+11  2.4617e-01  1.2960e+03  1.4826e+07  1.9129e+00  1.2960e+03  4.7595e+04  -1.2424e+00 1.2960e+03  1.4874e+07  2.8421e+00  1.2963e+03  
32          9.8638e+09  2.6260e+12  2.1044e+00  1.2880e+03  2.4280e+11  2.6205e-01  1.2880e+03  1.5329e+07  2.0305e+00  1.2880e+03  5.4367e+04  -1.2650e+00 1.2880e+03  1.5383e+07  2.9573e+00  1.2883e+03  
33          9.8698e+09  2.4783e+12  2.2446e+00  1.2800e+03  2.3242e+11  2.8976e-01  1.2800e+03  1.5849e+07  2.1671e+00  1.2800e+03  6.2213e+04  -1.2769e+00 1.2800e+03  1.5911e+07  3.0913e+00  1.2803e+03  
34          9.8759e+09  2.3357e+12  2.3994e+00  1.2720e+03  2.2230e+11  3.2403e-01  1.2720e+03  1.6383e+07  2.3183e+00  1.2720e+03  7.1304e+04  -1.2810e+00 1.2720e+03  1.6454e+07  3.2396e+00  1.2723e+03  
35          9.8822e+09  2.1981e+12  2.5723e+00  1.2639e+03  2.1243e+11  3.6750e-01  1.2639e+03  1.6930e+07  2.4875e+00  1.2639e+03  8.1837e+04  -1.2753e+00 1.2639e+03  1.7012e+07  3.4055e+00  1.2641e+03  
36          9.8885e+09  2.0657e+12  2.7650e+00  1.2557e+03  2.0277e+11  4.2087e-01  1.2557e+03  1.7488e+07  2.6765e+00  1.2557e+03  9.4036e+04  -1.2588e+00 1.2557e+03  1.7582e+07  3.5906e+00  1.2559e+03  
37          9.8949e+09  1.9383e+12  2.9799e+00  1.2474e+03  1.9331e+11  4.8539e-01  1.2474e+03  1.8053e+07  2.8874e+00  1.2474e+03  1.0816e+05  -1.2301e+00 1.2474e+03  1.8161e+07  3.7973e+00  1.2477e+03  
38          9.9014e+09  1.8160e+12  3.2193e+00  1.2391e+03  1.8404e+11  5.6227e-01  1.2391e+03  1.8622e+07  3.1229e+00  1.2391e+03  1.2450e+05  -1.1877e+00 1.2391e+03  1.8746e+07  4.0277e+00  1.2394e+03  
39          9.9080e+09  1.6987e+12  3.4859e+00  1.2307e+03  1.7496e+11  6.5282e-01  1.2307e+03  1.9192e+07  3.3854e+00  1.2307e+03  1.4339e+05  -1.1301e+00 1.2307e+03  1.9335e+07  4.2845e+00  1.2310e+03  
40          9.9147e+09  1.5865e+12  3.7828e+00  1.2223e+03  1.6606e+11  7.5843e-01  1.2223e+03  1.9761e+07  3.6778e+00  1.2223e+03  1.6522e+05  -1.0556e+00 1.2223e+03  1.9926e+07  4.5702e+00  1.2225e+03  
41          9.9215e+09  1.4792e+12  4.1131e+00  1.2138e+03  1.5734e+11  8.8054e-01  1.2138e+03  2.0325e+07  4.0033e+00  1.2138e+03  1.9042e+05  -9.6223e-01 1.2138e+03  2.0515e+07  4.8877e+00  1.2140e+03  
42          9.9284e+09  1.3768e+12  4.4804e+00  1.2052e+03  1.4879e+11  1.0207e+00  1.2052e+03  2.0884e+07  4.3652e+00  1.2052e+03  2.1952e+05  -8.4777e-01 1.2052e+03  2.1103e+07  5.2401e+00  1.2054e+03  
43          9.9353e+09  1.2794e+12  4.8884e+00  1.1965e+03  1.4044e+11  1.1804e+00  1.1965e+03  2.1437e+07  4.7670e+00  1.1965e+03  2.5308e+05  -7.0953e-01 1.1965e+03  2.1690e+07  5.6306e+00  1.1968e+03  
44          9.9424e+09  1.1867e+12  5.3415e+00  1.1878e+03  1.3227e+11  1.3615e+00  1.1878e+03  2.1987e+07  5.2125e+00  1.1878e+03  2.9177e+05  -5.4426e-01 1.1878e+03  2.2279e+07  6.0625e+00  1.1881e+03  
45          9.9496e+09  1.0988e+12  5.8442e+00  1.1791e+03  1.2431e+11  1.5655e+00  1.1791e+03  2.2540e+07  5.7056e+00  1.1791e+03  3.3636e+05  -3.4821e-01 1.1791e+03  2.2876e+07  6.5395e+00  1.1793e+03  
46          9.9569e+09  1.0155e+12  6.4020e+00  1.1702e+03  1.1656e+11  1.7947e+00  1.1702e+03  2.3106e+07  6.2511e+00  1.1702e+03  3.8769e+05  -1.1679e-01 1.1702e+03  2.3494e+07  7.0656e+00  1.1705e+03  
47          9.9643e+09  9.3678e+11  7.0180e+00  1.1614e+03  1.0903e+11  2.0482e+00  1.1614e+03  2.3700e+07  6.8508e+00  1.1614e+03  4.4680e+05  2.2882e-01  1.1614e+03  2.4147e+07  7.6453e+00  1.1616e+03  
48          9.9719e+09  8.6251e+11  7.7130e+00  1.1524e+03  1.0173e+11  2.3427e+00  1.1524e+03  2.4343e+07  7.5243e+00  1.1524e+03  5.1497e+05  7.0940e-01  1.1524e+03  2.4858e+07  8.2990e+00  1.1526e+03  
49          9.9795e+09  7.9258e+11  8.4045e+00  1.1434e+03  9.4668e+10  2.5907e+00  1.1434e+03  2.5063e+07  8.1875e+00  1.1434e+03  5.9408e+05  1.1796e+00  1.1434e+03  2.5657e+07  8.9390e+00  1.1436e+03  
50          9.9872e+09  7.2688e+11  9.5999e+00  1.1343e+03  8.7859e+10  3.2939e+00  1.1343e+03  2.5895e+07  9.3460e+00  1.1343e+03  6.8712e+05  2.1381e+00  1.1343e+03  2.6582e+07  1.0070e+01  1.1345e+03  
51          9.9951e+09  6.6528e+11  9.5043e+00  1.1252e+03  8.1310e+10  2.6514e+00  1.1252e+03  2.6878e+07  9.2032e+00  1.1252e+03  7.9919e+05  1.7795e+00  1.1252e+03  2.7677e+07  9.9104e+00  1.1254e+03  
52          1.0003e+10  6.0765e+11  1.2243e+01  1.1160e+03  7.5031e+10  4.7798e+00  1.1160e+03  2.8055e+07  1.1882e+01  1.1160e+03  9.3896e+05  4.2211e+00  1.1160e+03  2.8994e+07  1.2557e+01  1.1162e+03  
53          1.0011e+10  5.5385e+11  1.1843e+01  1.1068e+03  6.9030e+10  3.6991e+00  1.1068e+03  2.9468e+07  1.1410e+01  1.1068e+03  1.1205e+06  3.4979e+00  1.1068e+03  3.0589e+07  1.2023e+01  1.1069e+03  
54          1.0019e+10  5.0375e+11  1.3714e+01  1.0975e+03  6.3311e+10  4.8086e+00  1.0975e+03  3.1153e+07  1.3194e+01  1.0975e+03  1.3651e+06  5.0489e+00  1.0975e+03  3.2518e+07  1.3760e+01  1.0976e+03  
55          1.0028e+10  4.5719e+11  1.4950e+01  1.0881e+03  5.7880e+10  5.1901e+00  1.0881e+03  3.3130e+07  1.4327e+01  1.0881e+03  1.7032e+06  6.0198e+00  1.0881e+03  3.4833e+07  1.4826e+01  1.0883e+03  
56          1.0036e+10  4.1403e+11  1.6506e+01  1.0787e+03  5.2740e+10  5.7872e+00  1.0787e+03  3.5403e+07  1.5763e+01  1.0787e+03  2.1748e+06  7.4232e+00  1.0787e+03  3.7578e+07  1.6185e+01  1.0788e+03  
57          1.0045e+10  3.7412e+11  1.8186e+01  1.0692e+03  4.7894e+10  6.3865e+00  1.0692e+03  3.7948e+07  1.7304e+01  1.0692e+03  2.8278e+06  9.0933e+00  1.0692e+03  4.0776e+07  1.7637e+01  1.0694e+03  
58          1.0053e+10  3.3730e+11  2.0053e+01  1.0597e+03  4.3340e+10  7.0351e+00  1.0597e+03  4.0714e+07  1.9009e+01  1.0597e+03  3.7148e+06  1.1088e+01  1.0597e+03  4.4429e+07  1.9248e+01  1.0598e+03  
59          1.0062e+10  3.0342e+11  2.2117e+01  1.0502e+03  3.9079e+10  7.7218e+00  1.0502e+03  4.3622e+07  2.0884e+01  1.0502e+03  4.8873e+06  1.3377e+01  1.0502e+03  4.8510e+07  2.1028e+01  1.0503e+03  
60          1.0071e+10  2.7231e+11  2.4405e+01  1.0405e+03  3.5106e+10  8.4485e+00  1.0405e+03  4.6572e+07  2.2949e+01  1.0405e+03  6.3880e+06  1.5928e+01  1.0405e+03  5.2960e+07  2.3001e+01  1.0406e+03  
61          1.0080e+10  2.4383e+11  2.6939e+01  1.0309e+03  3.1418e+10  9.2105e+00  1.0309e+03  4.9450e+07  2.5219e+01  1.0309e+03  8.2439e+06  1.8710e+01  1.0309e+03  5.7694e+07  2.5186e+01  1.0310e+03  
62          1.0089e+10  2.1782e+11  2.9768e+01  1.0211e+03  2.8009e+10  1.0021e+01  1.0211e+03  5.2141e+07  2.7732e+01  1.0211e+03  1.0460e+07  2.1723e+01  1.0211e+03  6.2602e+07  2.7624e+01  1.0213e+03  
63          1.0099e+10  1.9412e+11  3.2848e+01  1.0114e+03  2.4871e+10  1.0796e+01  1.0114e+03  5.4546e+07  3.0433e+01  1.0114e+03  1.3018e+07  2.4888e+01  1.0114e+03  6.7563e+07  3.0259e+01  1.0115e+03  
64          1.0108e+10  1.7259e+11  3.6970e+01  1.0016e+03  2.1998e+10  1.2277e+01  1.0016e+03  5.6587e+07  3.4097e+01  1.0016e+03  1.5874e+07  2.8969e+01  1.0016e+03  7.2461e+07  3.3866e+01  1.0017e+03  
65          1.0118e+10  1.5308e+11  3.7692e+01  9.9169e+02  1.9378e+10  9.9617e+00  9.9169e+02  5.8223e+07  3.4265e+01  9.9170e+02  1.8968e+07  2.9503e+01  9.9170e+02  7.7191e+07  3.3986e+01  9.9180e+02  
66          1.0128e+10  1.3544e+11  6.2651e+01  9.8177e+02  1.7006e+10  3.1400e+01  9.8177e+02  5.9455e+07  5.8550e+01  9.8178e+02  2.2225e+07  5.4106e+01  9.8178e+02  8.1680e+07  5.8231e+01  9.8188e+02  
67          1.0137e+10  1.1952e+11  8.7909e+01  9.7184e+02  1.4865e+10  5.2642e+01  9.7184e+02  6.0309e+07  8.2990e+01  9.7185e+02  2.5554e+07  7.8828e+01  9.7185e+02  8.5863e+07  8.2638e+01  9.7196e+02  
68          1.0147e+10  1.0505e+11  6.5543e+01  9.6357e+02  1.2910e+10  2.5776e+01  9.6357e+02  6.0802e+07  5.9630e+01  9.6358e+02  2.8821e+07  5.5711e+01  9.6359e+02  8.9623e+07  5.9257e+01  9.6369e+02  
69          1.0158e+10  9.1774e+10  3.9550e+01  9.5928e+02  1.1104e+10  -3.4962e+00 9.5928e+02  6.0970e+07  3.2427e+01  9.5930e+02  3.1872e+07  2.8701e+01  9.5930e+02  9.2842e+07  3.1893e+01  9.5941e+02  
70          1.0168e+10  7.9597e+10  2.9393e+01  9.6114e+02  9.4405e+09  -1.3987e+01 9.6114e+02  6.0892e+07  2.0812e+01  9.6116e+02  3.4574e+07  1.7229e+01  9.6116e+02  9.5466e+07  1.9867e+01  9.6127e+02  
71          1.0178e+10  6.8487e+10  2.3888e+01  9.7113e+02  7.9234e+09  -2.2005e+01 9.7113e+02  6.0665e+07  1.3562e+01  9.7115e+02  3.6807e+07  1.0060e+01  9.7115e+02  9.7472e+07  1.2300e+01  9.7126e+02  
72          1.0189e+10  5.8444e+10  3.0294e+01  9.9109e+02  6.5574e+09  -2.2907e+01 9.9109e+02  6.0372e+07  1.7913e+01  9.9111e+02  3.8464e+07  1.4429e+01  9.9112e+02  9.8836e+07  1.6607e+01  9.9122e+02  
73          1.0200e+10  4.9481e+10  4.9768e+01  1.0229e+03  5.3465e+09  -1.6018e+01 1.0229e+03  6.0077e+07  3.5025e+01  1.0229e+03  3.9461e+07  3.1495e+01  1.0229e+03  9.9538e+07  3.3948e+01  1.0230e+03  
74          1.0211e+10  4.1596e+10  7.8429e+01  1.0684e+03  4.2929e+09  -3.8740e+00 1.0684e+03  5.9815e+07  6.1047e+01  1.0684e+03  3.9747e+07  5.7414e+01  1.0684e+03  9.9562e+07  6.0338e+01  1.0685e+03  
75          1.0222e+10  3.4765e+10  1.2706e+02  1.1297e+03  3.3963e+09  3.2141e+01  1.1297e+03  5.9596e+07  1.0686e+02  1.1298e+03  3.9324e+07  1.0308e+02  1.1298e+03  9.8920e+07  1.0622e+02  1.1299e+03  
76          1.0233e+10  2.8934e+10  1.8105e+02  1.2092e+03  2.6513e+09  7.5539e+01  1.2092e+03  5.9411e+07  1.5786e+02  1.2092e+03  3.8242e+07  1.5389e+02  1.2092e+03  9.7653e+07  1.5718e+02  1.2093e+03  
77          1.0245e+10  2.4021e+10  2.4169e+02  1.3090e+03  2.0456e+09  1.2619e+02  1.3090e+03  5.9234e+07  2.1537e+02  1.3090e+03  3.6591e+07  2.1114e+02  1.3090e+03  9.5825e+07  2.1463e+02  1.3091e+03  
78          1.0256e+10  1.9928e+10  3.0617e+02  1.4312e+03  1.5630e+09  1.8232e+02  1.4312e+03  5.9039e+07  2.7653e+02  1.4313e+03  3.4498e+07  2.7200e+02  1.4313e+03  9.3538e+07  2.7572e+02  1.4314e+03  
79          1.0268e+10  1.6548e+10  3.7251e+02  1.5779e+03  1.1856e+09  2.4298e+02  1.5779e+03  5.8802e+07  3.3931e+02  1.5779e+03  3.2110e+07  3.3442e+02  1.5779e+03  9.0912e+07  3.3844e+02  1.5781e+03  
80          1.0280e+10  1.3778e+10  4.3792e+02  1.7506e+03  8.9540e+08  3.0600e+02  1.7506e+03  5.8504e+07  4.0081e+02  1.7506e+03  2.9574e+07  3.9549e+02  1.7506e+03  8.8079e+07  3.9987e+02  1.7508e+03  
81          1.0292e+10  1.1517e+10  5.0087e+02  1.9502e+03  6.7581e+08  3.6916e+02  1.9502e+03  5.8133e+07  4.5936e+02  1.9502e+03  2.7028e+07  4.5350e+02  1.9503e+03  8.5161e+07  4.5834e+02  1.9504e+03  
82          1.0304e+10  9.6776e+09  5.6035e+02  2.1770e+03  5.1208e+08  4.2840e+02  2.1770e+03  5.7683e+07  5.1381e+02  2.1770e+03  2.4585e+07  5.0722e+02  2.1770e+03  8.2268e+07  5.1268e+02  2.1771e+03  
83          1.0317e+10  8.1832e+09  6.1617e+02  2.4300e+03  3.9162e+08  4.7744e+02  2.4300e+03  5.7152e+07  5.6388e+02  2.4300e+03  2.2332e+07  5.5626e+02  2.4300e+03  7.9484e+07  5.6257e+02  2.4302e+03  
84          1.0330e+10  6.9689e+09  6.6870e+02  2.7075e+03  3.0400e+08  5.0777e+02  2.7075e+03  5.6544e+07  6.0997e+02  2.7075e+03  2.0325e+07  6.0080e+02  2.7075e+03  7.6869e+07  6.0837e+02  2.7077e+03  
85          1.0342e+10  5.9810e+09  7.1866e+02  3.0064e+03  2.4078e+08  5.1070e+02  3.0064e+03  5.5868e+07  6.5290e+02  3.0064e+03  1.8593e+07  6.4146e+02  3.0064e+03  7.4460e+07  6.5086e+02  3.0066e+03  
86          1.0356e+10  5.1756e+09  7.6682e+02  3.3228e+03  1.9536e+08  4.8085e+02  3.3229e+03  5.5135e+07  6.9367e+02  3.3229e+03  1.7142e+07  6.7903e+02  3.3229e+03  7.2277e+07  6.9101e+02  3.3231e+03  
87          1.0369e+10  4.5171e+09  8.1377e+02  3.6521e+03  1.6266e+08  4.1929e+02  3.6522e+03  5.4363e+07  7.3315e+02  3.6522e+03  1.5960e+07  7.1425e+02  3.6522e+03  7.0323e+07  7.2968e+02  3.6523e+03  
88          1.0382e+10  3.9771e+09  8.5996e+02  3.9890e+03  1.3892e+08  3.3417e+02  3.9891e+03  5.3568e+07  7.7211e+02  3.9890e+03  1.5024e+07  7.4787e+02  3.9890e+03  6.8593e+07  7.6761e+02  3.9892e+03  
89          1.0396e+10  3.5324e+09  9.0525e+02  4.3281e+03  1.2143e+08  2.3719e+02  4.3281e+03  5.2771e+07  8.1068e+02  4.3281e+03  1.4304e+07  7.8019e+02  4.3281e+03  6.7076e+07  8.0499e+02  4.3283e+03  
90          1.0410e+10  3.1648e+09  9.5041e+02  4.6640e+03  1.0828e+08  1.4001e+02  4.6640e+03  5.1992e+07  8.4981e+02  4.6640e+03  1.3767e+07  8.1239e+02  4.6640e+03  6.5759e+07  8.4278e+02  4.6642e+03  
91          1.0424e+10  2.8592e+09  9.9312e+02  4.9917e+03  9.8186e+07  4.5558e+01  4.9918e+03  5.1252e+07  8.8725e+02  4.9918e+03  1.3381e+07  8.4256e+02  4.9918e+03  6.4633e+07  8.7881e+02  4.9920e+03  
92          1.0438e+10  2.6040e+09  1.0361e+03  5.3069e+03  9.0323e+07  -2.1575e+01 5.3070e+03  5.0568e+07  9.2569e+02  5.3070e+03  1.3117e+07  8.7383e+02  5.3070e+03  6.3685e+07  9.1569e+02  5.3072e+03  
93          1.0452e+10  2.3896e+09  1.0786e+03  5.6059e+03  8.4167e+07  -6.2946e+01 5.6059e+03  4.9961e+07  9.6444e+02  5.6059e+03  1.2949e+07  9.0584e+02  5.6059e+03  6.2910e+07  9.5283e+02  5.6062e+03  
94          1.0467e+10  2.2084e+09  1.1191e+03  5.8856e+03  7.9334e+07  -1.0113e+02 5.8857e+03  4.9445e+07  1.0016e+03  5.8857e+03  1.2855e+07  9.3687e+02  5.8857e+03  6.2301e+07  9.8851e+02  5.8859e+03  
95          1.0482e+10  2.0543e+09  1.1598e+03  6.1439e+03  7.5522e+07  -1.3309e+02 6.1439e+03  4.9033e+07  1.0396e+03  6.1439e+03  1.2818e+07  9.6951e+02  6.1439e+03  6.1851e+07  1.0251e+03  6.1442e+03  
96          1.0497e+10  1.9224e+09  1.2003e+03  6.3792e+03  7.2500e+07  -1.5808e+02 6.3792e+03  4.8732e+07  1.0777e+03  6.3792e+03  1.2822e+07  1.0033e+03  6.3792e+03  6.1555e+07  1.0621e+03  6.3795e+03  
97          1.0512e+10  1.8089e+09  1.2404e+03  6.5906e+03  7.0087e+07  -1.7589e+02 6.5906e+03  4.8546e+07  1.1160e+03  6.5906e+03  1.2855e+07  1.0385e+03  6.5907e+03  6.1401e+07  1.0996e+03  6.5909e+03  
98          1.0528e+10  1.7104e+09  1.2801e+03  6.7781e+03  6.8146e+07  -1.8704e+02 6.7781e+03  4.8470e+07  1.1544e+03  6.7781e+03  1.2909e+07  1.0748e+03  6.7781e+03  6.1379e+07  1.1375e+03  6.7784e+03  
99          1.0543e+10  1.6245e+09  1.3188e+03  6.9419e+03  6.6570e+07  -1.9247e+02 6.9420e+03  4.8496e+07  1.1926e+03  6.9420e+03  1.2974e+07  1.1119e+03  6.9420e+03  6.1470e+07  1.1754e+03  6.9422e+03  
100         1.0559e+10  1.5491e+09  1.3566e+03  7.0832e+03  6.5276e+07  -1.9324e+02 7.0832e+03  4.8609e+07  1.2308e+03  7.0832e+03  1.3045e+07  1.1499e+03  7.0832e+03  6.1654e+07  1.2135e+03  7.0834e+03  
101         1.0576e+10  1.4823e+09  1.3922e+03  7.2031e+03  6.4199e+07  -1.9125e+02 7.2031e+03  4.8790e+07  1.2676e+03  7.2031e+03  1.3118e+07  1.1871e+03  7.2031e+03  6.1908e+07  1.2503e+03  7.2033e+03  
102         1.0592e+10  1.4226e+09  1.4270e+03  7.3034e+03  6.3297e+07  -1.8229e+02 7.3034e+03  4.9018e+07  1.3045e+03  7.3034e+03  1.3189e+07  1.2251e+03  7.3034e+03  6.2206e+07  1.2875e+03  7.3036e+03  
103         1.0609e+10  1.3690e+09  1.4615e+03  7.3861e+03  6.2459e+07  -1.6710e+02 7.3861e+03  4.9270e+07  1.3420e+03  7.3861e+03  1.3254e+07  1.2640e+03  7.3861e+03  6.2524e+07  1.3254e+03  7.3863e+03  
104         1.0626e+10  1.3203e+09  1.4936e+03  7.4532e+03  6.1663e+07  -1.5170e+02 7.4532e+03  4.9525e+07  1.3777e+03  7.4532e+03  1.3312e+07  1.3014e+03  7.4532e+03  6.2837e+07  1.3615e+03  7.4534e+03  
105         1.0643e+10  1.2758e+09  1.5251e+03  7.5069e+03  6.0884e+07  -1.3542e+02 7.5069e+03  4.9765e+07  1.4132e+03  7.5069e+03  1.3361e+07  1.3386e+03  7.5069e+03  6.3126e+07  1.3974e+03  7.5071e+03  
106         1.0660e+10  1.2346e+09  1.5557e+03  7.5493e+03  6.0099e+07  -1.1860e+02 7.5493e+03  4.9972e+07  1.4481e+03  7.5493e+03  1.3400e+07  1.3753e+03  7.5493e+03  6.3372e+07  1.4328e+03  7.5494e+03  
107         1.0678e+10  1.1962e+09  1.5862e+03  7.5823e+03  5.9288e+07  -1.0133e+02 7.5823e+03  5.0135e+07  1.4827e+03  7.5823e+03  1.3427e+07  1.4117e+03  7.5823e+03  6.3562e+07  1.4679e+03  7.5825e+03  
108         1.0696e+10  1.1601e+09  1.6166e+03  7.6078e+03  5.8436e+07  -8.3798e+01 7.6078e+03  5.0246e+07  1.5172e+03  7.6078e+03  1.3442e+07  1.4478e+03  7.6078e+03  6.3688e+07  1.5029e+03  7.6080e+03  
109         1.0714e+10  1.1259e+09  1.6474e+03  7.6274e+03  5.7531e+07  -6.6188e+01 7.6274e+03  5.0300e+07  1.5517e+03  7.6274e+03  1.3445e+07  1.4838e+03  7.6274e+03  6.3744e+07  1.5378e+03  7.6275e+03  
110         1.0732e+10  1.0932e+09  1.6788e+03  7.6425e+03  5.6566e+07  -4.8760e+01 7.6425e+03  5.0296e+07  1.5864e+03  7.6425e+03  1.3435e+07  1.5199e+03  7.6425e+03  6.3732e+07  1.5730e+03  7.6426e+03  
111         1.0751e+10  1.0618e+09  1.7111e+03  7.6542e+03  5.5538e+07  -3.1959e+01 7.6542e+03  5.0238e+07  1.6215e+03  7.6542e+03  1.3414e+07  1.5562e+03  7.6542e+03  6.3651e+07  1.6084e+03  7.6543e+03  
112         1.0770e+10  1.0314e+09  1.7447e+03  7.6635e+03  5.4449e+07  -1.6263e+01 7.6635e+03  5.0128e+07  1.6573e+03  7.6635e+03  1.3380e+07  1.5931e+03  7.6635e+03  6.3508e+07  1.6445e+03  7.6636e+03  
113         1.0789e+10  1.0020e+09  1.7785e+03  7.6712e+03  5.3306e+07  -3.2049e+00 7.6712e+03  4.9972e+07  1.6927e+03  7.6712e+03  1.3336e+07  1.6294e+03  7.6712e+03  6.3308e+07  1.6801e+03  7.6713e+03  
114         1.0809e+10  9.7327e+08  1.8150e+03  7.6780e+03  5.2128e+07  1.9219e+01  7.6780e+03  4.9778e+07  1.7302e+03  7.6780e+03  1.3281e+07  1.6677e+03  7.6780e+03  6.3058e+07  1.7179e+03  7.6781e+03  
115         1.0829e+10  9.4524e+08  1.8520e+03  7.6844e+03  5.0933e+07  4.0164e+01  7.6844e+03  4.9550e+07  1.7677e+03  7.6844e+03  1.3216e+07  1.7059e+03  7.6844e+03  6.2766e+07  1.7555e+03  7.6845e+03  
116         1.0849e+10  9.1779e+08  1.8906e+03  7.6907e+03  4.9730e+07  5.8654e+01  7.6907e+03  4.9296e+07  1.8063e+03  7.6907e+03  1.3142e+07  1.7450e+03  7.6907e+03  6.2438e+07  1.7942e+03  7.6908e+03  
117         1.0869e+10  8.9089e+08  1.9309e+03  7.6971e+03  4.8524e+07  7.6341e+01  7.6971e+03  4.9021e+07  1.8461e+03  7.6971e+03  1.3061e+07  1.7852e+03  7.6971e+03  6.2082e+07  1.8341e+03  7.6972e+03  
118         1.0890e+10  8.6449e+08  1.9730e+03  7.7039e+03  4.7316e+07  9.3984e+01  7.7039e+03  4.8730e+07  1.8873e+03  7.7039e+03  1.2972e+07  1.8268e+03  7.7039e+03  6.1702e+07  1.8753e+03  7.7040e+03  
119         1.0911e+10  8.3858e+08  2.0169e+03  7.7111e+03  4.6110e+07  1.1192e+02  7.7111e+03  4.8428e+07  1.9299e+03  7.7111e+03  1.2876e+07  1.8697e+03  7.7111e+03  6.1305e+07  1.9180e+03  7.7112e+03  
120         1.0933e+10  8.1314e+08  2.0625e+03  7.7188e+03  4.4907e+07  1.3032e+02  7.7188e+03  4.8119e+07  1.9740e+03  7.7188e+03  1.2774e+07  1.9142e+03  7.7188e+03  6.0893e+07  1.9623e+03  7.7189e+03  
121         1.0954e+10  7.8818e+08  2.1098e+03  7.7269e+03  4.3708e+07  1.4925e+02  7.7270e+03  4.7805e+07  2.0198e+03  7.7270e+03  1.2666e+07  1.9602e+03  7.7270e+03  6.0471e+07  2.0081e+03  7.7271e+03  
122         1.0976e+10  7.6370e+08  2.1590e+03  7.7356e+03  4.2516e+07  1.6877e+02  7.7356e+03  4.7488e+07  2.0672e+03  7.7356e+03  1.2552e+07  2.0079e+03  7.7356e+03  6.0040e+07  2.0556e+03  7.7358e+03  
123         1.0998e+10  7.3969e+08  2.2100e+03  7.7447e+03  4.1331e+07  1.8889e+02  7.7448e+03  4.7170e+07  2.1164e+03  7.7448e+03  1.2432e+07  2.0573e+03  7.7448e+03  5.9602e+07  2.1048e+03  7.7449e+03  
124         1.1021e+10  7.1617e+08  2.2629e+03  7.7543e+03  4.0157e+07  2.0966e+02  7.7543e+03  4.6852e+07  2.1673e+03  7.7543e+03  1.2307e+07  2.1085e+03  7.7543e+03  5.9159e+07  2.1559e+03  7.7544e+03  
125         1.1044e+10  6.9314e+08  2.3176e+03  7.7642e+03  3.8994e+07  2.3100e+02  7.7642e+03  4.6533e+07  2.2201e+03  7.7642e+03  1.2177e+07  2.1616e+03  7.7642e+03  5.8710e+07  2.2087e+03  7.7643e+03  
126         1.1067e+10  6.7061e+08  2.3744e+03  7.7744e+03  3.7843e+07  2.5324e+02  7.7744e+03  4.6215e+07  2.2750e+03  7.7744e+03  1.2042e+07  2.2167e+03  7.7744e+03  5.8257e+07  2.2637e+03  7.7745e+03  
127         1.1091e+10  6.4858e+08  2.4328e+03  7.7848e+03  3.6706e+07  2.7605e+02  7.7848e+03  4.5895e+07  2.3316e+03  7.7848e+03  1.1903e+07  2.2736e+03  7.7848e+03  5.7798e+07  2.3205e+03  7.7849e+03  
128         1.1115e+10  6.2706e+08  2.4933e+03  7.7954e+03  3.5585e+07  2.9949e+02  7.7954e+03  4.5575e+07  2.3903e+03  7.7954e+03  1.1759e+07  2.3325e+03  7.7954e+03  5.7335e+07  2.3792e+03  7.7956e+03  
129         1.1139e+10  6.0604e+08  2.5559e+03  7.8062e+03  3.4479e+07  3.2379e+02  7.8062e+03  4.5254e+07  2.4511e+03  7.8062e+03  1.1611e+07  2.3936e+03  7.8062e+03  5.6865e+07  2.4401e+03  7.8063e+03  
130         1.1164e+10  5.8554e+08  2.6206e+03  7.8171e+03  3.3391e+07  3.4880e+02  7.8171e+03  4.4930e+07  2.5140e+03  7.8171e+03  1.1460e+07  2.4567e+03  7.8171e+03  5.6389e+07  2.5031e+03  7.8172e+03  
131         1.1189e+10  5.6555e+08  2.6874e+03  7.8280e+03  3.2321e+07  3.7465e+02  7.8280e+03  4.4603e+07  2.5792e+03  7.8281e+03  1.1305e+07  2.5221e+03  7.8281e+03  5.5907e+07  2.5684e+03  7.8282e+03  
132         1.1214e+10  5.4606e+08  2.7563e+03  7.8390e+03  3.1269e+07  4.0133e+02  7.8390e+03  4.4272e+07  2.6465e+03  7.8390e+03  1.1147e+07  2.5897e+03  7.8390e+03  5.5419e+07  2.6359e+03  7.8392e+03  
133         1.1240e+10  5.2708e+08  2.8276e+03  7.8500e+03  3.0236e+07  4.2890e+02  7.8500e+03  4.3937e+07  2.7162e+03  7.8500e+03  1.0985e+07  2.6596e+03  7.8500e+03  5.4922e+07  2.7056e+03  7.8502e+03  
134         1.1266e+10  5.0861e+08  2.9012e+03  7.8610e+03  2.9223e+07  4.5738e+02  7.8610e+03  4.3597e+07  2.7883e+03  7.8610e+03  1.0822e+07  2.7319e+03  7.8610e+03  5.4419e+07  2.7778e+03  7.8611e+03  
135         1.1293e+10  4.9063e+08  2.9772e+03  7.8719e+03  2.8230e+07  4.8682e+02  7.8720e+03  4.3252e+07  2.8628e+03  7.8720e+03  1.0656e+07  2.8066e+03  7.8720e+03  5.3907e+07  2.8524e+03  7.8721e+03  
136         1.1320e+10  4.7315e+08  3.0556e+03  7.8828e+03  2.7257e+07  5.1725e+02  7.8829e+03  4.2900e+07  2.9399e+03  7.8829e+03  1.0488e+07  2.8839e+03  7.8829e+03  5.3388e+07  2.9296e+03  7.8830e+03  
137         1.1347e+10  4.5615e+08  3.1367e+03  7.8937e+03  2.6306e+07  5.4871e+02  7.8937e+03  4.2542e+07  3.0195e+03  7.8937e+03  1.0318e+07  2.9637e+03  7.8937e+03  5.2860e+07  3.0094e+03  7.8938e+03  
138         1.1375e+10  4.3964e+08  3.2204e+03  7.9044e+03  2.5375e+07  5.8124e+02  7.9044e+03  4.2178e+07  3.1019e+03  7.9044e+03  1.0146e+07  3.0463e+03  7.9045e+03  5.2324e+07  3.0918e+03  7.9046e+03  
139         1.1403e+10  4.2360e+08  3.3068e+03  7.9151e+03  2.4466e+07  6.1488e+02  7.9151e+03  4.1806e+07  3.1870e+03  7.9151e+03  9.9738e+06  3.1316e+03  7.9151e+03  5.1780e+07  3.1771e+03  7.9152e+03  
140         1.1431e+10  4.0803e+08  3.3961e+03  7.9257e+03  2.3577e+07  6.4967e+02  7.9257e+03  4.1428e+07  3.2750e+03  7.9257e+03  9.8001e+06  3.2197e+03  7.9257e+03  5.1228e+07  3.2652e+03  7.9258e+03  
141         1.1460e+10  3.9293e+08  3.4883e+03  7.9361e+03  2.2711e+07  6.8566e+02  7.9362e+03  4.1042e+07  3.3660e+03  7.9362e+03  9.6256e+06  3.3108e+03  7.9362e+03  5.0667e+07  3.3562e+03  7.9363e+03  
142         1.1489e+10  3.7827e+08  3.5836e+03  7.9465e+03  2.1866e+07  7.2288e+02  7.9466e+03  4.0648e+07  3.4600e+03  7.9465e+03  9.4505e+06  3.4050e+03  7.9466e+03  5.0099e+07  3.4503e+03  7.9467e+03  
143         1.1519e+10  3.6406e+08  3.6820e+03  7.9568e+03  2.1042e+07  7.6139e+02  7.9568e+03  4.0247e+07  3.5572e+03  7.9568e+03  9.2750e+06  3.5023e+03  7.9568e+03  4.9522e+07  3.5476e+03  7.9569e+03  
144         1.1549e+10  3.5029e+08  3.7837e+03  7.9669e+03  2.0241e+07  8.0122e+02  7.9670e+03  3.9839e+07  3.6577e+03  7.9670e+03  9.0993e+06  3.6028e+03  7.9670e+03  4.8938e+07  3.6482e+03  7.9671e+03  
145         1.1580e+10  3.3695e+08  3.8887e+03  7.9769e+03  1.9460e+07  8.4243e+02  7.9770e+03  3.9423e+07  3.7615e+03  7.9770e+03  8.9237e+06  3.7068e+03  7.9770e+03  4.8347e+07  3.7521e+03  7.9771e+03  
146         1.1611e+10  3.2403e+08  3.9971e+03  7.9868e+03  1.8702e+07  8.8507e+02  7.9869e+03  3.9000e+07  3.8689e+03  7.9869e+03  8.7483e+06  3.8142e+03  7.9869e+03  4.7748e+07  3.8595e+03  7.9870e+03  
147         1.1643e+10  3.1152e+08  4.1092e+03  7.9966e+03  1.7964e+07  9.2918e+02  7.9966e+03  3.8570e+07  3.9798e+03  7.9966e+03  8.5732e+06  3.9252e+03  7.9966e+03  4.7143e+07  3.9705e+03  7.9967e+03  
148         1.1675e+10  2.9942e+08  4.2249e+03  8.0062e+03  1.7248e+07  9.7481e+02  8.0062e+03  3.8133e+07  4.0944e+03  8.0062e+03  8.3987e+06  4.0399e+03  8.0062e+03  4.6531e+07  4.0853e+03  8.0064e+03  
149         1.1707e+10  2.8771e+08  4.3445e+03  8.0157e+03  1.6554e+07  1.0220e+03  8.0157e+03  3.7689e+07  4.2129e+03  8.0157e+03  8.2249e+06  4.1584e+03  8.0157e+03  4.5914e+07  4.2038e+03  8.0158e+03  
150         1.1740e+10  2.7639e+08  4.4679e+03  8.0250e+03  1.5880e+07  1.0708e+03  8.0250e+03  3.7238e+07  4.3353e+03  8.0250e+03  8.0520e+06  4.2808e+03  8.0250e+03  4.5290e+07  4.3263e+03  8.0251e+03  
151         1.1774e+10  2.6544e+08  4.5957e+03  8.0341e+03  1.5227e+07  1.1215e+03  8.0342e+03  3.6781e+07  4.4620e+03  8.0342e+03  7.8801e+06  4.4076e+03  8.0342e+03  4.4661e+07  4.4531e+03  8.0343e+03  
152         1.1808e+10  2.5487e+08  4.7273e+03  8.0431e+03  1.4594e+07  1.1739e+03  8.0432e+03  3.6318e+07  4.5927e+03  8.0432e+03  7.7092e+06  4.5382e+03  8.0432e+03  4.4027e+07  4.5838e+03  8.0433e+03  
153         1.1842e+10  2.4466e+08  4.8633e+03  8.0519e+03  1.3982e+07  1.2279e+03  8.0520e+03  3.5849e+07  4.7277e+03  8.0519e+03  7.5397e+06  4.6733e+03  8.0520e+03  4.3388e+07  4.7189e+03  8.0521e+03  
154         1.1877e+10  2.3480e+08  5.0039e+03  8.0605e+03  1.3390e+07  1.2839e+03  8.0606e+03  3.5374e+07  4.8674e+03  8.0605e+03  7.3715e+06  4.8129e+03  8.0605e+03  4.2745e+07  4.8586e+03  8.0607e+03  
155         1.1912e+10  2.2529e+08  5.1491e+03  8.0689e+03  1.2817e+07  1.3418e+03  8.0690e+03  3.4894e+07  5.0116e+03  8.0689e+03  7.2048e+06  4.9571e+03  8.0689e+03  4.2099e+07  5.0029e+03  8.0691e+03  
156         1.1948e+10  2.1611e+08  5.2990e+03  8.0771e+03  1.2264e+07  1.4016e+03  8.0771e+03  3.4409e+07  5.1607e+03  8.0771e+03  7.0397e+06  5.1061e+03  8.0771e+03  4.1449e+07  5.1520e+03  8.0772e+03  
157         1.1985e+10  2.0726e+08  5.4538e+03  8.0850e+03  1.1730e+07  1.4635e+03  8.0851e+03  3.3920e+07  5.3146e+03  8.0851e+03  6.8764e+06  5.2600e+03  8.0851e+03  4.0796e+07  5.3060e+03  8.0852e+03  
158         1.2022e+10  1.9873e+08  5.6136e+03  8.0928e+03  1.1215e+07  1.5274e+03  8.0928e+03  3.3426e+07  5.4736e+03  8.0928e+03  6.7149e+06  5.4189e+03  8.0928e+03  4.0141e+07  5.4651e+03  8.0929e+03  
159         1.2059e+10  1.9051e+08  5.7787e+03  8.1002e+03  1.0718e+07  1.5935e+03  8.1003e+03  3.2929e+07  5.6379e+03  8.1003e+03  6.5553e+06  5.5831e+03  8.1003e+03  3.9484e+07  5.6294e+03  8.1004e+03  
160         1.2097e+10  1.8259e+08  5.9490e+03  8.1075e+03  1.0239e+07  1.6619e+03  8.1076e+03  3.2428e+07  5.8075e+03  8.1075e+03  6.3977e+06  5.7526e+03  8.1075e+03  3.8826e+07  5.7991e+03  8.1076e+03  
161         1.2136e+10  1.7497e+08  6.1249e+03  8.1144e+03  9.7783e+06  1.7325e+03  8.1145e+03  3.1924e+07  5.9827e+03  8.1145e+03  6.2422e+06  5.9276e+03  8.1145e+03  3.8166e+07  5.9743e+03  8.1146e+03  
162         1.2175e+10  1.6762e+08  6.3065e+03  8.1211e+03  9.3344e+06  1.8055e+03  8.1212e+03  3.1418e+07  6.1635e+03  8.1212e+03  6.0889e+06  6.1084e+03  8.1212e+03  3.7506e+07  6.1552e+03  8.1213e+03  
163         1.2215e+10  1.6056e+08  6.4938e+03  8.1275e+03  8.9074e+06  1.8809e+03  8.1276e+03  3.0909e+07  6.3502e+03  8.1276e+03  5.9377e+06  6.2949e+03  8.1276e+03  3.6846e+07  6.3419e+03  8.1277e+03  
164         1.2256e+10  1.5376e+08  6.6872e+03  8.1336e+03  8.4969e+06  1.9587e+03  8.1337e+03  3.0398e+07  6.5430e+03  8.1336e+03  5.7888e+06  6.4875e+03  8.1336e+03  3.6187e+07  6.5347e+03  8.1338e+03  
165         1.2297e+10  1.4723e+08  6.8867e+03  8.1394e+03  8.1025e+06  2.0391e+03  8.1394e+03  2.9886e+07  6.7419e+03  8.1394e+03  5.6422e+06  6.6863e+03  8.1394e+03  3.5528e+07  6.7337e+03  8.1395e+03  
166         1.2338e+10  1.4094e+08  7.0925e+03  8.1448e+03  7.7236e+06  2.1221e+03  8.1449e+03  2.9373e+07  6.9472e+03  8.1448e+03  5.4980e+06  6.8914e+03  8.1448e+03  3.4871e+07  6.9390e+03  8.1450e+03  
167         1.2380e+10  1.3491e+08  7.3049e+03  8.1498e+03  7.3600e+06  2.2078e+03  8.1499e+03  2.8859e+07  7.1591e+03  8.1499e+03  5.3562e+06  7.1031e+03  8.1499e+03  3.4216e+07  7.1509e+03  8.1500e+03  
168         1.2423e+10  1.2911e+08  7.5239e+03  8.1545e+03  7.0112e+06  2.2962e+03  8.1547e+03  2.8346e+07  7.3777e+03  8.1546e+03  5.2168e+06  7.3215e+03  8.1546e+03  3.3562e+07  7.3695e+03  8.1547e+03  
169         1.2466e+10  1.2353e+08  7.7498e+03  8.1589e+03  6.6767e+06  2.3874e+03  8.1590e+03  2.7832e+07  7.6031e+03  8.1589e+03  5.0799e+06  7.5467e+03  8.1589e+03  3.2912e+07  7.5950e+03  8.1590e+03  
170         1.2510e+10  1.1818e+08  7.9827e+03  8.1628e+03  6.3562e+06  2.4815e+03  8.1629e+03  2.7319e+07  7.8357e+03  8.1628e+03  4.9455e+06  7.7791e+03  8.1628e+03  3.2265e+07  7.8276e+03  8.1630e+03  
171         1.2555e+10  1.1305e+08  8.2228e+03  8.1663e+03  6.0492e+06  2.5785e+03  8.1664e+03  2.6807e+07  8.0756e+03  8.1663e+03  4.8136e+06  8.0187e+03  8.1663e+03  3.1621e+07  8.0675e+03  8.1665e+03  
172         1.2601e+10  1.0812e+08  8.4704e+03  8.1693e+03  5.7553e+06  2.6785e+03  8.1695e+03  2.6297e+07  8.3229e+03  8.1694e+03  4.6842e+06  8.2657e+03  8.1694e+03  3.0981e+07  8.3148e+03  8.1695e+03  
173         1.2647e+10  1.0339e+08  8.7255e+03  8.1719e+03  5.4741e+06  2.7816e+03  8.1721e+03  2.5788e+07  8.5778e+03  8.1720e+03  4.5574e+06  8.5204e+03  8.1720e+03  3.0345e+07  8.5697e+03  8.1721e+03  
174         1.2693e+10  9.8860e+07  8.9885e+03  8.1741e+03  5.2051e+06  2.8878e+03  8.1742e+03  2.5281e+07  8.8406e+03  8.1741e+03  4.4331e+06  8.7829e+03  8.1741e+03  2.9714e+07  8.8326e+03  8.1743e+03  
175         1.2741e+10  9.4513e+07  9.2593e+03  8.1757e+03  4.9480e+06  2.9971e+03  8.1759e+03  2.4777e+07  9.1114e+03  8.1758e+03  4.3113e+06  9.0534e+03  8.1758e+03  2.9089e+07  9.1033e+03  8.1759e+03  
176         1.2789e+10  9.0347e+07  9.5385e+03  8.1768e+03  4.7023e+06  3.1099e+03  8.1770e+03  2.4276e+07  9.3906e+03  8.1769e+03  4.1921e+06  9.3323e+03  8.1769e+03  2.8468e+07  9.3826e+03  8.1771e+03  
177         1.2837e+10  8.6354e+07  9.8258e+03  8.1774e+03  4.4677e+06  3.2258e+03  8.1776e+03  2.3778e+07  9.6778e+03  8.1775e+03  4.0754e+06  9.6193e+03  8.1775e+03  2.7854e+07  9.6698e+03  8.1777e+03  
178         1.2887e+10  8.2529e+07  1.0122e+04  8.1775e+03  4.2437e+06  3.3451e+03  8.1777e+03  2.3284e+07  9.9739e+03  8.1776e+03  3.9612e+06  9.9151e+03  8.1776e+03  2.7245e+07  9.9659e+03  8.1777e+03  
179         1.2937e+10  7.8864e+07  1.0426e+04  8.1769e+03  4.0300e+06  3.4678e+03  8.1772e+03  2.2794e+07  1.0279e+04  8.1770e+03  3.8496e+06  1.0220e+04  8.1770e+03  2.6643e+07  1.0271e+04  8.1772e+03  
180         1.2988e+10  7.5356e+07  1.0740e+04  8.1758e+03  3.8261e+06  3.5940e+03  8.1760e+03  2.2307e+07  1.0593e+04  8.1759e+03  3.7404e+06  1.0533e+04  8.1759e+03  2.6048e+07  1.0585e+04  8.1760e+03  
181         1.3040e+10  7.1997e+07  1.1063e+04  8.1740e+03  3.6317e+06  3.7236e+03  8.1743e+03  2.1826e+07  1.0916e+04  8.1741e+03  3.6337e+06  1.0856e+04  8.1741e+03  2.5459e+07  1.0908e+04  8.1742e+03  
182         1.3092e+10  6.8781e+07  1.1395e+04  8.1716e+03  3.4464e+06  3.8569e+03  8.1719e+03  2.1348e+07  1.1249e+04  8.1717e+03  3.5295e+06  1.1188e+04  8.1717e+03  2.4878e+07  1.1241e+04  8.1718e+03  
183         1.3145e+10  6.5704e+07  1.1737e+04  8.1685e+03  3.2699e+06  3.9937e+03  8.1688e+03  2.0876e+07  1.1591e+04  8.1686e+03  3.4277e+06  1.1530e+04  8.1686e+03  2.4304e+07  1.1583e+04  8.1688e+03  
184         1.3199e+10  6.2759e+07  1.2089e+04  8.1647e+03  3.1019e+06  4.1342e+03  8.1651e+03  2.0410e+07  1.1943e+04  8.1648e+03  3.3284e+06  1.1882e+04  8.1648e+03  2.3738e+07  1.1935e+04  8.1650e+03  
185         1.3254e+10  5.9943e+07  1.2450e+04  8.1602e+03  2.9419e+06  4.2784e+03  8.1606e+03  1.9948e+07  1.2305e+04  8.1603e+03  3.2314e+06  1.2244e+04  8.1603e+03  2.3180e+07  1.2297e+04  8.1605e+03  
186         1.3309e+10  5.7249e+07  1.2822e+04  8.1550e+03  2.7896e+06  4.4263e+03  8.1554e+03  1.9493e+07  1.2678e+04  8.1551e+03  3.1368e+06  1.2616e+04  8.1551e+03  2.2629e+07  1.2670e+04  8.1553e+03  
187         1.3366e+10  5.4673e+07  1.3204e+04  8.1490e+03  2.6447e+06  4.5780e+03  8.1494e+03  1.9043e+07  1.3060e+04  8.1491e+03  3.0446e+06  1.2998e+04  8.1491e+03  2.2087e+07  1.3052e+04  8.1493e+03  
188         1.3423e+10  5.2209e+07  1.3597e+04  8.1422e+03  2.5070e+06  4.7334e+03  8.1427e+03  1.8599e+07  1.3454e+04  8.1424e+03  2.9547e+06  1.3392e+04  8.1424e+03  2.1554e+07  1.3446e+04  8.1425e+03  
189         1.3481e+10  4.9855e+07  1.4000e+04  8.1347e+03  2.3760e+06  4.8927e+03  8.1351e+03  1.8161e+07  1.3859e+04  8.1348e+03  2.8670e+06  1.3796e+04  8.1348e+03  2.1028e+07  1.3850e+04  8.1349e+03  
190         1.3540e+10  4.7604e+07  1.4415e+04  8.1262e+03  2.2516e+06  5.0559e+03  8.1267e+03  1.7730e+07  1.4274e+04  8.1263e+03  2.7816e+06  1.4211e+04  8.1263e+03  2.0512e+07  1.4266e+04  8.1265e+03  
191         1.3599e+10  4.5453e+07  1.4841e+04  8.1169e+03  2.1333e+06  5.2229e+03  8.1175e+03  1.7305e+07  1.4701e+04  8.1171e+03  2.6983e+06  1.4637e+04  8.1171e+03  2.0004e+07  1.4693e+04  8.1172e+03  
192         1.3660e+10  4.3397e+07  1.5278e+04  8.1068e+03  2.0210e+06  5.3938e+03  8.1073e+03  1.6887e+07  1.5139e+04  8.1069e+03  2.6173e+06  1.5075e+04  8.1069e+03  1.9505e+07  1.5131e+04  8.1071e+03  
193         1.3722e+10  4.1434e+07  1.5727e+04  8.0957e+03  1.9143e+06  5.5686e+03  8.0963e+03  1.6476e+07  1.5590e+04  8.0958e+03  2.5384e+06  1.5525e+04  8.0958e+03  1.9014e+07  1.5581e+04  8.0960e+03  
194         1.3784e+10  3.9557e+07  1.6187e+04  8.0837e+03  1.8131e+06  5.7473e+03  8.0843e+03  1.6071e+07  1.6052e+04  8.0838e+03  2.4616e+06  1.5987e+04  8.0838e+03  1.8533e+07  1.6044e+04  8.0840e+03  
195         1.3847e+10  3.7765e+07  1.6660e+04  8.0707e+03  1.7170e+06  5.9299e+03  8.0714e+03  1.5674e+07  1.6526e+04  8.0708e+03  2.3868e+06  1.6461e+04  8.0708e+03  1.8061e+07  1.6518e+04  8.0710e+03  
196         1.3911e+10  3.6053e+07  1.7145e+04  8.0567e+03  1.6258e+06  6.1164e+03  8.0575e+03  1.5283e+07  1.7013e+04  8.0569e+03  2.3141e+06  1.6947e+04  8.0569e+03  1.7597e+07  1.7004e+04  8.0571e+03  
197         1.3977e+10  3.4419e+07  1.7642e+04  8.0418e+03  1.5393e+06  6.3069e+03  8.0426e+03  1.4899e+07  1.7512e+04  8.0419e+03  2.2433e+06  1.7446e+04  8.0419e+03  1.7143e+07  1.7504e+04  8.0421e+03  
198         1.4043e+10  3.2857e+07  1.8153e+04  8.0258e+03  1.4573e+06  6.5012e+03  8.0267e+03  1.4523e+07  1.8024e+04  8.0260e+03  2.1745e+06  1.7957e+04  8.0260e+03  1.6697e+07  1.8016e+04  8.0262e+03  
199         1.4110e+10  3.1367e+07  1.8676e+04  8.0088e+03  1.3795e+06  6.6995e+03  8.0098e+03  1.4153e+07  1.8549e+04  8.0089e+03  2.1076e+06  1.8482e+04  8.0090e+03  1.6260e+07  1.8541e+04  8.0091e+03  
200         1.4178e+10  2.9943e+07  1.9212e+04  7.9907e+03  1.3058e+06  6.9016e+03  7.9917e+03  1.3790e+07  1.9087e+04  7.9909e+03  2.0425e+06  1.9020e+04  7.9909e+03  1.5833e+07  1.9079e+04  7.9911e+03  
201         1.4247e+10  2.8584e+07  1.9762e+04  7.9716e+03  1.2359e+06  7.1078e+03  7.9727e+03  1.3435e+07  1.9639e+04  7.9717e+03  1.9793e+06  1.9571e+04  7.9717e+03  1.5414e+07  1.9631e+04  7.9719e+03  
202         1.4317e+10  2.7287e+07  2.0325e+04  7.9513e+03  1.1696e+06  7.3177e+03  7.9525e+03  1.3086e+07  2.0205e+04  7.9515e+03  1.9179e+06  2.0136e+04  7.9515e+03  1.5004e+07  2.0196e+04  7.9517e+03  
203         1.4388e+10  2.6048e+07  2.0902e+04  7.9299e+03  1.1069e+06  7.5315e+03  7.9312e+03  1.2745e+07  2.0784e+04  7.9301e+03  1.8581e+06  2.0715e+04  7.9301e+03  1.4603e+07  2.0776e+04  7.9303e+03  
204         1.4460e+10  2.4865e+07  2.1493e+04  7.9074e+03  1.0474e+06  7.7491e+03  7.9088e+03  1.2410e+07  2.1378e+04  7.9076e+03  1.8001e+06  2.1308e+04  7.9076e+03  1.4210e+07  2.1369e+04  7.9078e+03  
205         1.4533e+10  2.3737e+07  2.2098e+04  7.8837e+03  9.9104e+05  7.9705e+03  7.8852e+03  1.2083e+07  2.1986e+04  7.8839e+03  1.7438e+06  2.1916e+04  7.8839e+03  1.3826e+07  2.1977e+04  7.8841e+03  
206         1.4607e+10  2.2659e+07  2.2718e+04  7.8589e+03  9.3768e+05  8.1956e+03  7.8605e+03  1.1762e+07  2.2608e+04  7.8591e+03  1.6891e+06  2.2538e+04  7.8591e+03  1.3451e+07  2.2600e+04  7.8593e+03  
207         1.4683e+10  2.1631e+07  2.3352e+04  7.8329e+03  8.8714e+05  8.4246e+03  7.8346e+03  1.1448e+07  2.3246e+04  7.8331e+03  1.6359e+06  2.3176e+04  7.8331e+03  1.3084e+07  2.3238e+04  7.8333e+03  
208         1.4759e+10  2.0649e+07  2.4002e+04  7.8057e+03  8.3927e+05  8.6572e+03  7.8075e+03  1.1141e+07  2.3899e+04  7.8059e+03  1.5843e+06  2.3828e+04  7.8059e+03  1.2726e+07  2.3890e+04  7.8061e+03  
209         1.4837e+10  1.9712e+07  2.4667e+04  7.7773e+03  7.9395e+05  8.8935e+03  7.7793e+03  1.0841e+07  2.4567e+04  7.7775e+03  1.5342e+06  2.4496e+04  7.7775e+03  1.2375e+07  2.4559e+04  7.7777e+03  
210         1.4915e+10  1.8817e+07  2.5347e+04  7.7477e+03  7.5104e+05  9.1334e+03  7.7499e+03  1.0548e+07  2.5251e+04  7.7480e+03  1.4856e+06  2.5179e+04  7.7480e+03  1.2033e+07  2.5242e+04  7.7482e+03  
211         1.4995e+10  1.7963e+07  2.6043e+04  7.7170e+03  7.1041e+05  9.3770e+03  7.7192e+03  1.0261e+07  2.5951e+04  7.7172e+03  1.4384e+06  2.5879e+04  7.7172e+03  1.1699e+07  2.5942e+04  7.7174e+03  
212         1.5076e+10  1.7148e+07  2.6755e+04  7.6850e+03  6.7195e+05  9.6242e+03  7.6874e+03  9.9801e+06  2.6667e+04  7.6852e+03  1.3925e+06  2.6594e+04  7.6852e+03  1.1373e+07  2.6658e+04  7.6854e+03  
213         1.5158e+10  1.6370e+07  2.7484e+04  7.6518e+03  6.3553e+05  9.8749e+03  7.6544e+03  9.7059e+06  2.7399e+04  7.6521e+03  1.3481e+06  2.7327e+04  7.6521e+03  1.1054e+07  2.7391e+04  7.6523e+03  
214         1.5241e+10  1.5628e+07  2.8229e+04  7.6175e+03  6.0106e+05  1.0129e+04  7.6203e+03  9.4381e+06  2.8149e+04  7.6177e+03  1.3049e+06  2.8076e+04  7.6177e+03  1.0743e+07  2.8140e+04  7.6179e+03  
215         1.5326e+10  1.4919e+07  2.8992e+04  7.5819e+03  5.6844e+05  1.0387e+04  7.5849e+03  9.1765e+06  2.8915e+04  7.5821e+03  1.2630e+06  2.8842e+04  7.5821e+03  1.0440e+07  2.8907e+04  7.5824e+03  
216         1.5412e+10  1.4242e+07  2.9771e+04  7.5451e+03  5.3755e+05  1.0648e+04  7.5484e+03  8.9209e+06  2.9700e+04  7.5454e+03  1.2224e+06  2.9626e+04  7.5454e+03  1.0143e+07  2.9691e+04  7.5456e+03  
217         1.5499e+10  1.3596e+07  3.0568e+04  7.5072e+03  5.0832e+05  1.0913e+04  7.5106e+03  8.6714e+06  3.0502e+04  7.5075e+03  1.1830e+06  3.0428e+04  7.5075e+03  9.8544e+06  3.0493e+04  7.5077e+03  
218         1.5587e+10  1.2979e+07  3.1384e+04  7.4681e+03  4.8065e+05  1.1181e+04  7.4718e+03  8.4278e+06  3.1322e+04  7.4683e+03  1.1447e+06  3.1248e+04  7.4684e+03  9.5725e+06  3.1313e+04  7.4686e+03  
219         1.5677e+10  1.2390e+07  3.2217e+04  7.4278e+03  4.5446e+05  1.1452e+04  7.4318e+03  8.1899e+06  3.2161e+04  7.4281e+03  1.1076e+06  3.2087e+04  7.4281e+03  9.2975e+06  3.2152e+04  7.4283e+03  
220         1.5768e+10  1.1828e+07  3.3070e+04  7.3864e+03  4.2968e+05  1.1727e+04  7.3906e+03  7.9577e+06  3.3019e+04  7.3867e+03  1.0716e+06  3.2944e+04  7.3867e+03  9.0294e+06  3.3010e+04  7.3869e+03  
221         1.5860e+10  1.1291e+07  3.3941e+04  7.3438e+03  4.0621e+05  1.2005e+04  7.3483e+03  7.7311e+06  3.3896e+04  7.3441e+03  1.0367e+06  3.3821e+04  7.3441e+03  8.7678e+06  3.3888e+04  7.3443e+03  
222         1.5953e+10  1.0778e+07  3.4833e+04  7.3001e+03  3.8401e+05  1.2287e+04  7.3050e+03  7.5099e+06  3.4793e+04  7.3004e+03  1.0029e+06  3.4718e+04  7.3004e+03  8.5128e+06  3.4785e+04  7.3006e+03  
223         1.6048e+10  1.0289e+07  3.5744e+04  7.2553e+03  3.6299e+05  1.2572e+04  7.2605e+03  7.2941e+06  3.5711e+04  7.2556e+03  9.7001e+05  3.5635e+04  7.2556e+03  8.2641e+06  3.5702e+04  7.2559e+03  
224         1.6145e+10  9.8215e+06  3.6676e+04  7.2095e+03  3.4309e+05  1.2860e+04  7.2150e+03  7.0836e+06  3.6649e+04  7.2098e+03  9.3815e+05  3.6573e+04  7.2098e+03  8.0217e+06  3.6640e+04  7.2100e+03  
225         1.6242e+10  9.3750e+06  3.7628e+04  7.1625e+03  3.2426e+05  1.3152e+04  7.1684e+03  6.8781e+06  3.7608e+04  7.1629e+03  9.0725e+05  3.7533e+04  7.1629e+03  7.7854e+06  3.7600e+04  7.1631e+03  
226         1.6342e+10  8.9487e+06  3.8603e+04  7.1146e+03  3.0644e+05  1.3447e+04  7.1209e+03  6.6777e+06  3.8590e+04  7.1149e+03  8.7728e+05  3.8514e+04  7.1149e+03  7.5550e+06  3.8581e+04  7.1151e+03  
227         1.6442e+10  8.5416e+06  3.9599e+04  7.0656e+03  2.8957e+05  1.3745e+04  7.0723e+03  6.4822e+06  3.9593e+04  7.0659e+03  8.4822e+05  3.9517e+04  7.0659e+03  7.3305e+06  3.9584e+04  7.0662e+03  
228         1.6544e+10  8.1527e+06  4.0618e+04  7.0156e+03  2.7360e+05  1.4047e+04  7.0228e+03  6.2916e+06  4.0619e+04  7.0159e+03  8.2003e+05  4.0543e+04  7.0160e+03  7.1116e+06  4.0611e+04  7.0162e+03  
229         1.6648e+10  7.7813e+06  4.1660e+04  6.9646e+03  2.5849e+05  1.4352e+04  6.9723e+03  6.1056e+06  4.1669e+04  6.9650e+03  7.9269e+05  4.1593e+04  6.9650e+03  6.8983e+06  4.1661e+04  6.9652e+03  
230         1.6753e+10  7.4265e+06  4.2726e+04  6.9127e+03  2.4418e+05  1.4661e+04  6.9209e+03  5.9243e+06  4.2743e+04  6.9131e+03  7.6618e+05  4.2667e+04  6.9131e+03  6.6905e+06  4.2735e+04  6.9133e+03  
231         1.6860e+10  7.0876e+06  4.3816e+04  6.8599e+03  2.3064e+05  1.4973e+04  6.8686e+03  5.7475e+06  4.3842e+04  6.8603e+03  7.4047e+05  4.3766e+04  6.8603e+03  6.4880e+06  4.3834e+04  6.8605e+03  
232         1.6968e+10  6.7639e+06  4.4931e+04  6.8062e+03  2.1782e+05  1.5289e+04  6.8155e+03  5.5751e+06  4.4966e+04  6.8066e+03  7.1554e+05  4.4890e+04  6.8066e+03  6.2907e+06  4.4958e+04  6.8068e+03  
233         1.7078e+10  6.4547e+06  4.6073e+04  6.7517e+03  2.0569e+05  1.5608e+04  6.7615e+03  5.4070e+06  4.6116e+04  6.7521e+03  6.9137e+05  4.6040e+04  6.7521e+03  6.0984e+06  4.6108e+04  6.7523e+03  
234         1.7189e+10  6.1593e+06  4.7240e+04  6.6963e+03  1.9421e+05  1.5931e+04  6.7068e+03  5.2432e+06  4.7293e+04  6.6967e+03  6.6793e+05  4.7217e+04  6.6967e+03  5.9111e+06  4.7285e+04  6.6969e+03  
235         1.7302e+10  5.8771e+06  4.8435e+04  6.6400e+03  1.8334e+05  1.6258e+04  6.6513e+03  5.0835e+06  4.8498e+04  6.6405e+03  6.4520e+05  4.8421e+04  6.6405e+03  5.7287e+06  4.8489e+04  6.6407e+03  
236         1.7417e+10  5.6076e+06  4.9658e+04  6.5831e+03  1.7305e+05  1.6589e+04  6.5950e+03  4.9279e+06  4.9731e+04  6.5835e+03  6.2317e+05  4.9654e+04  6.5835e+03  5.5510e+06  4.9722e+04  6.5837e+03  
237         1.7533e+10  5.3500e+06  5.0909e+04  6.5253e+03  1.6332e+05  1.6924e+04  6.5380e+03  4.7762e+06  5.0993e+04  6.5258e+03  6.0181e+05  5.0916e+04  6.5258e+03  5.3780e+06  5.0985e+04  6.5260e+03  
238         1.7651e+10  5.1040e+06  5.2190e+04  6.4669e+03  1.5410e+05  1.7262e+04  6.4804e+03  4.6283e+06  5.2285e+04  6.4673e+03  5.8110e+05  5.2209e+04  6.4674e+03  5.2094e+06  5.2277e+04  6.4676e+03  
239         1.7771e+10  4.8689e+06  5.3502e+04  6.4078e+03  1.4539e+05  1.7605e+04  6.4221e+03  4.4843e+06  5.3608e+04  6.4082e+03  5.6103e+05  5.3532e+04  6.4082e+03  5.0453e+06  5.3600e+04  6.4085e+03  
240         1.7892e+10  4.6444e+06  5.4845e+04  6.3480e+03  1.3713e+05  1.7952e+04  6.3632e+03  4.3440e+06  5.4963e+04  6.3484e+03  5.4157e+05  5.4887e+04  6.3485e+03  4.8856e+06  5.4955e+04  6.3487e+03  
241         1.8015e+10  4.4299e+06  5.6221e+04  6.2875e+03  1.2933e+05  1.8304e+04  6.3038e+03  4.2073e+06  5.6351e+04  6.2880e+03  5.2271e+05  5.6275e+04  6.2880e+03  4.7300e+06  5.6343e+04  6.2883e+03  
242         1.8140e+10  4.2249e+06  5.7629e+04  6.2265e+03  1.2194e+05  1.8661e+04  6.2438e+03  4.0742e+06  5.7772e+04  6.2270e+03  5.0443e+05  5.7696e+04  6.2270e+03  4.5786e+06  5.7764e+04  6.2273e+03  
243         1.8267e+10  4.0291e+06  5.9073e+04  6.1649e+03  1.1495e+05  1.9022e+04  6.1833e+03  3.9445e+06  5.9229e+04  6.1654e+03  4.8672e+05  5.9153e+04  6.1655e+03  4.4312e+06  5.9221e+04  6.1657e+03  
244         1.8396e+10  3.8421e+06  6.0551e+04  6.1028e+03  1.0833e+05  1.9388e+04  6.1223e+03  3.8183e+06  6.0721e+04  6.1033e+03  4.6956e+05  6.0645e+04  6.1033e+03  4.2878e+06  6.0713e+04  6.1036e+03  
245         1.8527e+10  3.6634e+06  6.2067e+04  6.0401e+03  1.0208e+05  1.9760e+04  6.0609e+03  3.6953e+06  6.2251e+04  6.0407e+03  4.5292e+05  6.2175e+04  6.0407e+03  4.1482e+06  6.2243e+04  6.0409e+03  
246         1.8659e+10  3.4927e+06  6.3620e+04  5.9770e+03  9.6161e+04  2.0138e+04  5.9990e+03  3.5756e+06  6.3818e+04  5.9776e+03  4.3681e+05  6.3743e+04  5.9776e+03  4.0125e+06  6.3810e+04  5.9778e+03  
247         1.8794e+10  3.3297e+06  6.5212e+04  5.9134e+03  9.0564e+04  2.0521e+04  5.9368e+03  3.4592e+06  6.5426e+04  5.9140e+03  4.2120e+05  6.5350e+04  5.9140e+03  3.8804e+06  6.5418e+04  5.9143e+03  
248         1.8930e+10  3.1739e+06  6.6844e+04  5.8494e+03  8.5271e+04  2.0911e+04  5.8742e+03  3.3458e+06  6.7073e+04  5.8500e+03  4.0607e+05  6.6998e+04  5.8500e+03  3.7519e+06  6.7065e+04  5.8503e+03  
249         1.9068e+10  3.0252e+06  6.8517e+04  5.7850e+03  8.0266e+04  2.1307e+04  5.8114e+03  3.2355e+06  6.8763e+04  5.7856e+03  3.9143e+05  6.8688e+04  5.7856e+03  3.6269e+06  6.8755e+04  5.7859e+03  
250         1.9209e+10  2.8831e+06  7.0234e+04  5.7202e+03  7.5534e+04  2.1710e+04  5.7482e+03  3.1282e+06  7.0496e+04  5.7209e+03  3.7724e+05  7.0422e+04  5.7209e+03  3.5054e+06  7.0489e+04  5.7211e+03  
251         1.9351e+10  2.7474e+06  7.1994e+04  5.6551e+03  7.1061e+04  2.2121e+04  5.6848e+03  3.0237e+06  7.2275e+04  5.6558e+03  3.6351e+05  7.2200e+04  5.6558e+03  3.3873e+06  7.2267e+04  5.6560e+03  
252         1.9496e+10  2.6178e+06  7.3800e+04  5.5897e+03  6.6833e+04  2.2540e+04  5.6212e+03  2.9222e+06  7.4099e+04  5.5904e+03  3.5021e+05  7.4024e+04  5.5904e+03  3.2724e+06  7.4091e+04  5.5906e+03  
253         1.9643e+10  2.4940e+06  7.5653e+04  5.5240e+03  6.2837e+04  2.2967e+04  5.5573e+03  2.8235e+06  7.5971e+04  5.5247e+03  3.3733e+05  7.5897e+04  5.5247e+03  3.1608e+06  7.5963e+04  5.5249e+03  
254         1.9791e+10  2.3758e+06  7.7555e+04  5.4580e+03  5.9062e+04  2.3404e+04  5.4934e+03  2.7275e+06  7.7892e+04  5.4587e+03  3.2487e+05  7.7819e+04  5.4587e+03  3.0523e+06  7.7885e+04  5.4589e+03  
255         1.9942e+10  2.2630e+06  7.9507e+04  5.3918e+03  5.5495e+04  2.3850e+04  5.4293e+03  2.6342e+06  7.9865e+04  5.3925e+03  3.1280e+05  7.9791e+04  5.3925e+03  2.9470e+06  7.9857e+04  5.3927e+03  
256         2.0096e+10  2.1553e+06  8.1511e+04  5.3253e+03  5.2125e+04  2.4307e+04  5.3651e+03  2.5435e+06  8.1890e+04  5.3261e+03  3.0113e+05  8.1817e+04  5.3261e+03  2.8446e+06  8.1882e+04  5.3264e+03  
257         2.0251e+10  2.0524e+06  8.3569e+04  5.2587e+03  4.8944e+04  2.4775e+04  5.3009e+03  2.4554e+06  8.3970e+04  5.2595e+03  2.8983e+05  8.3897e+04  5.2596e+03  2.7452e+06  8.3962e+04  5.2598e+03  
258         2.0409e+10  1.9542e+06  8.5682e+04  5.1920e+03  4.5940e+04  2.5256e+04  5.2366e+03  2.3698e+06  8.6106e+04  5.1928e+03  2.7891e+05  8.6033e+04  5.1928e+03  2.6487e+06  8.6098e+04  5.1930e+03  
259         2.0569e+10  1.8605e+06  8.7853e+04  5.1251e+03  4.3104e+04  2.5749e+04  5.1724e+03  2.2866e+06  8.8300e+04  5.1260e+03  2.6834e+05  8.8227e+04  5.1260e+03  2.5549e+06  8.8292e+04  5.1262e+03  
260         2.0731e+10  1.7711e+06  9.0083e+04  5.0581e+03  4.0427e+04  2.6257e+04  5.1082e+03  2.2059e+06  9.0554e+04  5.0590e+03  2.5811e+05  9.0482e+04  5.0590e+03  2.4640e+06  9.0547e+04  5.0592e+03  
261         2.0896e+10  1.6857e+06  9.2375e+04  4.9910e+03  3.7902e+04  2.6780e+04  5.0440e+03  2.1275e+06  9.2870e+04  4.9920e+03  2.4823e+05  9.2799e+04  4.9920e+03  2.3757e+06  9.2863e+04  4.9922e+03  
262         2.1063e+10  1.6042e+06  9.4729e+04  4.9239e+03  3.5520e+04  2.7320e+04  4.9800e+03  2.0514e+06  9.5251e+04  4.9249e+03  2.3867e+05  9.5180e+04  4.9249e+03  2.2901e+06  9.5244e+04  4.9251e+03  
263         2.1232e+10  1.5265e+06  9.7150e+04  4.8568e+03  3.3274e+04  2.7877e+04  4.9161e+03  1.9776e+06  9.7699e+04  4.8578e+03  2.2944e+05  9.7628e+04  4.8578e+03  2.2070e+06  9.7691e+04  4.8580e+03  
264         2.1404e+10  1.4524e+06  9.9638e+04  4.7896e+03  3.1157e+04  2.8454e+04  4.8524e+03  1.9059e+06  1.0021e+05  4.7907e+03  2.2051e+05  1.0014e+05  4.7907e+03  2.1264e+06  1.0021e+05  4.7909e+03  
265         2.1579e+10  1.3816e+06  1.0220e+05  4.7225e+03  2.9161e+04  2.9053e+04  4.7889e+03  1.8364e+06  1.0280e+05  4.7236e+03  2.1189e+05  1.0273e+05  4.7236e+03  2.0483e+06  1.0280e+05  4.7238e+03  
266         2.1756e+10  1.3141e+06  1.0483e+05  4.6554e+03  2.7280e+04  2.9674e+04  4.7256e+03  1.7691e+06  1.0546e+05  4.6565e+03  2.0356e+05  1.0539e+05  4.6566e+03  1.9726e+06  1.0546e+05  4.6568e+03  
267         2.1936e+10  1.2498e+06  1.0753e+05  4.5884e+03  2.5509e+04  3.0320e+04  4.6626e+03  1.7037e+06  1.0820e+05  4.5896e+03  1.9551e+05  1.0813e+05  4.5896e+03  1.8992e+06  1.0819e+05  4.5898e+03  
268         2.2118e+10  1.1884e+06  1.1032e+05  4.5215e+03  2.3841e+04  3.0993e+04  4.5998e+03  1.6404e+06  1.1102e+05  4.5227e+03  1.8774e+05  1.1095e+05  4.5227e+03  1.8281e+06  1.1101e+05  4.5230e+03  
269         2.2303e+10  1.1299e+06  1.1318e+05  4.4547e+03  2.2272e+04  3.1695e+04  4.5374e+03  1.5790e+06  1.1391e+05  4.4560e+03  1.8024e+05  1.1385e+05  4.4560e+03  1.7593e+06  1.1391e+05  4.4562e+03  
270         2.2491e+10  1.0741e+06  1.1613e+05  4.3881e+03  2.0795e+04  3.2429e+04  4.4753e+03  1.5196e+06  1.1690e+05  4.3894e+03  1.7299e+05  1.1683e+05  4.3894e+03  1.6926e+06  1.1689e+05  4.3896e+03  
271         2.2681e+10  1.0209e+06  1.1916e+05  4.3216e+03  1.9406e+04  3.3198e+04  4.4136e+03  1.4620e+06  1.1997e+05  4.3230e+03  1.6601e+05  1.1990e+05  4.3230e+03  1.6280e+06  1.1996e+05  4.3232e+03  
272         2.2874e+10  9.7025e+05  1.2229e+05  4.2553e+03  1.8101e+04  3.4004e+04  4.3523e+03  1.4063e+06  1.2312e+05  4.2567e+03  1.5926e+05  1.2306e+05  4.2567e+03  1.5656e+06  1.2312e+05  4.2569e+03  
273         2.3070e+10  9.2196e+05  1.2550e+05  4.1893e+03  1.6874e+04  3.4851e+04  4.2915e+03  1.3523e+06  1.2638e+05  4.1907e+03  1.5276e+05  1.2631e+05  4.1907e+03  1.5051e+06  1.2637e+05  4.1909e+03  
274         2.3269e+10  8.7593e+05  1.2881e+05  4.1234e+03  1.5721e+04  3.5742e+04  4.2311e+03  1.3001e+06  1.2973e+05  4.1249e+03  1.4649e+05  1.2966e+05  4.1249e+03  1.4466e+06  1.2972e+05  4.1251e+03  
275         2.3471e+10  8.3209e+05  1.3222e+05  4.0578e+03  1.4640e+04  3.6680e+04  4.1712e+03  1.2496e+06  1.3318e+05  4.0594e+03  1.4044e+05  1.3311e+05  4.0594e+03  1.3900e+06  1.3317e+05  4.0596e+03  
276         2.3675e+10  7.9032e+05  1.3573e+05  3.9925e+03  1.3625e+04  3.7671e+04  4.1118e+03  1.2007e+06  1.3673e+05  3.9941e+03  1.3462e+05  1.3667e+05  3.9941e+03  1.3354e+06  1.3672e+05  3.9944e+03  
277         2.3883e+10  7.5054e+05  1.3935e+05  3.9275e+03  1.2673e+04  3.8717e+04  4.0529e+03  1.1535e+06  1.4039e+05  3.9292e+03  1.2900e+05  1.4033e+05  3.9292e+03  1.2825e+06  1.4038e+05  3.9294e+03  
278         2.4094e+10  7.1266e+05  1.4307e+05  3.8628e+03  1.1780e+04  3.9825e+04  3.9945e+03  1.1078e+06  1.4416e+05  3.8646e+03  1.2359e+05  1.4410e+05  3.8646e+03  1.2314e+06  1.4416e+05  3.8648e+03  
279         2.4308e+10  6.7660e+05  1.4691e+05  3.7985e+03  1.0945e+04  4.0998e+04  3.9368e+03  1.0637e+06  1.4805e+05  3.8003e+03  1.1838e+05  1.4799e+05  3.8003e+03  1.1821e+06  1.4804e+05  3.8006e+03  
280         2.4525e+10  6.4226e+05  1.5087e+05  3.7345e+03  1.0162e+04  4.2243e+04  3.8796e+03  1.0211e+06  1.5205e+05  3.7364e+03  1.1336e+05  1.5199e+05  3.7364e+03  1.1344e+06  1.5205e+05  3.7367e+03  
281         2.4745e+10  6.0959e+05  1.5494e+05  3.6710e+03  9.4301e+03  4.3565e+04  3.8230e+03  9.7990e+05  1.5618e+05  3.6729e+03  1.0853e+05  1.5612e+05  3.6730e+03  1.0884e+06  1.5617e+05  3.6732e+03  
282         2.4968e+10  5.7849e+05  1.5915e+05  3.6078e+03  8.7456e+03  4.4970e+04  3.7671e+03  9.4015e+05  1.6043e+05  3.6099e+03  1.0388e+05  1.6037e+05  3.6099e+03  1.0440e+06  1.6043e+05  3.6101e+03  
283         2.5195e+10  5.4890e+05  1.6348e+05  3.5451e+03  8.1061e+03  4.6465e+04  3.7117e+03  9.0178e+05  1.6482e+05  3.5472e+03  9.9413e+04  1.6476e+05  3.5472e+03  1.0012e+06  1.6481e+05  3.5474e+03  
284         2.5424e+10  5.2074e+05  1.6794e+05  3.4828e+03  7.5089e+03  4.8057e+04  3.6570e+03  8.6477e+05  1.6934e+05  3.4850e+03  9.5112e+04  1.6928e+05  3.4850e+03  9.5988e+05  1.6933e+05  3.4853e+03  
285         2.5658e+10  4.9397e+05  1.7255e+05  3.4210e+03  6.9517e+03  4.9754e+04  3.6029e+03  8.2906e+05  1.7400e+05  3.4233e+03  9.0977e+04  1.7394e+05  3.4233e+03  9.2004e+05  1.7399e+05  3.4235e+03  
286         2.5894e+10  4.6850e+05  1.7729e+05  3.3596e+03  6.4323e+03  5.1563e+04  3.5494e+03  7.9463e+05  1.7880e+05  3.3621e+03  8.7001e+04  1.7875e+05  3.3621e+03  8.8163e+05  1.7880e+05  3.3623e+03  
287         2.6134e+10  4.4429e+05  1.8219e+05  3.2988e+03  5.9483e+03  5.3493e+04  3.4965e+03  7.6144e+05  1.8376e+05  3.3014e+03  8.3181e+04  1.8370e+05  3.3014e+03  8.4462e+05  1.8375e+05  3.3016e+03  
288         2.6378e+10  4.2127e+05  1.8723e+05  3.2385e+03  5.4978e+03  5.5552e+04  3.4443e+03  7.2946e+05  1.8887e+05  3.2412e+03  7.9510e+04  1.8881e+05  3.2412e+03  8.0897e+05  1.8886e+05  3.2414e+03  
289         2.6625e+10  3.9939e+05  1.9244e+05  3.1788e+03  5.0787e+03  5.7751e+04  3.3927e+03  6.9865e+05  1.9414e+05  3.1816e+03  7.5985e+04  1.9408e+05  3.1816e+03  7.7463e+05  1.9413e+05  3.1818e+03  
290         2.6876e+10  3.7860e+05  1.9781e+05  3.1196e+03  4.6892e+03  6.0099e+04  3.3416e+03  6.6898e+05  1.9957e+05  3.1225e+03  7.2601e+04  1.9952e+05  3.1225e+03  7.4158e+05  1.9957e+05  3.1228e+03  
291         2.7130e+10  3.5885e+05  2.0334e+05  3.0610e+03  4.3274e+03  6.2606e+04  3.2911e+03  6.4042e+05  2.0518e+05  3.0641e+03  6.9352e+04  2.0512e+05  3.0641e+03  7.0977e+05  2.0517e+05  3.0643e+03  
292         2.7388e+10  3.4008e+05  2.0905e+05  3.0031e+03  3.9917e+03  6.5283e+04  3.2412e+03  6.1293e+05  2.1095e+05  3.0062e+03  6.6234e+04  2.1090e+05  3.0062e+03  6.7916e+05  2.1095e+05  3.0065e+03  
293         2.7650e+10  3.2225e+05  2.1494e+05  2.9457e+03  3.6805e+03  6.8141e+04  3.1918e+03  5.8648e+05  2.1692e+05  2.9490e+03  6.3244e+04  2.1686e+05  2.9490e+03  6.4973e+05  2.1691e+05  2.9492e+03  
294         2.7916e+10  3.0532e+05  2.2101e+05  2.8889e+03  3.3922e+03  7.1192e+04  3.1429e+03  5.6105e+05  2.2306e+05  2.8924e+03  6.0376e+04  2.2301e+05  2.8924e+03  6.2143e+05  2.2306e+05  2.8926e+03  
295         2.8186e+10  2.8925e+05  2.2727e+05  2.8329e+03  3.1253e+03  7.4448e+04  3.0944e+03  5.3660e+05  2.2940e+05  2.8365e+03  5.7627e+04  2.2935e+05  2.8365e+03  5.9423e+05  2.2940e+05  2.8367e+03  
296         2.8459e+10  2.7399e+05  2.3373e+05  2.7774e+03  2.8785e+03  7.7921e+04  3.0464e+03  5.1310e+05  2.3594e+05  2.7812e+03  5.4992e+04  2.3589e+05  2.7812e+03  5.6809e+05  2.3594e+05  2.7815e+03  
297         2.8737e+10  2.5951e+05  2.4039e+05  2.7227e+03  2.6504e+03  8.1623e+04  2.9988e+03  4.9052e+05  2.4268e+05  2.7267e+03  5.2467e+04  2.4263e+05  2.7267e+03  5.4299e+05  2.4268e+05  2.7269e+03  
298         2.9018e+10  2.4577e+05  2.4726e+05  2.6686e+03  2.4397e+03  8.5569e+04  2.9515e+03  4.6884e+05  2.4964e+05  2.6728e+03  5.0049e+04  2.4959e+05  2.6728e+03  5.1889e+05  2.4963e+05  2.6730e+03  
299         2.9304e+10  2.3274e+05  2.5434e+05  2.6153e+03  2.2453e+03  8.9769e+04  2.9046e+03  4.4802e+05  2.5680e+05  2.6196e+03  4.7734e+04  2.5675e+05  2.6196e+03  4.9576e+05  2.5680e+05  2.6199e+03  
300         2.9594e+10  2.2037e+05  2.6165e+05  2.5627e+03  2.0661e+03  9.4239e+04  2.8579e+03  4.2804e+05  2.6419e+05  2.5672e+03  4.5518e+04  2.6415e+05  2.5672e+03  4.7356e+05  2.6419e+05  2.5675e+03  
301         2.9888e+10  2.0864e+05  2.6918e+05  2.5108e+03  1.9009e+03  9.8991e+04  2.8115e+03  4.0887e+05  2.7181e+05  2.5155e+03  4.3397e+04  2.7177e+05  2.5155e+03  4.5227e+05  2.7181e+05  2.5158e+03  
302         3.0186e+10  1.9752e+05  2.7694e+05  2.4596e+03  1.7488e+03  1.0404e+05  2.7652e+03  3.9048e+05  2.7967e+05  2.4646e+03  4.1368e+04  2.7962e+05  2.4646e+03  4.3185e+05  2.7966e+05  2.4649e+03  
303         3.0489e+10  1.8698e+05  2.8494e+05  2.4092e+03  1.6088e+03  1.0939e+05  2.7192e+03  3.7286e+05  2.8776e+05  2.4145e+03  3.9428e+04  2.8772e+05  2.4145e+03  4.1228e+05  2.8776e+05  2.4147e+03  
304         3.0796e+10  1.7699e+05  2.9318e+05  2.3595e+03  1.4801e+03  1.1507e+05  2.6733e+03  3.5596e+05  2.9611e+05  2.3651e+03  3.7573e+04  2.9606e+05  2.3651e+03  3.9353e+05  2.9610e+05  2.3653e+03  
305         3.1108e+10  1.6752e+05  3.0168e+05  2.3106e+03  1.3617e+03  1.2108e+05  2.6275e+03  3.3977e+05  3.0470e+05  2.3165e+03  3.5800e+04  3.0466e+05  2.3165e+03  3.7557e+05  3.0470e+05  2.3167e+03  
306         3.1424e+10  1.5854e+05  3.1044e+05  2.2625e+03  1.2530e+03  1.2744e+05  2.5817e+03  3.2426e+05  3.1356e+05  2.2687e+03  3.4106e+04  3.1351e+05  2.2686e+03  3.5837e+05  3.1355e+05  2.2689e+03  
307         3.1745e+10  1.5004e+05  3.1946e+05  2.2152e+03  1.1531e+03  1.3416e+05  2.5361e+03  3.0941e+05  3.2268e+05  2.2216e+03  3.2488e+04  3.2264e+05  2.2216e+03  3.4190e+05  3.2268e+05  2.2219e+03  
308         3.2070e+10  1.4199e+05  3.2874e+05  2.1687e+03  1.0613e+03  1.4125e+05  2.4905e+03  2.9520e+05  3.3208e+05  2.1754e+03  3.0943e+04  3.3203e+05  2.1754e+03  3.2614e+05  3.3207e+05  2.1757e+03  
309         3.2401e+10  1.3437e+05  3.3831e+05  2.1229e+03  9.7712e+02  1.4873e+05  2.4450e+03  2.8160e+05  3.4175e+05  2.1300e+03  2.9468e+04  3.4171e+05  2.1300e+03  3.1107e+05  3.4174e+05  2.1303e+03  
310         3.2736e+10  1.2715e+05  3.4816e+05  2.0780e+03  8.9984e+02  1.5659e+05  2.3995e+03  2.6859e+05  3.5171e+05  2.0854e+03  2.8060e+04  3.5166e+05  2.0854e+03  2.9665e+05  3.5170e+05  2.0857e+03  
311         3.3076e+10  1.2031e+05  3.5829e+05  2.0338e+03  8.2894e+02  1.6487e+05  2.3541e+03  2.5615e+05  3.6195e+05  2.0417e+03  2.6717e+04  3.6191e+05  2.0417e+03  2.8286e+05  3.6195e+05  2.0419e+03  
312         3.3420e+10  1.1384e+05  3.6872e+05  1.9905e+03  7.6389e+02  1.7355e+05  2.3087e+03  2.4425e+05  3.7250e+05  1.9987e+03  2.5436e+04  3.7246e+05  1.9987e+03  2.6969e+05  3.7249e+05  1.9990e+03  
313         3.3770e+10  1.0771e+05  3.7945e+05  1.9479e+03  7.0422e+02  1.8266e+05  2.2634e+03  2.3288e+05  3.8334e+05  1.9566e+03  2.4214e+04  3.8331e+05  1.9566e+03  2.5710e+05  3.8334e+05  1.9569e+03  
314         3.4126e+10  1.0192e+05  3.9049e+05  1.9062e+03  6.4948e+02  1.9220e+05  2.2182e+03  2.2202e+05  3.9450e+05  1.9153e+03  2.3049e+04  3.9446e+05  1.9153e+03  2.4507e+05  3.9449e+05  1.9156e+03  
315         3.4486e+10  9.6436e+04  4.0184e+05  1.8652e+03  5.9925e+02  2.0219e+05  2.1730e+03  2.1165e+05  4.0597e+05  1.8748e+03  2.1939e+04  4.0593e+05  1.8748e+03  2.3359e+05  4.0596e+05  1.8751e+03  
316         3.4851e+10  9.1249e+04  4.1350e+05  1.8251e+03  5.5318e+02  2.1262e+05  2.1281e+03  2.0174e+05  4.1775e+05  1.8352e+03  2.0881e+04  4.1772e+05  1.8352e+03  2.2262e+05  4.1775e+05  1.8354e+03  
317         3.5222e+10  8.6342e+04  4.2549e+05  1.7857e+03  5.1089e+02  2.2350e+05  2.0833e+03  1.9228e+05  4.2986e+05  1.7963e+03  1.9873e+04  4.2983e+05  1.7963e+03  2.1216e+05  4.2986e+05  1.7966e+03  
318         3.5598e+10  8.1701e+04  4.3781e+05  1.7471e+03  4.7208e+02  2.3484e+05  2.0386e+03  1.8326e+05  4.4230e+05  1.7583e+03  1.8913e+04  4.4227e+05  1.7583e+03  2.0217e+05  4.4230e+05  1.7586e+03  
319         3.5980e+10  7.7312e+04  4.5045e+05  1.7093e+03  4.3646e+02  2.4665e+05  1.9943e+03  1.7464e+05  4.5508e+05  1.7211e+03  1.7998e+04  4.5504e+05  1.7211e+03  1.9264e+05  4.5507e+05  1.7214e+03  
320         3.6367e+10  7.3161e+04  4.6344e+05  1.6723e+03  4.0374e+02  2.5892e+05  1.9502e+03  1.6643e+05  4.6819e+05  1.6847e+03  1.7128e+04  4.6815e+05  1.6847e+03  1.8355e+05  4.6818e+05  1.6850e+03  
321         3.6760e+10  6.9237e+04  4.7676e+05  1.6361e+03  3.7369e+02  2.7167e+05  1.9064e+03  1.5859e+05  4.8164e+05  1.6491e+03  1.6299e+04  4.8161e+05  1.6491e+03  1.7489e+05  4.8164e+05  1.6494e+03  
322         3.7159e+10  6.5526e+04  4.9044e+05  1.6006e+03  3.4607e+02  2.8489e+05  1.8630e+03  1.5112e+05  4.9545e+05  1.6143e+03  1.5510e+04  4.9541e+05  1.6143e+03  1.6663e+05  4.9544e+05  1.6146e+03  
323         3.7564e+10  6.2018e+04  5.0446e+05  1.5659e+03  3.2068e+02  2.9860e+05  1.8199e+03  1.4399e+05  5.0960e+05  1.5804e+03  1.4759e+04  5.0957e+05  1.5803e+03  1.5875e+05  5.0960e+05  1.5806e+03  
324         3.7974e+10  5.8702e+04  5.1884e+05  1.5320e+03  2.9732e+02  3.1278e+05  1.7773e+03  1.3720e+05  5.2411e+05  1.5471e+03  1.4045e+04  5.2408e+05  1.5471e+03  1.5125e+05  5.2411e+05  1.5474e+03  
325         3.8391e+10  5.5567e+04  5.3357e+05  1.4988e+03  2.7583e+02  3.2744e+05  1.7351e+03  1.3073e+05  5.3898e+05  1.5147e+03  1.3366e+04  5.3895e+05  1.5147e+03  1.4410e+05  5.3898e+05  1.5150e+03  
326         3.8813e+10  5.2604e+04  5.4867e+05  1.4663e+03  2.5605e+02  3.4258e+05  1.6934e+03  1.2456e+05  5.5421e+05  1.4830e+03  1.2720e+04  5.5418e+05  1.4830e+03  1.3728e+05  5.5421e+05  1.4833e+03  
327         3.9242e+10  4.9803e+04  5.6413e+05  1.4345e+03  2.3783e+02  3.5821e+05  1.6523e+03  1.1869e+05  5.6981e+05  1.4521e+03  1.2105e+04  5.6978e+05  1.4521e+03  1.3079e+05  5.6981e+05  1.4524e+03  
328         3.9677e+10  4.7156e+04  5.7996e+05  1.4035e+03  2.2104e+02  3.7431e+05  1.6117e+03  1.1309e+05  5.8578e+05  1.4220e+03  1.1520e+04  5.8575e+05  1.4220e+03  1.2461e+05  5.8577e+05  1.4223e+03  
329         4.0118e+10  4.4654e+04  5.9617e+05  1.3731e+03  2.0556e+02  3.9090e+05  1.5717e+03  1.0776e+05  6.0212e+05  1.3926e+03  1.0964e+04  6.0209e+05  1.3926e+03  1.1873e+05  6.0212e+05  1.3929e+03  
330         4.0566e+10  4.2289e+04  6.1274e+05  1.3435e+03  1.9127e+02  4.0796e+05  1.5324e+03  1.0269e+05  6.1883e+05  1.3639e+03  1.0436e+04  6.1880e+05  1.3639e+03  1.1312e+05  6.1883e+05  1.3642e+03  
331         4.1020e+10  4.0053e+04  6.2970e+05  1.3145e+03  1.7808e+02  4.2550e+05  1.4936e+03  9.7855e+04  6.3593e+05  1.3359e+03  9.9334e+03  6.3590e+05  1.3359e+03  1.0779e+05  6.3592e+05  1.3362e+03  
332         4.1481e+10  3.7940e+04  6.4703e+05  1.2861e+03  1.6590e+02  4.4352e+05  1.4556e+03  9.3254e+04  6.5340e+05  1.3086e+03  9.4556e+03  6.5337e+05  1.3086e+03  1.0271e+05  6.5340e+05  1.3089e+03  
333         4.1949e+10  3.5943e+04  6.6475e+05  1.2584e+03  1.5465e+02  4.6200e+05  1.4182e+03  8.8873e+04  6.7125e+05  1.2821e+03  9.0015e+03  6.7123e+05  1.2820e+03  9.7875e+04  6.7125e+05  1.2824e+03  
334         4.2423e+10  3.4055e+04  6.8285e+05  1.2314e+03  1.4424e+02  4.8096e+05  1.3815e+03  8.4702e+04  6.8949e+05  1.2562e+03  8.5698e+03  6.8947e+05  1.2561e+03  9.3272e+04  6.8949e+05  1.2565e+03  
335         4.2905e+10  3.2271e+04  7.0133e+05  1.2050e+03  1.3460e+02  5.0039e+05  1.3456e+03  8.0732e+04  7.0812e+05  1.2309e+03  8.1594e+03  7.0809e+05  1.2309e+03  8.8892e+04  7.0812e+05  1.2313e+03  
336         4.3393e+10  3.0583e+04  7.2021e+05  1.1791e+03  1.2568e+02  5.2029e+05  1.3103e+03  7.6953e+04  7.2713e+05  1.2064e+03  7.7693e+03  7.2711e+05  1.2063e+03  8.4722e+04  7.2713e+05  1.2067e+03  
337         4.3888e+10  2.8988e+04  7.3947e+05  1.1539e+03  1.1742e+02  5.4064e+05  1.2758e+03  7.3356e+04  7.4654e+05  1.1824e+03  7.3985e+03  7.4652e+05  1.1824e+03  8.0754e+04  7.4654e+05  1.1828e+03  
338         4.4391e+10  2.7480e+04  7.5913e+05  1.1292e+03  1.0976e+02  5.6146e+05  1.2420e+03  6.9932e+04  7.6634e+05  1.1591e+03  7.0460e+03  7.6631e+05  1.1591e+03  7.6978e+04  7.6633e+05  1.1595e+03  
339         4.4901e+10  2.6054e+04  7.7918e+05  1.1052e+03  1.0265e+02  5.8274e+05  1.2090e+03  6.6673e+04  7.8653e+05  1.1364e+03  6.7109e+03  7.8650e+05  1.1364e+03  7.3384e+04  7.8652e+05  1.1368e+03  
340         4.5419e+10  2.4705e+04  7.9962e+05  1.0816e+03  9.6050e+01  6.0447e+05  1.1767e+03  6.3571e+04  8.0711e+05  1.1144e+03  6.3924e+03  8.0709e+05  1.1143e+03  6.9963e+04  8.0711e+05  1.1147e+03  
341         4.5944e+10  2.3430e+04  8.2046e+05  1.0586e+03  8.9922e+01  6.2665e+05  1.1452e+03  6.0618e+04  8.2809e+05  1.0929e+03  6.0896e+03  8.2807e+05  1.0928e+03  6.6708e+04  8.2809e+05  1.0932e+03  
342         4.6477e+10  2.2224e+04  8.4170e+05  1.0362e+03  8.4227e+01  6.4928e+05  1.1144e+03  5.7808e+04  8.4947e+05  1.0719e+03  5.8017e+03  8.4945e+05  1.0719e+03  6.3609e+04  8.4947e+05  1.0723e+03  
343         4.7017e+10  2.1083e+04  8.6333e+05  1.0142e+03  7.8931e+01  6.7235e+05  1.0843e+03  5.5132e+04  8.7125e+05  1.0516e+03  5.5281e+03  8.7123e+05  1.0516e+03  6.0661e+04  8.7125e+05  1.0519e+03  
344         4.7566e+10  2.0003e+04  8.8537e+05  9.9276e+02  7.4003e+01  6.9588e+05  1.0549e+03  5.2586e+04  8.9343e+05  1.0318e+03  5.2679e+03  8.9340e+05  1.0318e+03  5.7854e+04  8.9342e+05  1.0321e+03  
345         4.8122e+10  1.8981e+04  9.0781e+05  9.7179e+02  6.9415e+01  7.1984e+05  1.0263e+03  5.0162e+04  9.1600e+05  1.0125e+03  5.0205e+03  9.1598e+05  1.0125e+03  5.5182e+04  9.1600e+05  1.0129e+03  
346         4.8687e+10  1.8015e+04  9.3065e+05  9.5129e+02  6.5141e+01  7.4424e+05  9.9841e+02  4.7854e+04  9.3898e+05  9.9378e+02  4.7852e+03  9.3896e+05  9.9376e+02  5.2639e+04  9.3898e+05  9.9414e+02  
347         4.9260e+10  1.7100e+04  9.5389e+05  9.3125e+02  6.1156e+01  7.6907e+05  9.7121e+02  4.5657e+04  9.6237e+05  9.7554e+02  4.5615e+03  9.6235e+05  9.7552e+02  5.0218e+04  9.6237e+05  9.7591e+02  
348         4.9841e+10  1.6234e+04  9.7754e+05  9.1165e+02  5.7441e+01  7.9435e+05  9.4470e+02  4.3565e+04  9.8616e+05  9.5781e+02  4.3487e+03  9.8613e+05  9.5779e+02  4.7913e+04  9.8615e+05  9.5818e+02  
349         5.0431e+10  1.5414e+04  1.0016e+06  8.9249e+02  5.3973e+01  8.2005e+05  9.1888e+02  4.1573e+04  1.0103e+06  9.4055e+02  4.1463e+03  1.0103e+06  9.4054e+02  4.5719e+04  1.0103e+06  9.4093e+02  
350         5.1029e+10  1.4638e+04  1.0261e+06  8.7376e+02  5.0736e+01  8.4618e+05  8.9373e+02  3.9676e+04  1.0350e+06  9.2377e+02  3.9538e+03  1.0349e+06  9.2376e+02  4.3630e+04  1.0349e+06  9.2415e+02  
351         5.1636e+10  1.3903e+04  1.0509e+06  8.5543e+02  4.7711e+01  8.7275e+05  8.6925e+02  3.7869e+04  1.0600e+06  9.0746e+02  3.7706e+03  1.0599e+06  9.0744e+02  4.1640e+04  1.0600e+06  9.0784e+02  
352         5.2252e+10  1.3207e+04  1.0762e+06  8.3750e+02  4.4884e+01  8.9974e+05  8.4541e+02  3.6149e+04  1.0854e+06  8.9158e+02  3.5964e+03  1.0854e+06  8.9156e+02  3.9745e+04  1.0854e+06  8.9197e+02  
353         5.2877e+10  1.2547e+04  1.1019e+06  8.1996e+02  4.2241e+01  9.2716e+05  8.2222e+02  3.4510e+04  1.1112e+06  8.7615e+02  3.4306e+03  1.1112e+06  8.7613e+02  3.7941e+04  1.1112e+06  8.7654e+02  
354         5.3511e+10  1.1922e+04  1.1280e+06  8.0280e+02  3.9768e+01  9.5501e+05  7.9964e+02  3.2949e+04  1.1375e+06  8.6113e+02  3.2728e+03  1.1374e+06  8.6111e+02  3.6222e+04  1.1375e+06  8.6153e+02  
355         5.4154e+10  1.1330e+04  1.1545e+06  7.8601e+02  3.7452e+01  9.8328e+05  7.7767e+02  3.1462e+04  1.1641e+06  8.4653e+02  3.1226e+03  1.1641e+06  8.4651e+02  3.4584e+04  1.1641e+06  8.4694e+02  
356         5.4807e+10  1.0769e+04  1.1815e+06  7.6957e+02  3.5284e+01  1.0120e+06  7.5630e+02  3.0045e+04  1.1912e+06  8.3233e+02  2.9796e+03  1.1912e+06  8.3231e+02  3.3024e+04  1.1912e+06  8.3274e+02  
357         5.5469e+10  1.0237e+04  1.2088e+06  7.5348e+02  3.3252e+01  1.0411e+06  7.3551e+02  2.8694e+04  1.2187e+06  8.1852e+02  2.8435e+03  1.2187e+06  8.1850e+02  3.1538e+04  1.2187e+06  8.1894e+02  
358         5.6141e+10  9.7331e+03  1.2366e+06  7.3772e+02  3.1347e+01  1.0706e+06  7.1529e+02  2.7408e+04  1.2466e+06  8.0509e+02  2.7139e+03  1.2466e+06  8.0507e+02  3.0121e+04  1.2466e+06  8.0551e+02  
359         5.6823e+10  9.2550e+03  1.2648e+06  7.2229e+02  2.9561e+01  1.1006e+06  6.9563e+02  2.6181e+04  1.2749e+06  7.9203e+02  2.5906e+03  1.2749e+06  7.9200e+02  2.8772e+04  1.2749e+06  7.9246e+02  
360         5.7514e+10  8.8015e+03  1.2934e+06  7.0718e+02  2.7885e+01  1.1310e+06  6.7650e+02  2.5012e+04  1.3037e+06  7.7932e+02  2.4731e+03  1.3037e+06  7.7930e+02  2.7485e+04  1.3037e+06  7.7976e+02  
361         5.8216e+10  8.3715e+03  1.3224e+06  6.9238e+02  2.6312e+01  1.1618e+06  6.5790e+02  2.3897e+04  1.3328e+06  7.6696e+02  2.3611e+03  1.3328e+06  7.6694e+02  2.6259e+04  1.3328e+06  7.6740e+02  
362         5.8928e+10  7.9635e+03  1.3519e+06  6.7788e+02  2.4834e+01  1.1931e+06  6.3982e+02  2.2835e+04  1.3625e+06  7.5494e+02  2.2545e+03  1.3624e+06  7.5491e+02  2.5089e+04  1.3625e+06  7.5539e+02  
363         5.9650e+10  7.5764e+03  1.3818e+06  6.6368e+02  2.3446e+01  1.2247e+06  6.2224e+02  2.1822e+04  1.3925e+06  7.4324e+02  2.1529e+03  1.3925e+06  7.4322e+02  2.3974e+04  1.3925e+06  7.4370e+02  
364         6.0383e+10  7.2090e+03  1.4122e+06  6.4976e+02  2.2142e+01  1.2568e+06  6.0514e+02  2.0855e+04  1.4230e+06  7.3187e+02  2.0562e+03  1.4229e+06  7.3184e+02  2.2911e+04  1.4230e+06  7.3232e+02  
365         6.1127e+10  6.8603e+03  1.4429e+06  6.3612e+02  2.0915e+01  1.2894e+06  5.8851e+02  1.9934e+04  1.4539e+06  7.2080e+02  1.9639e+03  1.4538e+06  7.2077e+02  2.1898e+04  1.4539e+06  7.2126e+02  
366         6.1881e+10  6.5293e+03  1.4741e+06  6.2275e+02  1.9762e+01  1.3223e+06  5.7235e+02  1.9054e+04  1.4852e+06  7.1002e+02  1.8760e+03  1.4852e+06  7.1000e+02  2.0930e+04  1.4852e+06  7.1050e+02  
367         6.2647e+10  6.2151e+03  1.5058e+06  6.0964e+02  1.8676e+01  1.3557e+06  5.5664e+02  1.8216e+04  1.5170e+06  6.9954e+02  1.7922e+03  1.5170e+06  6.9951e+02  2.0008e+04  1.5170e+06  7.0002e+02  
368         6.3423e+10  5.9166e+03  1.5379e+06  5.9680e+02  1.7655e+01  1.3896e+06  5.4136e+02  1.7416e+04  1.5492e+06  6.8934e+02  1.7123e+03  1.5492e+06  6.8931e+02  1.9128e+04  1.5492e+06  6.8983e+02  
369         6.4211e+10  5.6332e+03  1.5704e+06  5.8420e+02  1.6693e+01  1.4239e+06  5.2650e+02  1.6652e+04  1.5819e+06  6.7942e+02  1.6362e+03  1.5819e+06  6.7939e+02  1.8288e+04  1.5819e+06  6.7991e+02  
370         6.5011e+10  5.3640e+03  1.6034e+06  5.7185e+02  1.5787e+01  1.4586e+06  5.1206e+02  1.5923e+04  1.6150e+06  6.6976e+02  1.5635e+03  1.6150e+06  6.6972e+02  1.7487e+04  1.6150e+06  6.7026e+02  
371         6.5822e+10  5.1082e+03  1.6368e+06  5.5974e+02  1.4934e+01  1.4937e+06  4.9802e+02  1.5228e+04  1.6486e+06  6.6035e+02  1.4943e+03  1.6485e+06  6.6032e+02  1.6722e+04  1.6486e+06  6.6086e+02  
372         6.6645e+10  4.8651e+03  1.6707e+06  5.4786e+02  1.4129e+01  1.5293e+06  4.8436e+02  1.4564e+04  1.6826e+06  6.5119e+02  1.4282e+03  1.6826e+06  6.5116e+02  1.5992e+04  1.6826e+06  6.5172e+02  
373         6.7480e+10  4.6341e+03  1.7051e+06  5.3621e+02  1.3371e+01  1.5654e+06  4.7109e+02  1.3930e+04  1.7171e+06  6.4228e+02  1.3652e+03  1.7171e+06  6.4224e+02  1.5295e+04  1.7171e+06  6.4281e+02  
374         6.8327e+10  4.4146e+03  1.7399e+06  5.2479e+02  1.2655e+01  1.6019e+06  4.5818e+02  1.3325e+04  1.7520e+06  6.3360e+02  1.3050e+03  1.7520e+06  6.3356e+02  1.4630e+04  1.7520e+06  6.3414e+02  
375         6.9187e+10  4.2059e+03  1.7752e+06  5.1358e+02  1.1981e+01  1.6388e+06  4.4562e+02  1.2747e+04  1.7874e+06  6.2514e+02  1.2477e+03  1.7874e+06  6.2511e+02  1.3995e+04  1.7874e+06  6.2569e+02  
376         7.0059e+10  4.0074e+03  1.8110e+06  5.0259e+02  1.1344e+01  1.6763e+06  4.3342e+02  1.2195e+04  1.8233e+06  6.1691e+02  1.1929e+03  1.8233e+06  6.1687e+02  1.3388e+04  1.8233e+06  6.1747e+02  
377         7.0944e+10  3.8187e+03  1.8472e+06  4.9180e+02  1.0743e+01  1.7142e+06  4.2155e+02  1.1668e+04  1.8597e+06  6.0889e+02  1.1406e+03  1.8597e+06  6.0885e+02  1.2809e+04  1.8597e+06  6.0946e+02  
378         7.1841e+10  3.6393e+03  1.8839e+06  4.8122e+02  1.0176e+01  1.7525e+06  4.1001e+02  1.1164e+04  1.8965e+06  6.0108e+02  1.0908e+03  1.8965e+06  6.0104e+02  1.2255e+04  1.8965e+06  6.0165e+02  
379         7.2752e+10  3.4686e+03  1.9211e+06  4.7084e+02  9.6397e+00  1.7913e+06  3.9878e+02  1.0683e+04  1.9339e+06  5.9346e+02  1.0431e+03  1.9338e+06  5.9342e+02  1.1727e+04  1.9339e+06  5.9405e+02  
380         7.3676e+10  3.3062e+03  1.9588e+06  4.6066e+02  9.1336e+00  1.8306e+06  3.8786e+02  1.0224e+04  1.9717e+06  5.8604e+02  9.9766e+02  1.9717e+06  5.8600e+02  1.1222e+04  1.9717e+06  5.8664e+02  
381         7.4614e+10  3.1517e+03  1.9970e+06  4.5067e+02  8.6554e+00  1.8704e+06  3.7724e+02  9.7848e+03  2.0100e+06  5.7881e+02  9.5425e+02  2.0100e+06  5.7877e+02  1.0739e+04  2.0100e+06  5.7942e+02  
382         7.5566e+10  3.0047e+03  2.0357e+06  4.4087e+02  8.2034e+00  1.9107e+06  3.6691e+02  9.3652e+03  2.0488e+06  5.7176e+02  9.1279e+02  2.0488e+06  5.7171e+02  1.0278e+04  2.0488e+06  5.7238e+02  
383         7.6531e+10  2.8648e+03  2.0749e+06  4.3125e+02  7.7762e+00  1.9514e+06  3.5687e+02  8.9641e+03  2.0881e+06  5.6489e+02  8.7319e+02  2.0881e+06  5.6484e+02  9.8373e+03  2.0881e+06  5.6552e+02  
384         7.7510e+10  2.7316e+03  2.1146e+06  4.2182e+02  7.3722e+00  1.9927e+06  3.4709e+02  8.5808e+03  2.1279e+06  5.5818e+02  8.3537e+02  2.1279e+06  5.5814e+02  9.4161e+03  2.1279e+06  5.5883e+02  
385         7.8504e+10  2.6048e+03  2.1548e+06  4.1256e+02  6.9902e+00  2.0345e+06  3.3759e+02  8.2144e+03  2.1683e+06  5.5165e+02  7.9924e+02  2.1683e+06  5.5160e+02  9.0136e+03  2.1683e+06  5.5231e+02  
386         7.9512e+10  2.4841e+03  2.1955e+06  4.0348e+02  6.6289e+00  2.0767e+06  3.2834e+02  7.8640e+03  2.2091e+06  5.4527e+02  7.6472e+02  2.2091e+06  5.4522e+02  8.6288e+03  2.2091e+06  5.4595e+02  
387         8.0535e+10  2.3692e+03  2.2368e+06  3.9457e+02  6.2870e+00  2.1195e+06  3.1934e+02  7.5291e+03  2.2505e+06  5.3905e+02  7.3173e+02  2.2505e+06  5.3900e+02  8.2608e+03  2.2505e+06  5.3974e+02  
388         8.1573e+10  2.2598e+03  2.2786e+06  3.8583e+02  5.9635e+00  2.1628e+06  3.1058e+02  7.2089e+03  2.2924e+06  5.3298e+02  7.0022e+02  2.2924e+06  5.3293e+02  7.9091e+03  2.2924e+06  5.3368e+02  
389         8.2626e+10  2.1556e+03  2.3210e+06  3.7725e+02  5.6573e+00  2.2066e+06  3.0206e+02  6.9026e+03  2.3349e+06  5.2706e+02  6.7010e+02  2.3349e+06  5.2700e+02  7.5727e+03  2.3349e+06  5.2777e+02  
390         8.3694e+10  2.0563e+03  2.3639e+06  3.6884e+02  5.3674e+00  2.2510e+06  2.9377e+02  6.6097e+03  2.3779e+06  5.2127e+02  6.4131e+02  2.3779e+06  5.2122e+02  7.2510e+03  2.3779e+06  5.2201e+02  
391         8.4778e+10  1.9617e+03  2.4073e+06  3.6059e+02  5.0930e+00  2.2959e+06  2.8570e+02  6.3296e+03  2.4214e+06  5.1563e+02  6.1380e+02  2.4214e+06  5.1557e+02  6.9434e+03  2.4214e+06  5.1638e+02  
392         8.5878e+10  1.8716e+03  2.4513e+06  3.5249e+02  4.8331e+00  2.3413e+06  2.7785e+02  6.0616e+03  2.4656e+06  5.1012e+02  5.8749e+02  2.4655e+06  5.1006e+02  6.6491e+03  2.4656e+06  5.1088e+02  
393         8.6993e+10  1.7858e+03  2.4959e+06  3.4456e+02  4.5870e+00  2.3873e+06  2.7021e+02  5.8053e+03  2.5102e+06  5.0473e+02  5.6235e+02  2.5102e+06  5.0467e+02  6.3677e+03  2.5102e+06  5.0552e+02  
394         8.8125e+10  1.7040e+03  2.5410e+06  3.3677e+02  4.3538e+00  2.4338e+06  2.6277e+02  5.5601e+03  2.5555e+06  4.9947e+02  5.3831e+02  2.5555e+06  4.9941e+02  6.0984e+03  2.5555e+06  5.0027e+02  
395         8.9274e+10  1.6260e+03  2.5867e+06  3.2913e+02  4.1329e+00  2.4809e+06  2.5552e+02  5.3255e+03  2.6013e+06  4.9434e+02  5.1532e+02  2.6013e+06  4.9427e+02  5.8408e+03  2.6013e+06  4.9515e+02  
396         9.0439e+10  1.5517e+03  2.6330e+06  3.2164e+02  3.9235e+00  2.5286e+06  2.4847e+02  5.1010e+03  2.6477e+06  4.8932e+02  4.9333e+02  2.6477e+06  4.8925e+02  5.5943e+03  2.6477e+06  4.9015e+02  
397         9.1622e+10  1.4809e+03  2.6799e+06  3.1429e+02  3.7251e+00  2.5769e+06  2.4161e+02  4.8862e+03  2.6947e+06  4.8441e+02  4.7231e+02  2.6947e+06  4.8434e+02  5.3585e+03  2.6947e+06  4.8526e+02  
398         9.2821e+10  1.4134e+03  2.7274e+06  3.0709e+02  3.5370e+00  2.6257e+06  2.3493e+02  4.6806e+03  2.7423e+06  4.7961e+02  4.5220e+02  2.7423e+06  4.7954e+02  5.1328e+03  2.7423e+06  4.8048e+02  
399         9.4039e+10  1.3491e+03  2.7756e+06  3.0003e+02  3.3588e+00  2.6752e+06  2.2842e+02  4.4840e+03  2.7905e+06  4.7492e+02  4.3298e+02  2.7905e+06  4.7485e+02  4.9169e+03  2.7905e+06  4.7582e+02  
400         9.5274e+10  1.2877e+03  2.8243e+06  2.9310e+02  3.1895e+00  2.7252e+06  2.2209e+02  4.2954e+03  2.8393e+06  4.7032e+02  4.1456e+02  2.8393e+06  4.7025e+02  4.7100e+03  2.8393e+06  4.7124e+02  
401         9.6527e+10  1.2294e+03  2.8736e+06  2.8633e+02  3.0298e+00  2.7759e+06  2.1592e+02  4.1158e+03  2.8888e+06  4.6587e+02  3.9703e+02  2.8888e+06  4.6579e+02  4.5128e+03  2.8888e+06  4.6680e+02  
