I           X1          NDT_H       VX1_H       TMP_H       NDT_HE      VX1_HE      TMP_HE      NDT_H+      VX1_H+      TMP_H+      NDT_HE+     VX1_HE+     TMP_HE+     NDT_ELC     VX1_ELC     TMP_ELC     
2           9.7177e+09  8.8870e+12  -1.7791e+03 1.4973e+03  9.7599e+11  -1.7794e+03 1.4973e+03  5.9192e+06  -1.7791e+03 1.4973e+03  4.1725e+03  -1.7797e+03 1.4973e+03  5.9231e+06  -1.7790e+03 1.4986e+03  
3           9.7216e+09  8.6110e+12  1.1405e+00  1.4906e+03  9.1871e+11  7.9837e-01  1.4906e+03  5.9774e+06  1.1186e+00  1.4906e+03  4.3408e+03  2.3172e-01  1.4906e+03  5.9817e+06  1.1984e+00  1.4917e+03  
4           9.7256e+09  8.3463e+12  2.3213e+01  1.4849e+03  8.6568e+11  2.2858e+01  1.4849e+03  6.1499e+06  2.3179e+01  1.4849e+03  4.6404e+03  2.2202e+01  1.4849e+03  6.1545e+06  2.3055e+01  1.4860e+03  
5           9.7296e+09  8.0890e+12  3.1974e+00  1.4787e+03  8.1595e+11  2.8268e+00  1.4787e+03  6.4082e+06  3.1562e+00  1.4787e+03  4.9810e+03  2.1426e+00  1.4787e+03  6.4131e+06  3.3382e+00  1.4799e+03  
6           9.7337e+09  7.8357e+12  1.5002e+00  1.4725e+03  7.6876e+11  1.1128e+00  1.4725e+03  6.7279e+06  1.4542e+00  1.4725e+03  5.3391e+03  4.0273e-01  1.4725e+03  6.7332e+06  1.4082e+00  1.4736e+03  
7           9.7379e+09  7.5866e+12  9.1735e-01  1.4662e+03  7.2405e+11  5.1202e-01  1.4662e+03  7.0899e+06  8.6880e-01  1.4662e+03  5.7188e+03  -2.3280e-01 1.4662e+03  7.0956e+06  8.9049e-01  1.4672e+03  
8           9.7421e+09  7.3417e+12  1.0037e+00  1.4599e+03  6.8171e+11  5.7923e-01  1.4599e+03  7.4780e+06  9.5432e-01  1.4599e+03  6.1278e+03  -2.0734e-01 1.4599e+03  7.4841e+06  9.7167e-01  1.4608e+03  
9           9.7463e+09  7.1009e+12  9.9491e-01  1.4535e+03  6.4166e+11  5.5002e-01  1.4535e+03  7.8794e+06  9.4588e-01  1.4535e+03  6.5718e+03  -2.8247e-01 1.4535e+03  7.8860e+06  9.6158e-01  1.4543e+03  
10          9.7507e+09  6.8642e+12  1.0356e+00  1.4470e+03  6.0381e+11  5.6890e-01  1.4470e+03  8.2841e+06  9.8764e-01  1.4470e+03  7.0552e+03  -3.1260e-01 1.4470e+03  8.2911e+06  1.0037e+00  1.4478e+03  
11          9.7551e+09  6.6317e+12  1.0723e+00  1.4405e+03  5.6808e+11  5.8215e-01  1.4405e+03  8.6845e+06  1.0257e+00  1.4405e+03  7.5824e+03  -3.5128e-01 1.4405e+03  8.6921e+06  1.0416e+00  1.4412e+03  
12          9.7595e+09  6.4034e+12  1.1126e+00  1.4339e+03  5.3437e+11  5.9750e-01  1.4339e+03  9.0755e+06  1.0676e+00  1.4339e+03  8.1583e+03  -3.9096e-01 1.4339e+03  9.0837e+06  1.0834e+00  1.4346e+03  
13          9.7641e+09  6.1793e+12  1.1540e+00  1.4272e+03  5.0262e+11  6.1202e-01  1.4272e+03  9.4540e+06  1.1105e+00  1.4272e+03  8.7885e+03  -4.3470e-01 1.4272e+03  9.4628e+06  1.1261e+00  1.4279e+03  
14          9.7686e+09  5.9594e+12  1.1969e+00  1.4205e+03  4.7272e+11  6.2620e-01  1.4205e+03  9.8186e+06  1.1549e+00  1.4205e+03  9.4791e+03  -4.8210e-01 1.4205e+03  9.8280e+06  1.1703e+00  1.4211e+03  
15          9.7733e+09  5.7437e+12  1.2413e+00  1.4137e+03  4.4460e+11  6.3979e-01  1.4137e+03  1.0169e+07  1.2005e+00  1.4137e+03  1.0237e+04  -5.3344e-01 1.4137e+03  1.0179e+07  1.2158e+00  1.4143e+03  
16          9.7780e+09  5.5322e+12  1.2874e+00  1.4069e+03  4.1818e+11  6.5277e-01  1.4069e+03  1.0506e+07  1.2476e+00  1.4069e+03  1.1071e+04  -5.8873e-01 1.4069e+03  1.0517e+07  1.2626e+00  1.4074e+03  
17          9.7828e+09  5.3249e+12  1.3353e+00  1.3999e+03  3.9338e+11  6.6507e-01  1.3999e+03  1.0831e+07  1.2961e+00  1.3999e+03  1.1989e+04  -6.4801e-01 1.3999e+03  1.0843e+07  1.3109e+00  1.4005e+03  
18          9.7877e+09  5.1219e+12  1.3850e+00  1.3929e+03  3.7011e+11  6.7660e-01  1.3929e+03  1.1147e+07  1.3461e+00  1.3929e+03  1.3002e+04  -7.1127e-01 1.3929e+03  1.1160e+07  1.3607e+00  1.3935e+03  
19          9.7926e+09  4.9230e+12  1.4368e+00  1.3859e+03  3.4831e+11  6.8736e-01  1.3859e+03  1.1455e+07  1.3980e+00  1.3859e+03  1.4121e+04  -7.7842e-01 1.3859e+03  1.1469e+07  1.4123e+00  1.3864e+03  
20          9.7976e+09  4.7284e+12  1.4907e+00  1.3788e+03  3.2790e+11  6.9709e-01  1.3788e+03  1.1759e+07  1.4516e+00  1.3788e+03  1.5359e+04  -8.4953e-01 1.3788e+03  1.1775e+07  1.4655e+00  1.3792e+03  
21          9.8027e+09  4.5381e+12  1.5476e+00  1.3716e+03  3.0879e+11  7.0665e-01  1.3716e+03  1.2061e+07  1.5080e+00  1.3716e+03  1.6731e+04  -9.2352e-01 1.3716e+03  1.2078e+07  1.5216e+00  1.3720e+03  
22          9.8079e+09  4.3519e+12  1.6040e+00  1.3643e+03  2.9093e+11  7.1202e-01  1.3643e+03  1.2363e+07  1.5636e+00  1.3643e+03  1.8253e+04  -1.0042e+00 1.3643e+03  1.2381e+07  1.5766e+00  1.3648e+03  
23          9.8131e+09  4.1701e+12  1.6779e+00  1.3570e+03  2.7423e+11  7.3114e-01  1.3570e+03  1.2667e+07  1.6365e+00  1.3570e+03  1.9946e+04  -1.0731e+00 1.3570e+03  1.2687e+07  1.6494e+00  1.3574e+03  
24          9.8184e+09  3.9924e+12  1.6792e+00  1.3496e+03  2.5864e+11  6.7353e-01  1.3496e+03  1.2975e+07  1.6365e+00  1.3496e+03  2.1830e+04  -1.2204e+00 1.3496e+03  1.2997e+07  1.6466e+00  1.3500e+03  
25          9.8238e+09  3.8190e+12  2.0816e+00  1.3421e+03  2.4408e+11  1.0126e+00  1.3421e+03  1.3289e+07  2.0375e+00  1.3421e+03  2.3931e+04  -9.7219e-01 1.3421e+03  1.3313e+07  2.0532e+00  1.3426e+03  
26          9.8293e+09  3.6499e+12  1.1887e+00  1.3346e+03  2.3049e+11  5.1721e-02  1.3346e+03  1.3609e+07  1.1429e+00  1.3346e+03  2.6278e+04  -2.0245e+00 1.3346e+03  1.3636e+07  1.1513e+00  1.3350e+03  
27          9.8348e+09  3.4850e+12  2.6528e+00  1.3270e+03  2.1780e+11  1.4426e+00  1.3270e+03  1.3938e+07  2.6053e+00  1.3270e+03  2.8904e+04  -7.2504e-01 1.3270e+03  1.3967e+07  2.6179e+00  1.3274e+03  
28          9.8404e+09  3.3244e+12  1.6332e+00  1.3193e+03  2.0597e+11  3.4445e-01  1.3193e+03  1.4275e+07  1.5838e+00  1.3193e+03  3.1847e+04  -1.9135e+00 1.3193e+03  1.4307e+07  1.5883e+00  1.3198e+03  
29          9.8461e+09  3.1680e+12  2.1491e+00  1.3116e+03  1.9492e+11  7.7588e-01  1.3116e+03  1.4621e+07  2.0976e+00  1.3116e+03  3.5149e+04  -1.5709e+00 1.3116e+03  1.4656e+07  2.1077e+00  1.3120e+03  
30          9.8519e+09  3.0158e+12  2.1439e+00  1.3038e+03  1.8461e+11  6.7984e-01  1.3038e+03  1.4975e+07  2.0902e+00  1.3038e+03  3.8861e+04  -1.7531e+00 1.3038e+03  1.5014e+07  2.0967e+00  1.3042e+03  
31          9.8578e+09  2.8679e+12  2.2603e+00  1.2960e+03  1.7497e+11  6.9859e-01  1.2960e+03  1.5339e+07  2.2043e+00  1.2960e+03  4.3039e+04  -1.8169e+00 1.2960e+03  1.5382e+07  2.2099e+00  1.2964e+03  
32          9.8638e+09  2.7243e+12  2.3580e+00  1.2880e+03  1.6597e+11  6.9129e-01  1.2880e+03  1.5710e+07  2.2996e+00  1.2880e+03  4.7751e+04  -1.9022e+00 1.2880e+03  1.5758e+07  2.3035e+00  1.2884e+03  
33          9.8698e+09  2.5848e+12  2.4696e+00  1.2801e+03  1.5754e+11  6.9004e-01  1.2801e+03  1.6090e+07  2.4087e+00  1.2801e+03  5.3071e+04  -1.9757e+00 1.2801e+03  1.6143e+07  2.4110e+00  1.2804e+03  
34          9.8759e+09  2.4496e+12  2.5883e+00  1.2720e+03  1.4965e+11  6.8726e-01  1.2720e+03  1.6476e+07  2.5248e+00  1.2720e+03  5.9088e+04  -2.0439e+00 1.2720e+03  1.6535e+07  2.5252e+00  1.2724e+03  
35          9.8822e+09  2.3187e+12  2.7171e+00  1.2639e+03  1.4225e+11  6.8520e-01  1.2639e+03  1.6868e+07  2.6508e+00  1.2639e+03  6.5901e+04  -2.1036e+00 1.2639e+03  1.6933e+07  2.6490e+00  1.2642e+03  
36          9.8885e+09  2.1919e+12  2.8566e+00  1.2557e+03  1.3530e+11  6.8373e-01  1.2557e+03  1.7264e+07  2.7874e+00  1.2557e+03  7.3627e+04  -2.1535e+00 1.2557e+03  1.7338e+07  2.7831e+00  1.2560e+03  
37          9.8949e+09  2.0693e+12  3.0082e+00  1.2474e+03  1.2877e+11  6.8334e-01  1.2474e+03  1.7664e+07  2.9360e+00  1.2474e+03  8.2402e+04  -2.1921e+00 1.2474e+03  1.7746e+07  2.9288e+00  1.2478e+03  
38          9.9014e+09  1.9509e+12  3.1734e+00  1.2391e+03  1.2260e+11  6.8445e-01  1.2391e+03  1.8066e+07  3.0981e+00  1.2391e+03  9.2381e+04  -2.2177e+00 1.2391e+03  1.8158e+07  3.0876e+00  1.2395e+03  
39          9.9080e+09  1.8367e+12  3.3538e+00  1.2307e+03  1.1678e+11  6.8753e-01  1.2307e+03  1.8468e+07  3.2751e+00  1.2307e+03  1.0375e+05  -2.2286e+00 1.2307e+03  1.8572e+07  3.2609e+00  1.2311e+03  
40          9.9147e+09  1.7266e+12  3.5513e+00  1.2223e+03  1.1127e+11  6.9314e-01  1.2223e+03  1.8870e+07  3.4690e+00  1.2223e+03  1.1671e+05  -2.2229e+00 1.2223e+03  1.8987e+07  3.4506e+00  1.2226e+03  
41          9.9215e+09  1.6206e+12  3.7681e+00  1.2138e+03  1.0603e+11  7.0186e-01  1.2138e+03  1.9270e+07  3.6819e+00  1.2138e+03  1.3152e+05  -2.1987e+00 1.2138e+03  1.9401e+07  3.6585e+00  1.2141e+03  
42          9.9284e+09  1.5187e+12  4.0065e+00  1.2052e+03  1.0105e+11  7.1436e-01  1.2052e+03  1.9667e+07  3.9159e+00  1.2052e+03  1.4847e+05  -2.1537e+00 1.2052e+03  1.9816e+07  3.8869e+00  1.2055e+03  
43          9.9353e+09  1.4208e+12  4.2691e+00  1.1965e+03  9.6307e+10  7.3135e-01  1.1965e+03  2.0062e+07  4.1737e+00  1.1965e+03  1.6789e+05  -2.0855e+00 1.1965e+03  2.0230e+07  4.1382e+00  1.1969e+03  
44          9.9424e+09  1.3270e+12  4.5592e+00  1.1878e+03  9.1767e+10  7.5366e-01  1.1878e+03  2.0456e+07  4.4580e+00  1.1878e+03  1.9019e+05  -1.9911e+00 1.1878e+03  2.0647e+07  4.4150e+00  1.1882e+03  
45          9.9496e+09  1.2372e+12  4.8800e+00  1.1791e+03  8.7416e+10  7.8204e-01  1.1791e+03  2.0852e+07  4.7719e+00  1.1791e+03  2.1585e+05  -1.8676e+00 1.1791e+03  2.1068e+07  4.7203e+00  1.1794e+03  
46          9.9569e+09  1.1513e+12  5.2360e+00  1.1702e+03  8.3235e+10  8.1798e-01  1.1702e+03  2.1255e+07  5.1194e+00  1.1702e+03  2.4545e+05  -1.7105e+00 1.1703e+03  2.1500e+07  5.0579e+00  1.1706e+03  
47          9.9643e+09  1.0693e+12  5.6289e+00  1.1614e+03  7.9208e+10  8.5983e-01  1.1614e+03  2.1672e+07  5.5018e+00  1.1614e+03  2.7969e+05  -1.5181e+00 1.1614e+03  2.1952e+07  5.4287e+00  1.1617e+03  
48          9.9719e+09  9.9113e+11  6.0787e+00  1.1524e+03  7.5323e+10  9.2345e-01  1.1524e+03  2.2115e+07  5.9379e+00  1.1524e+03  3.1944e+05  -1.2708e+00 1.1524e+03  2.2435e+07  5.8517e+00  1.1527e+03  
49          9.9795e+09  9.1678e+11  6.5036e+00  1.1434e+03  7.1567e+10  9.2273e-01  1.1434e+03  2.2600e+07  6.3453e+00  1.1434e+03  3.6581e+05  -1.0507e+00 1.1434e+03  2.2966e+07  6.2431e+00  1.1437e+03  
50          9.9872e+09  8.4617e+11  7.3995e+00  1.1343e+03  6.7929e+10  1.3480e+00  1.1343e+03  2.3146e+07  7.2185e+00  1.1343e+03  4.2028e+05  -3.6361e-01 1.1343e+03  2.3566e+07  7.1013e+00  1.1346e+03  
51          9.9951e+09  7.7923e+11  6.9761e+00  1.1252e+03  6.4401e+10  4.0333e-01  1.1252e+03  2.3778e+07  6.7660e+00  1.1252e+03  4.8495e+05  -1.0024e+00 1.1252e+03  2.4263e+07  6.6260e+00  1.1255e+03  
52          1.0003e+10  7.1590e+11  9.2119e+00  1.1160e+03  6.0976e+10  2.0592e+00  1.1160e+03  2.4527e+07  8.9646e+00  1.1160e+03  5.6290e+05  1.0065e+00  1.1160e+03  2.5090e+07  8.8036e+00  1.1163e+03  
53          1.0011e+10  6.5610e+11  8.6930e+00  1.1068e+03  5.7649e+10  8.9457e-01  1.1068e+03  2.5425e+07  8.3991e+00  1.1068e+03  6.5884e+05  2.4622e-01  1.1068e+03  2.6084e+07  8.2074e+00  1.1070e+03  
54          1.0019e+10  5.9976e+11  1.0089e+01  1.0975e+03  5.4413e+10  1.5690e+00  1.0975e+03  2.6506e+07  9.7381e+00  1.0975e+03  7.8010e+05  1.3853e+00  1.0975e+03  2.7286e+07  9.5164e+00  1.0977e+03  
55          1.0028e+10  5.4680e+11  1.0929e+01  1.0881e+03  5.1266e+10  1.5990e+00  1.0881e+03  2.7803e+07  1.0508e+01  1.0881e+03  9.3801e+05  1.9600e+00  1.0881e+03  2.8741e+07  1.0245e+01  1.0883e+03  
56          1.0036e+10  4.9713e+11  1.2044e+01  1.0787e+03  4.8207e+10  1.8036e+00  1.0787e+03  2.9345e+07  1.1540e+01  1.0787e+03  1.1496e+06  2.8242e+00  1.0787e+03  3.0494e+07  1.1227e+01  1.0789e+03  
57          1.0045e+10  4.5067e+11  1.3267e+01  1.0692e+03  4.5232e+10  1.9996e+00  1.0692e+03  3.1147e+07  1.2665e+01  1.0692e+03  1.4395e+06  3.8434e+00  1.0692e+03  3.2587e+07  1.2291e+01  1.0694e+03  
58          1.0053e+10  4.0731e+11  1.4659e+01  1.0597e+03  4.2342e+10  2.2302e+00  1.0597e+03  3.3211e+07  1.3941e+01  1.0597e+03  1.8418e+06  5.1137e+00  1.0597e+03  3.5053e+07  1.3493e+01  1.0599e+03  
59          1.0062e+10  3.6696e+11  1.6236e+01  1.0502e+03  3.9536e+10  2.4887e+00  1.0502e+03  3.5517e+07  1.5381e+01  1.0502e+03  2.4012e+06  6.6704e+00  1.0502e+03  3.7918e+07  1.4846e+01  1.0503e+03  
60          1.0071e+10  3.2953e+11  1.8029e+01  1.0405e+03  3.6815e+10  2.7807e+00  1.0405e+03  3.8021e+07  1.7009e+01  1.0405e+03  3.1723e+06  8.5383e+00  1.0405e+03  4.1193e+07  1.6373e+01  1.0407e+03  
61          1.0080e+10  2.9490e+11  2.0074e+01  1.0309e+03  3.4180e+10  3.1099e+00  1.0309e+03  4.0653e+07  1.8851e+01  1.0309e+03  4.2182e+06  1.0719e+01  1.0309e+03  4.4871e+07  1.8102e+01  1.0310e+03  
62          1.0089e+10  2.6297e+11  2.2407e+01  1.0211e+03  3.1633e+10  3.4774e+00  1.0211e+03  4.3321e+07  2.0929e+01  1.0211e+03  5.6058e+06  1.3200e+01  1.0211e+03  4.8926e+07  2.0059e+01  1.0213e+03  
63          1.0099e+10  2.3363e+11  2.5106e+01  1.0114e+03  2.9175e+10  3.9165e+00  1.0114e+03  4.5916e+07  2.3300e+01  1.0114e+03  7.3993e+06  1.6000e+01  1.0114e+03  5.3315e+07  2.2303e+01  1.0115e+03  
64          1.0108e+10  2.0675e+11  2.8090e+01  1.0016e+03  2.6808e+10  4.2936e+00  1.0016e+03  4.8324e+07  2.5858e+01  1.0016e+03  9.6524e+06  1.8980e+01  1.0016e+03  5.7976e+07  2.4729e+01  1.0017e+03  
65          1.0118e+10  1.8224e+11  3.2745e+01  9.9169e+02  2.4535e+10  5.9327e+00  9.9169e+02  5.0434e+07  2.9952e+01  9.9169e+02  1.2400e+07  2.3469e+01  9.9170e+02  6.2834e+07  2.8688e+01  9.9184e+02  
66          1.0128e+10  1.5996e+11  3.1012e+01  9.8178e+02  2.2356e+10  6.9525e-01  9.8178e+02  5.2155e+07  2.7477e+01  9.8179e+02  1.5648e+07  2.1349e+01  9.8179e+02  6.7803e+07  2.6080e+01  9.8193e+02  
67          1.0137e+10  1.3982e+11  7.3167e+01  9.7181e+02  2.0282e+10  3.8763e+01  9.7181e+02  5.3430e+07  6.8653e+01  9.7182e+02  1.9373e+07  6.2840e+01  9.7182e+02  7.2803e+07  6.7122e+01  9.7196e+02  
68          1.0147e+10  1.2164e+11  9.3822e+01  9.6186e+02  1.8298e+10  5.4756e+01  9.6186e+02  5.4222e+07  8.8018e+01  9.6187e+02  2.3493e+07  8.2488e+01  9.6187e+02  7.7714e+07  8.6361e+01  9.6202e+02  
69          1.0158e+10  1.0510e+11  4.7866e+01  9.5477e+02  1.6346e+10  3.5022e+00  9.5477e+02  5.4485e+07  4.0364e+01  9.5479e+02  2.7841e+07  3.5060e+01  9.5479e+02  8.2326e+07  3.8588e+01  9.5494e+02  
70          1.0168e+10  8.9966e+10  2.7921e+01  9.5331e+02  1.4401e+10  -2.2731e+01 9.5331e+02  5.4232e+07  1.8169e+01  9.5333e+02  3.2216e+07  1.3000e+01  9.5333e+02  8.6448e+07  1.6258e+01  9.5349e+02  
71          1.0178e+10  7.6198e+10  1.2400e+01  9.6024e+02  1.2485e+10  -4.5895e+01 9.6024e+02  5.3552e+07  -3.1906e-01 9.6027e+02  3.6426e+07  -5.4682e+00 9.6027e+02  8.9979e+07  -2.3878e+00 9.6043e+02  
72          1.0189e+10  6.3799e+10  1.5440e+01  9.7829e+02  1.0641e+10  -5.2308e+01 9.7830e+02  5.2564e+07  -1.1786e+00 9.7833e+02  4.0297e+07  -6.4421e+00 9.7833e+02  9.2861e+07  -3.4470e+00 9.7849e+02  
73          1.0200e+10  5.2798e+10  3.4726e+01  1.0104e+03  8.9200e+09  -4.4816e+01 1.0104e+03  5.1393e+07  1.3011e+01  1.0104e+03  4.3690e+07  7.4699e+00  1.0104e+03  9.5082e+07  1.0481e+01  1.0106e+03  
74          1.0211e+10  4.3207e+10  7.3617e+01  1.0597e+03  7.3640e+09  -2.0719e+01 1.0597e+03  5.0144e+07  4.5267e+01  1.0597e+03  4.6512e+07  3.9242e+01  1.0598e+03  9.6656e+07  4.2383e+01  1.0599e+03  
75          1.0222e+10  3.5000e+10  1.3152e+02  1.1300e+03  6.0015e+09  1.8570e+01  1.1300e+03  4.8886e+07  9.4551e+01  1.1300e+03  4.8729e+07  8.7765e+01  1.1300e+03  9.7615e+07  9.1179e+01  1.1302e+03  
76          1.0233e+10  2.8104e+10  2.0767e+02  1.2256e+03  4.8431e+09  7.1227e+01  1.2256e+03  4.7653e+07  1.5948e+02  1.2256e+03  5.0357e+07  1.5156e+02  1.2256e+03  9.8009e+07  1.5543e+02  1.2258e+03  
77          1.0245e+10  2.2409e+10  2.9951e+02  1.3514e+03  3.8837e+09  1.3333e+02  1.3514e+03  4.6446e+07  2.3668e+02  1.3515e+03  5.1458e+07  2.2707e+02  1.3515e+03  9.7903e+07  2.3164e+02  1.3517e+03  
78          1.0256e+10  1.7777e+10  4.0379e+02  1.5134e+03  3.1062e+09  1.9991e+02  1.5134e+03  4.5254e+07  3.2181e+02  1.5135e+03  5.2121e+07  3.0972e+02  1.5135e+03  9.7375e+07  3.1536e+02  1.5137e+03  
79          1.0268e+10  1.4059e+10  5.1680e+02  1.7179e+03  2.4865e+09  2.6517e+02  1.7179e+03  4.4070e+07  4.0976e+02  1.7180e+03  5.2441e+07  3.9405e+02  1.7180e+03  9.6510e+07  4.0124e+02  1.7183e+03  
80          1.0280e+10  1.1106e+10  6.3503e+02  1.9721e+03  1.9981e+09  3.2344e+02  1.9721e+03  4.2902e+07  4.9545e+02  1.9721e+03  5.2494e+07  4.7452e+02  1.9722e+03  9.5396e+07  4.8395e+02  1.9724e+03  
81          1.0292e+10  8.7820e+09  7.5559e+02  2.2831e+03  1.6154e+09  3.7009e+02  2.2831e+03  4.1787e+07  5.7449e+02  2.2831e+03  5.2329e+07  5.4614e+02  2.2832e+03  9.4116e+07  5.5874e+02  2.2835e+03  
82          1.0304e+10  6.9649e+09  8.7623e+02  2.6578e+03  1.3158e+09  4.0250e+02  2.6578e+03  4.0794e+07  6.4369e+02  2.6579e+03  5.1958e+07  6.0515e+02  2.6579e+03  9.2753e+07  6.2212e+02  2.6582e+03  
83          1.0317e+10  5.5520e+09  9.9520e+02  3.1017e+03  1.0805e+09  4.2082e+02  3.1017e+03  4.0022e+07  7.0161e+02  3.1018e+03  5.1370e+07  6.4973e+02  3.1018e+03  9.1392e+07  6.7246e+02  3.1021e+03  
84          1.0330e+10  4.4585e+09  1.1107e+03  3.6171e+03  8.9487e+08  4.2829e+02  3.6171e+03  3.9592e+07  7.4875e+02  3.6172e+03  5.0544e+07  6.8062e+02  3.6172e+03  9.0137e+07  7.1056e+02  3.6176e+03  
85          1.0342e+10  3.6158e+09  1.2207e+03  4.2010e+03  7.4797e+08  4.3066e+02  4.2011e+03  3.9636e+07  7.8751e+02  4.2011e+03  4.9469e+07  7.0149e+02  4.2011e+03  8.9105e+07  7.3976e+02  4.2016e+03  
86          1.0356e+10  2.9694e+09  1.3225e+03  4.8425e+03  6.3161e+08  4.3479e+02  4.8426e+03  4.0281e+07  8.2176e+02  4.8426e+03  4.8155e+07  7.1873e+02  4.8426e+03  8.8436e+07  7.6567e+02  4.8431e+03  
87          1.0369e+10  2.4763e+09  1.4132e+03  5.5202e+03  5.3982e+08  4.4655e+02  5.5202e+03  4.1628e+07  8.5637e+02  5.5202e+03  4.6644e+07  7.4049e+02  5.5203e+03  8.8272e+07  7.9515e+02  5.5208e+03  
88          1.0382e+10  2.1027e+09  1.4906e+03  6.2015e+03  4.6810e+08  4.6884e+02  6.2015e+03  4.3734e+07  8.9658e+02  6.2015e+03  4.5005e+07  7.7493e+02  6.2016e+03  8.8739e+07  8.3490e+02  6.2021e+03  
89          1.0396e+10  1.8222e+09  1.5531e+03  6.8458e+03  4.1288e+08  5.0037e+02  6.8458e+03  4.6588e+07  9.4688e+02  6.8459e+03  4.3323e+07  8.2751e+02  6.8459e+03  8.9911e+07  8.8938e+02  6.8464e+03  
90          1.0410e+10  1.6137e+09  1.5978e+03  7.4116e+03  3.7118e+08  5.3493e+02  7.4116e+03  5.0086e+07  1.0078e+03  7.4116e+03  4.1688e+07  8.9717e+02  7.4116e+03  9.1774e+07  9.5755e+02  7.4120e+03  
91          1.0424e+10  1.4608e+09  1.6186e+03  7.8659e+03  3.4033e+08  5.6213e+02  7.8659e+03  5.4022e+07  1.0724e+03  7.8659e+03  4.0171e+07  9.7371e+02  7.8659e+03  9.4193e+07  1.0303e+03  7.8661e+03  
92          1.0438e+10  1.3501e+09  1.6089e+03  8.1932e+03  3.1791e+08  5.7174e+02  8.1932e+03  5.8098e+07  1.1284e+03  8.1932e+03  3.8821e+07  1.0413e+03  8.1932e+03  9.6918e+07  1.0935e+03  8.1931e+03  
93          1.0452e+10  1.2708e+09  1.5677e+03  8.3976e+03  3.0172e+08  5.5974e+02  8.3976e+03  6.1969e+07  1.1650e+03  8.3975e+03  3.7656e+07  1.0872e+03  8.3975e+03  9.9626e+07  1.1356e+03  8.3973e+03  
94          1.0467e+10  1.2142e+09  1.5026e+03  8.4984e+03  2.8986e+08  5.3035e+02  8.4984e+03  6.5311e+07  1.1795e+03  8.4983e+03  3.6677e+07  1.1081e+03  8.4983e+03  1.0199e+08  1.1538e+03  8.4980e+03  
95          1.0482e+10  1.1733e+09  1.4266e+03  8.5223e+03  2.8077e+08  4.9251e+02  8.5224e+03  6.7878e+07  1.1765e+03  8.5223e+03  3.5867e+07  1.1089e+03  8.5223e+03  1.0374e+08  1.1531e+03  8.5220e+03  
96          1.0497e+10  1.1428e+09  1.3524e+03  8.4961e+03  2.7322e+08  4.5495e+02  8.4962e+03  6.9541e+07  1.1636e+03  8.4961e+03  3.5205e+07  1.0978e+03  8.4961e+03  1.0475e+08  1.1415e+03  8.4958e+03  
97          1.0512e+10  1.1187e+09  1.2885e+03  8.4422e+03  2.6637e+08  4.2345e+02  8.4422e+03  7.0288e+07  1.1476e+03  8.4421e+03  3.4671e+07  1.0823e+03  8.4421e+03  1.0496e+08  1.1260e+03  8.4419e+03  
98          1.0528e+10  1.0981e+09  1.2394e+03  8.3769e+03  2.5964e+08  4.0059e+02  8.3769e+03  7.0200e+07  1.1331e+03  8.3769e+03  3.4243e+07  1.0674e+03  8.3769e+03  1.0444e+08  1.1116e+03  8.3767e+03  
99          1.0543e+10  1.0788e+09  1.2060e+03  8.3113e+03  2.5271e+08  3.8667e+02  8.3114e+03  6.9421e+07  1.1226e+03  8.3113e+03  3.3901e+07  1.0560e+03  8.3113e+03  1.0332e+08  1.1007e+03  8.3112e+03  
100         1.0559e+10  1.0597e+09  1.1875e+03  8.2521e+03  2.4543e+08  3.8078e+02  8.2521e+03  6.8123e+07  1.1169e+03  8.2521e+03  3.3625e+07  1.0491e+03  8.2521e+03  1.0175e+08  1.0945e+03  8.2520e+03  
101         1.0576e+10  1.0398e+09  1.1821e+03  8.2025e+03  2.3777e+08  3.8156e+02  8.2025e+03  6.6480e+07  1.1161e+03  8.2025e+03  3.3394e+07  1.0473e+03  8.2025e+03  9.9874e+07  1.0931e+03  8.2025e+03  
102         1.0592e+10  1.0188e+09  1.1879e+03  8.1639e+03  2.2977e+08  3.8757e+02  8.1639e+03  6.4653e+07  1.1201e+03  8.1639e+03  3.3190e+07  1.0502e+03  8.1639e+03  9.7843e+07  1.0964e+03  8.1639e+03  
103         1.0609e+10  9.9653e+08  1.2028e+03  8.1361e+03  2.2151e+08  3.9756e+02  8.1361e+03  6.2774e+07  1.1283e+03  8.1361e+03  3.2994e+07  1.0577e+03  8.1361e+03  9.5768e+07  1.1040e+03  8.1361e+03  
104         1.0626e+10  9.7312e+08  1.2251e+03  8.1181e+03  2.1311e+08  4.1049e+02  8.1181e+03  6.0945e+07  1.1406e+03  8.1181e+03  3.2791e+07  1.0695e+03  8.1181e+03  9.3736e+07  1.1157e+03  8.1182e+03  
105         1.0643e+10  9.4872e+08  1.2533e+03  8.1086e+03  2.0466e+08  4.2555e+02  8.1086e+03  5.9238e+07  1.1566e+03  8.1086e+03  3.2567e+07  1.0853e+03  8.1086e+03  9.1805e+07  1.1313e+03  8.1087e+03  
106         1.0660e+10  9.2356e+08  1.2860e+03  8.1061e+03  1.9625e+08  4.4211e+02  8.1061e+03  5.7697e+07  1.1760e+03  8.1061e+03  3.2312e+07  1.1050e+03  8.1061e+03  9.0009e+07  1.1505e+03  8.1062e+03  
107         1.0678e+10  8.9789e+08  1.3223e+03  8.1091e+03  1.8797e+08  4.5972e+02  8.1090e+03  5.6342e+07  1.1988e+03  8.1091e+03  3.2020e+07  1.1282e+03  8.1091e+03  8.8363e+07  1.1733e+03  8.1092e+03  
108         1.0696e+10  8.7197e+08  1.3611e+03  8.1160e+03  1.7987e+08  4.7809e+02  8.1160e+03  5.5179e+07  1.2248e+03  8.1161e+03  3.1687e+07  1.1549e+03  8.1161e+03  8.6866e+07  1.1993e+03  8.1162e+03  
109         1.0714e+10  8.4600e+08  1.4019e+03  8.1259e+03  1.7200e+08  4.9699e+02  8.1258e+03  5.4197e+07  1.2538e+03  8.1259e+03  3.1312e+07  1.1848e+03  8.1259e+03  8.5509e+07  1.2286e+03  8.1260e+03  
110         1.0732e+10  8.2017e+08  1.4442e+03  8.1375e+03  1.6440e+08  5.1631e+02  8.1375e+03  5.3378e+07  1.2858e+03  8.1375e+03  3.0898e+07  1.2177e+03  8.1375e+03  8.4276e+07  1.2608e+03  8.1376e+03  
111         1.0751e+10  7.9463e+08  1.4877e+03  8.1501e+03  1.5707e+08  5.3600e+02  8.1501e+03  5.2700e+07  1.3204e+03  8.1502e+03  3.0447e+07  1.2533e+03  8.1502e+03  8.3147e+07  1.2958e+03  8.1503e+03  
112         1.0770e+10  7.6949e+08  1.5320e+03  8.1632e+03  1.5003e+08  5.5604e+02  8.1632e+03  5.2137e+07  1.3575e+03  8.1632e+03  2.9966e+07  1.2915e+03  8.1632e+03  8.2103e+07  1.3334e+03  8.1633e+03  
113         1.0789e+10  7.4484e+08  1.5773e+03  8.1762e+03  1.4328e+08  5.7645e+02  8.1762e+03  5.1666e+07  1.3970e+03  8.1763e+03  2.9458e+07  1.3319e+03  8.1763e+03  8.1124e+07  1.3734e+03  8.1764e+03  
114         1.0809e+10  7.2073e+08  1.6233e+03  8.1890e+03  1.3681e+08  5.9730e+02  8.1890e+03  5.1264e+07  1.4387e+03  8.1890e+03  2.8929e+07  1.3745e+03  8.1890e+03  8.0193e+07  1.4156e+03  8.1891e+03  
115         1.0829e+10  6.9721e+08  1.6704e+03  8.2013e+03  1.3061e+08  6.1863e+02  8.2013e+03  5.0910e+07  1.4825e+03  8.2013e+03  2.8385e+07  1.4191e+03  8.2013e+03  7.9295e+07  1.4598e+03  8.2014e+03  
116         1.0849e+10  6.7428e+08  1.7184e+03  8.2131e+03  1.2469e+08  6.4052e+02  8.2131e+03  5.0588e+07  1.5282e+03  8.2131e+03  2.7830e+07  1.4655e+03  8.2131e+03  7.8418e+07  1.5060e+03  8.2132e+03  
117         1.0869e+10  6.5196e+08  1.7676e+03  8.2244e+03  1.1901e+08  6.6305e+02  8.2244e+03  5.0283e+07  1.5758e+03  8.2244e+03  2.7269e+07  1.5137e+03  8.2244e+03  7.7552e+07  1.5540e+03  8.2245e+03  
118         1.0890e+10  6.3024e+08  1.8180e+03  8.2352e+03  1.1358e+08  6.8628e+02  8.2352e+03  4.9985e+07  1.6252e+03  8.2352e+03  2.6704e+07  1.5637e+03  8.2352e+03  7.6689e+07  1.6038e+03  8.2353e+03  
119         1.0911e+10  6.0911e+08  1.8699e+03  8.2456e+03  1.0838e+08  7.1028e+02  8.2456e+03  4.9684e+07  1.6764e+03  8.2456e+03  2.6140e+07  1.6153e+03  8.2456e+03  7.5824e+07  1.6554e+03  8.2457e+03  
120         1.0933e+10  5.8858e+08  1.9233e+03  8.2556e+03  1.0341e+08  7.3512e+02  8.2556e+03  4.9376e+07  1.7294e+03  8.2557e+03  2.5577e+07  1.6687e+03  8.2557e+03  7.4954e+07  1.7087e+03  8.2558e+03  
121         1.0954e+10  5.6861e+08  1.9784e+03  8.2654e+03  9.8640e+07  7.6085e+02  8.2654e+03  4.9057e+07  1.7842e+03  8.2655e+03  2.5018e+07  1.7239e+03  8.2655e+03  7.4076e+07  1.7639e+03  8.2656e+03  
122         1.0976e+10  5.4921e+08  2.0353e+03  8.2750e+03  9.4076e+07  7.8752e+02  8.2750e+03  4.8725e+07  1.8409e+03  8.2751e+03  2.4464e+07  1.7808e+03  8.2751e+03  7.3189e+07  1.8208e+03  8.2752e+03  
123         1.0998e+10  5.3034e+08  2.0941e+03  8.2845e+03  8.9705e+07  8.1519e+02  8.2845e+03  4.8377e+07  1.8995e+03  8.2845e+03  2.3916e+07  1.8396e+03  8.2845e+03  7.2293e+07  1.8797e+03  8.2846e+03  
124         1.1021e+10  5.1201e+08  2.1549e+03  8.2939e+03  8.5520e+07  8.4389e+02  8.2939e+03  4.8015e+07  1.9600e+03  8.2939e+03  2.3374e+07  1.9004e+03  8.2939e+03  7.1389e+07  1.9405e+03  8.2940e+03  
125         1.1044e+10  4.9420e+08  2.2178e+03  8.3032e+03  8.1513e+07  8.7368e+02  8.3032e+03  4.7637e+07  2.0226e+03  8.3033e+03  2.2839e+07  1.9632e+03  8.3033e+03  7.0476e+07  2.0034e+03  8.3034e+03  
126         1.1067e+10  4.7690e+08  2.2829e+03  8.3125e+03  7.7677e+07  9.0461e+02  8.3125e+03  4.7246e+07  2.0873e+03  8.3126e+03  2.2311e+07  2.0281e+03  8.3126e+03  6.9557e+07  2.0683e+03  8.3127e+03  
127         1.1091e+10  4.6009e+08  2.3503e+03  8.3219e+03  7.4006e+07  9.3669e+02  8.3218e+03  4.6841e+07  2.1542e+03  8.3219e+03  2.1790e+07  2.0951e+03  8.3219e+03  6.8631e+07  2.1355e+03  8.3220e+03  
128         1.1115e+10  4.4376e+08  2.4200e+03  8.3312e+03  7.0493e+07  9.7000e+02  8.3312e+03  4.6425e+07  2.2234e+03  8.3312e+03  2.1276e+07  2.1645e+03  8.3312e+03  6.7700e+07  2.2049e+03  8.3313e+03  
129         1.1139e+10  4.2791e+08  2.4922e+03  8.3405e+03  6.7133e+07  1.0046e+03  8.3405e+03  4.5996e+07  2.2949e+03  8.3405e+03  2.0769e+07  2.2362e+03  8.3405e+03  6.6765e+07  2.2767e+03  8.3406e+03  
130         1.1164e+10  4.1252e+08  2.5670e+03  8.3498e+03  6.3919e+07  1.0404e+03  8.3498e+03  4.5558e+07  2.3690e+03  8.3499e+03  2.0269e+07  2.3104e+03  8.3499e+03  6.5827e+07  2.3509e+03  8.3500e+03  
131         1.1189e+10  3.9759e+08  2.6443e+03  8.3592e+03  6.0847e+07  1.0777e+03  8.3592e+03  4.5109e+07  2.4455e+03  8.3592e+03  1.9776e+07  2.3871e+03  8.3592e+03  6.4886e+07  2.4278e+03  8.3593e+03  
132         1.1214e+10  3.8310e+08  2.7243e+03  8.3685e+03  5.7910e+07  1.1163e+03  8.3685e+03  4.4652e+07  2.5248e+03  8.3686e+03  1.9291e+07  2.4665e+03  8.3686e+03  6.3943e+07  2.5072e+03  8.3687e+03  
133         1.1240e+10  3.6905e+08  2.8072e+03  8.3779e+03  5.5103e+07  1.1565e+03  8.3779e+03  4.4186e+07  2.6068e+03  8.3779e+03  1.8813e+07  2.5486e+03  8.3779e+03  6.2999e+07  2.5895e+03  8.3780e+03  
134         1.1266e+10  3.5543e+08  2.8929e+03  8.3872e+03  5.2421e+07  1.1981e+03  8.3872e+03  4.3713e+07  2.6917e+03  8.3872e+03  1.8342e+07  2.6336e+03  8.3873e+03  6.2055e+07  2.6746e+03  8.3874e+03  
135         1.1293e+10  3.4223e+08  2.9816e+03  8.3965e+03  4.9860e+07  1.2413e+03  8.3965e+03  4.3231e+07  2.7796e+03  8.3966e+03  1.7879e+07  2.7216e+03  8.3966e+03  6.1110e+07  2.7626e+03  8.3967e+03  
136         1.1320e+10  3.2944e+08  3.0734e+03  8.4058e+03  4.7414e+07  1.2862e+03  8.4058e+03  4.2743e+07  2.8705e+03  8.4059e+03  1.7423e+07  2.8126e+03  8.4059e+03  6.0166e+07  2.8537e+03  8.4060e+03  
137         1.1347e+10  3.1705e+08  3.1683e+03  8.4151e+03  4.5079e+07  1.3327e+03  8.4151e+03  4.2248e+07  2.9646e+03  8.4151e+03  1.6975e+07  2.9067e+03  8.4151e+03  5.9223e+07  2.9480e+03  8.4152e+03  
138         1.1375e+10  3.0505e+08  3.2666e+03  8.4243e+03  4.2850e+07  1.3810e+03  8.4243e+03  4.1746e+07  3.0620e+03  8.4243e+03  1.6534e+07  3.0042e+03  8.4243e+03  5.8280e+07  3.0456e+03  8.4244e+03  
139         1.1403e+10  2.9344e+08  3.3682e+03  8.4335e+03  4.0724e+07  1.4311e+03  8.4335e+03  4.1238e+07  3.1628e+03  8.4335e+03  1.6101e+07  3.1050e+03  8.4335e+03  5.7340e+07  3.1466e+03  8.4336e+03  
140         1.1431e+10  2.8221e+08  3.4734e+03  8.4426e+03  3.8695e+07  1.4832e+03  8.4426e+03  4.0725e+07  3.2671e+03  8.4427e+03  1.5676e+07  3.2094e+03  8.4427e+03  5.6400e+07  3.2511e+03  8.4428e+03  
141         1.1460e+10  2.7135e+08  3.5822e+03  8.4517e+03  3.6760e+07  1.5372e+03  8.4517e+03  4.0205e+07  3.3751e+03  8.4517e+03  1.5258e+07  3.3173e+03  8.4517e+03  5.5464e+07  3.3592e+03  8.4518e+03  
142         1.1489e+10  2.6084e+08  3.6948e+03  8.4607e+03  3.4915e+07  1.5932e+03  8.4607e+03  3.9681e+07  3.4868e+03  8.4608e+03  1.4849e+07  3.4291e+03  8.4608e+03  5.4529e+07  3.4711e+03  8.4609e+03  
143         1.1519e+10  2.5068e+08  3.8112e+03  8.4697e+03  3.3156e+07  1.6513e+03  8.4697e+03  3.9151e+07  3.6025e+03  8.4697e+03  1.4447e+07  3.5447e+03  8.4697e+03  5.3598e+07  3.5869e+03  8.4698e+03  
144         1.1549e+10  2.4087e+08  3.9317e+03  8.4786e+03  3.1480e+07  1.7116e+03  8.4785e+03  3.8617e+07  3.7221e+03  8.4786e+03  1.4053e+07  3.6643e+03  8.4786e+03  5.2669e+07  3.7067e+03  8.4787e+03  
145         1.1580e+10  2.3139e+08  4.0563e+03  8.4873e+03  2.9882e+07  1.7741e+03  8.4873e+03  3.8078e+07  3.8459e+03  8.4874e+03  1.3667e+07  3.7880e+03  8.4874e+03  5.1745e+07  3.8306e+03  8.4875e+03  
146         1.1611e+10  2.2224e+08  4.1852e+03  8.4961e+03  2.8361e+07  1.8390e+03  8.4960e+03  3.7535e+07  3.9740e+03  8.4961e+03  1.3288e+07  3.9161e+03  8.4961e+03  5.0824e+07  3.9589e+03  8.4962e+03  
147         1.1643e+10  2.1341e+08  4.3185e+03  8.5047e+03  2.6911e+07  1.9063e+03  8.5047e+03  3.6988e+07  4.1065e+03  8.5047e+03  1.2918e+07  4.0485e+03  8.5047e+03  4.9907e+07  4.0915e+03  8.5048e+03  
148         1.1675e+10  2.0488e+08  4.4564e+03  8.5132e+03  2.5531e+07  1.9760e+03  8.5132e+03  3.6439e+07  4.2436e+03  8.5132e+03  1.2556e+07  4.1855e+03  8.5132e+03  4.8994e+07  4.2287e+03  8.5134e+03  
149         1.1707e+10  1.9666e+08  4.5989e+03  8.5216e+03  2.4217e+07  2.0484e+03  8.5216e+03  3.5886e+07  4.3855e+03  8.5217e+03  1.2201e+07  4.3272e+03  8.5217e+03  4.8087e+07  4.3707e+03  8.5218e+03  
150         1.1740e+10  1.8873e+08  4.7463e+03  8.5299e+03  2.2967e+07  2.1234e+03  8.5299e+03  3.5330e+07  4.5321e+03  8.5299e+03  1.1855e+07  4.4737e+03  8.5300e+03  4.7185e+07  4.5175e+03  8.5301e+03  
151         1.1774e+10  1.8108e+08  4.8988e+03  8.5381e+03  2.1777e+07  2.2011e+03  8.5381e+03  3.4772e+07  4.6839e+03  8.5381e+03  1.1516e+07  4.6253e+03  8.5381e+03  4.6288e+07  4.6693e+03  8.5382e+03  
152         1.1808e+10  1.7371e+08  5.0564e+03  8.5461e+03  2.0645e+07  2.2817e+03  8.5461e+03  3.4212e+07  4.8407e+03  8.5462e+03  1.1185e+07  4.7820e+03  8.5462e+03  4.5397e+07  4.8263e+03  8.5463e+03  
153         1.1842e+10  1.6661e+08  5.2193e+03  8.5540e+03  1.9569e+07  2.3652e+03  8.5540e+03  3.3651e+07  5.0030e+03  8.5541e+03  1.0861e+07  4.9441e+03  8.5541e+03  4.4512e+07  4.9886e+03  8.5542e+03  
154         1.1877e+10  1.5977e+08  5.3877e+03  8.5618e+03  1.8545e+07  2.4518e+03  8.5617e+03  3.3089e+07  5.1707e+03  8.5618e+03  1.0545e+07  5.1116e+03  8.5618e+03  4.3634e+07  5.1564e+03  8.5619e+03  
155         1.1912e+10  1.5319e+08  5.5617e+03  8.5693e+03  1.7572e+07  2.5414e+03  8.5693e+03  3.2526e+07  5.3441e+03  8.5694e+03  1.0237e+07  5.2848e+03  8.5694e+03  4.2763e+07  5.3299e+03  8.5695e+03  
156         1.1948e+10  1.4685e+08  5.7416e+03  8.5767e+03  1.6647e+07  2.6343e+03  8.5767e+03  3.1963e+07  5.5234e+03  8.5768e+03  9.9359e+06  5.4638e+03  8.5768e+03  4.1898e+07  5.5093e+03  8.5769e+03  
157         1.1985e+10  1.4075e+08  5.9275e+03  8.5840e+03  1.5768e+07  2.7304e+03  8.5839e+03  3.1399e+07  5.7087e+03  8.5840e+03  9.6424e+06  5.6489e+03  8.5840e+03  4.1042e+07  5.6946e+03  8.5842e+03  
158         1.2022e+10  1.3488e+08  6.1195e+03  8.5910e+03  1.4933e+07  2.8300e+03  8.5910e+03  3.0837e+07  5.9001e+03  8.5911e+03  9.3560e+06  5.8401e+03  8.5911e+03  4.0193e+07  5.8862e+03  8.5912e+03  
159         1.2059e+10  1.2924e+08  6.3180e+03  8.5978e+03  1.4140e+07  2.9330e+03  8.5978e+03  3.0275e+07  6.0980e+03  8.5979e+03  9.0769e+06  6.0377e+03  8.5979e+03  3.9352e+07  6.0841e+03  8.5980e+03  
160         1.2097e+10  1.2381e+08  6.5229e+03  8.6044e+03  1.3387e+07  3.0397e+03  8.6044e+03  2.9714e+07  6.3024e+03  8.6045e+03  8.8048e+06  6.2418e+03  8.6045e+03  3.8519e+07  6.2886e+03  8.6046e+03  
161         1.2136e+10  1.1859e+08  6.7346e+03  8.6108e+03  1.2672e+07  3.1501e+03  8.6108e+03  2.9155e+07  6.5136e+03  8.6109e+03  8.5396e+06  6.4527e+03  8.6109e+03  3.7695e+07  6.4998e+03  8.6110e+03  
162         1.2175e+10  1.1358e+08  6.9532e+03  8.6169e+03  1.1994e+07  3.2642e+03  8.6169e+03  2.8598e+07  6.7318e+03  8.6170e+03  8.2814e+06  6.6705e+03  8.6170e+03  3.6880e+07  6.7180e+03  8.6171e+03  
163         1.2215e+10  1.0877e+08  7.1789e+03  8.6228e+03  1.1350e+07  3.3823e+03  8.6228e+03  2.8044e+07  6.9571e+03  8.6229e+03  8.0298e+06  6.8955e+03  8.6229e+03  3.6074e+07  6.9434e+03  8.6230e+03  
164         1.2256e+10  1.0414e+08  7.4119e+03  8.6284e+03  1.0739e+07  3.5045e+03  8.6284e+03  2.7492e+07  7.1897e+03  8.6285e+03  7.7849e+06  7.1277e+03  8.6285e+03  3.5277e+07  7.1760e+03  8.6286e+03  
165         1.2297e+10  9.9702e+07  7.6524e+03  8.6337e+03  1.0160e+07  3.6307e+03  8.6337e+03  2.6943e+07  7.4299e+03  8.6338e+03  7.5465e+06  7.3676e+03  8.6338e+03  3.4490e+07  7.4163e+03  8.6339e+03  
166         1.2338e+10  9.5439e+07  7.9007e+03  8.6387e+03  9.6104e+06  3.7612e+03  8.6387e+03  2.6398e+07  7.6779e+03  8.6388e+03  7.3145e+06  7.6151e+03  8.6388e+03  3.3713e+07  7.6643e+03  8.6389e+03  
167         1.2380e+10  9.1347e+07  8.1568e+03  8.6434e+03  9.0895e+06  3.8960e+03  8.6434e+03  2.5856e+07  7.9338e+03  8.6435e+03  7.0888e+06  7.8706e+03  8.6435e+03  3.2945e+07  7.9202e+03  8.6436e+03  
168         1.2423e+10  8.7422e+07  8.4211e+03  8.6478e+03  8.5958e+06  4.0353e+03  8.6477e+03  2.5319e+07  8.1979e+03  8.6478e+03  6.8693e+06  8.1343e+03  8.6478e+03  3.2188e+07  8.1843e+03  8.6480e+03  
169         1.2466e+10  8.3656e+07  8.6938e+03  8.6517e+03  8.1278e+06  4.1792e+03  8.6517e+03  2.4786e+07  8.4703e+03  8.6518e+03  6.6558e+06  8.4064e+03  8.6518e+03  3.1442e+07  8.4568e+03  8.6520e+03  
170         1.2510e+10  8.0045e+07  8.9750e+03  8.6554e+03  7.6844e+06  4.3277e+03  8.6553e+03  2.4257e+07  8.7514e+03  8.6555e+03  6.4482e+06  8.6870e+03  8.6555e+03  3.0705e+07  8.7379e+03  8.6556e+03  
171         1.2555e+10  7.6582e+07  9.2649e+03  8.6586e+03  7.2644e+06  4.4810e+03  8.6586e+03  2.3734e+07  9.0413e+03  8.6587e+03  6.2464e+06  8.9765e+03  8.6587e+03  2.9980e+07  9.0278e+03  8.6589e+03  
172         1.2601e+10  7.3262e+07  9.5639e+03  8.6614e+03  6.8665e+06  4.6392e+03  8.6614e+03  2.3215e+07  9.3403e+03  8.6615e+03  6.0503e+06  9.2750e+03  8.6615e+03  2.9266e+07  9.3268e+03  8.6617e+03  
173         1.2647e+10  7.0081e+07  9.8721e+03  8.6638e+03  6.4898e+06  4.8024e+03  8.6638e+03  2.2703e+07  9.6486e+03  8.6639e+03  5.8597e+06  9.5827e+03  8.6639e+03  2.8562e+07  9.6351e+03  8.6641e+03  
174         1.2693e+10  6.7032e+07  1.0190e+04  8.6658e+03  6.1331e+06  4.9707e+03  8.6658e+03  2.2195e+07  9.9663e+03  8.6659e+03  5.6746e+06  9.9000e+03  8.6659e+03  2.7870e+07  9.9528e+03  8.6661e+03  
175         1.2741e+10  6.4111e+07  1.0517e+04  8.6673e+03  5.7954e+06  5.1442e+03  8.6673e+03  2.1694e+07  1.0294e+04  8.6674e+03  5.4948e+06  1.0227e+04  8.6674e+03  2.7189e+07  1.0280e+04  8.6676e+03  
176         1.2789e+10  6.1313e+07  1.0854e+04  8.6683e+03  5.4759e+06  5.3231e+03  8.6683e+03  2.1199e+07  1.0631e+04  8.6684e+03  5.3202e+06  1.0564e+04  8.6684e+03  2.6519e+07  1.0618e+04  8.6686e+03  
177         1.2837e+10  5.8634e+07  1.1202e+04  8.6688e+03  5.1735e+06  5.5073e+03  8.6688e+03  2.0710e+07  1.0979e+04  8.6689e+03  5.1507e+06  1.0911e+04  8.6689e+03  2.5861e+07  1.0965e+04  8.6691e+03  
178         1.2887e+10  5.6068e+07  1.1559e+04  8.6687e+03  4.8874e+06  5.6971e+03  8.6687e+03  2.0228e+07  1.1337e+04  8.6689e+03  4.9862e+06  1.1269e+04  8.6689e+03  2.5214e+07  1.1323e+04  8.6690e+03  
179         1.2937e+10  5.3612e+07  1.1928e+04  8.6682e+03  4.6168e+06  5.8925e+03  8.6681e+03  1.9752e+07  1.1706e+04  8.6683e+03  4.8265e+06  1.1637e+04  8.6683e+03  2.4579e+07  1.1692e+04  8.6685e+03  
180         1.2988e+10  5.1261e+07  1.2307e+04  8.6670e+03  4.3609e+06  6.0937e+03  8.6670e+03  1.9284e+07  1.2085e+04  8.6671e+03  4.6715e+06  1.2016e+04  8.6671e+03  2.3955e+07  1.2072e+04  8.6673e+03  
181         1.3040e+10  4.9010e+07  1.2697e+04  8.6652e+03  4.1188e+06  6.3007e+03  8.6652e+03  1.8822e+07  1.2476e+04  8.6653e+03  4.5212e+06  1.2406e+04  8.6653e+03  2.3343e+07  1.2463e+04  8.6655e+03  
182         1.3092e+10  4.6857e+07  1.3098e+04  8.6628e+03  3.8900e+06  6.5136e+03  8.6628e+03  1.8367e+07  1.2878e+04  8.6630e+03  4.3753e+06  1.2808e+04  8.6630e+03  2.2742e+07  1.2865e+04  8.6632e+03  
183         1.3145e+10  4.4797e+07  1.3512e+04  8.6598e+03  3.6737e+06  6.7326e+03  8.6598e+03  1.7920e+07  1.3292e+04  8.6599e+03  4.2338e+06  1.3221e+04  8.6599e+03  2.2153e+07  1.3279e+04  8.6601e+03  
184         1.3199e+10  4.2826e+07  1.3936e+04  8.6561e+03  3.4692e+06  6.9577e+03  8.6561e+03  1.7479e+07  1.3718e+04  8.6562e+03  4.0966e+06  1.3646e+04  8.6562e+03  2.1576e+07  1.3704e+04  8.6564e+03  
185         1.3254e+10  4.0940e+07  1.4373e+04  8.6517e+03  3.2759e+06  7.1890e+03  8.6517e+03  1.7047e+07  1.4156e+04  8.6518e+03  3.9636e+06  1.4083e+04  8.6518e+03  2.1010e+07  1.4142e+04  8.6520e+03  
186         1.3309e+10  3.9137e+07  1.4822e+04  8.6465e+03  3.0933e+06  7.4266e+03  8.6466e+03  1.6621e+07  1.4606e+04  8.6467e+03  3.8346e+06  1.4533e+04  8.6467e+03  2.0456e+07  1.4592e+04  8.6469e+03  
187         1.3366e+10  3.7413e+07  1.5284e+04  8.6406e+03  2.9208e+06  7.6706e+03  8.6407e+03  1.6204e+07  1.5069e+04  8.6408e+03  3.7096e+06  1.4995e+04  8.6408e+03  1.9913e+07  1.5055e+04  8.6410e+03  
188         1.3423e+10  3.5764e+07  1.5759e+04  8.6340e+03  2.7578e+06  7.9210e+03  8.6340e+03  1.5794e+07  1.5544e+04  8.6341e+03  3.5885e+06  1.5470e+04  8.6342e+03  1.9382e+07  1.5531e+04  8.6344e+03  
189         1.3481e+10  3.4187e+07  1.6246e+04  8.6265e+03  2.6038e+06  8.1780e+03  8.6266e+03  1.5391e+07  1.6033e+04  8.6267e+03  3.4711e+06  1.5958e+04  8.6267e+03  1.8862e+07  1.6019e+04  8.6269e+03  
190         1.3540e+10  3.2680e+07  1.6747e+04  8.6182e+03  2.4584e+06  8.4416e+03  8.6183e+03  1.4996e+07  1.6535e+04  8.6184e+03  3.3573e+06  1.6459e+04  8.6184e+03  1.8354e+07  1.6521e+04  8.6186e+03  
191         1.3599e+10  3.1239e+07  1.7261e+04  8.6091e+03  2.3211e+06  8.7119e+03  8.6092e+03  1.4609e+07  1.7051e+04  8.6093e+03  3.2471e+06  1.6974e+04  8.6093e+03  1.7856e+07  1.7037e+04  8.6095e+03  
192         1.3660e+10  2.9861e+07  1.7789e+04  8.5991e+03  2.1914e+06  8.9890e+03  8.5992e+03  1.4230e+07  1.7580e+04  8.5993e+03  3.1403e+06  1.7503e+04  8.5993e+03  1.7370e+07  1.7566e+04  8.5995e+03  
193         1.3722e+10  2.8545e+07  1.8331e+04  8.5881e+03  2.0689e+06  9.2729e+03  8.5883e+03  1.3858e+07  1.8124e+04  8.5883e+03  3.0369e+06  1.8046e+04  8.5883e+03  1.6895e+07  1.8110e+04  8.5886e+03  
194         1.3784e+10  2.7287e+07  1.8887e+04  8.5763e+03  1.9533e+06  9.5637e+03  8.5764e+03  1.3494e+07  1.8682e+04  8.5765e+03  2.9367e+06  1.8603e+04  8.5765e+03  1.6430e+07  1.8668e+04  8.5767e+03  
195         1.3847e+10  2.6084e+07  1.9457e+04  8.5635e+03  1.8442e+06  9.8614e+03  8.5637e+03  1.3137e+07  1.9254e+04  8.5637e+03  2.8397e+06  1.9175e+04  8.5637e+03  1.5977e+07  1.9240e+04  8.5639e+03  
196         1.3911e+10  2.4935e+07  2.0043e+04  8.5497e+03  1.7411e+06  1.0166e+04  8.5499e+03  1.2788e+07  1.9842e+04  8.5499e+03  2.7458e+06  1.9761e+04  8.5499e+03  1.5534e+07  1.9827e+04  8.5501e+03  
197         1.3977e+10  2.3837e+07  2.0643e+04  8.5348e+03  1.6438e+06  1.0478e+04  8.5351e+03  1.2447e+07  2.0444e+04  8.5351e+03  2.6549e+06  2.0363e+04  8.5351e+03  1.5102e+07  2.0430e+04  8.5353e+03  
198         1.4043e+10  2.2787e+07  2.1258e+04  8.5190e+03  1.5520e+06  1.0797e+04  8.5193e+03  1.2113e+07  2.1062e+04  8.5192e+03  2.5669e+06  2.0980e+04  8.5192e+03  1.4680e+07  2.1048e+04  8.5195e+03  
199         1.4110e+10  2.1785e+07  2.1889e+04  8.5021e+03  1.4654e+06  1.1123e+04  8.5024e+03  1.1786e+07  2.1695e+04  8.5023e+03  2.4817e+06  2.1613e+04  8.5023e+03  1.4268e+07  2.1681e+04  8.5026e+03  
200         1.4178e+10  2.0826e+07  2.2536e+04  8.4841e+03  1.3836e+06  1.1456e+04  8.4845e+03  1.1467e+07  2.2344e+04  8.4844e+03  2.3992e+06  2.2261e+04  8.4844e+03  1.3866e+07  2.2330e+04  8.4847e+03  
201         1.4247e+10  1.9911e+07  2.3199e+04  8.4651e+03  1.3064e+06  1.1796e+04  8.4655e+03  1.1155e+07  2.3009e+04  8.4653e+03  2.3194e+06  2.2926e+04  8.4653e+03  1.3475e+07  2.2995e+04  8.4656e+03  
202         1.4317e+10  1.9036e+07  2.3878e+04  8.4449e+03  1.2335e+06  1.2144e+04  8.4453e+03  1.0851e+07  2.3691e+04  8.4451e+03  2.2421e+06  2.3607e+04  8.4451e+03  1.3093e+07  2.3677e+04  8.4454e+03  
203         1.4388e+10  1.8200e+07  2.4573e+04  8.4235e+03  1.1648e+06  1.2499e+04  8.4240e+03  1.0553e+07  2.4389e+04  8.4238e+03  2.1674e+06  2.4304e+04  8.4238e+03  1.2721e+07  2.4375e+04  8.4241e+03  
204         1.4460e+10  1.7401e+07  2.5285e+04  8.4010e+03  1.0999e+06  1.2861e+04  8.4016e+03  1.0263e+07  2.5104e+04  8.4013e+03  2.0950e+06  2.5019e+04  8.4013e+03  1.2358e+07  2.5090e+04  8.4016e+03  
205         1.4533e+10  1.6638e+07  2.6014e+04  8.3773e+03  1.0386e+06  1.3231e+04  8.3780e+03  9.9793e+06  2.5837e+04  8.3776e+03  2.0250e+06  2.5750e+04  8.3776e+03  1.2004e+07  2.5822e+04  8.3779e+03  
206         1.4607e+10  1.5909e+07  2.6761e+04  8.3525e+03  9.8083e+05  1.3608e+04  8.3532e+03  9.7026e+06  2.6586e+04  8.3528e+03  1.9573e+06  2.6499e+04  8.3528e+03  1.1660e+07  2.6572e+04  8.3531e+03  
207         1.4683e+10  1.5212e+07  2.7525e+04  8.3264e+03  9.2628e+05  1.3992e+04  8.3272e+03  9.4326e+06  2.7354e+04  8.3267e+03  1.8918e+06  2.7266e+04  8.3267e+03  1.1324e+07  2.7339e+04  8.3270e+03  
208         1.4759e+10  1.4546e+07  2.8306e+04  8.2991e+03  8.7480e+05  1.4384e+04  8.3000e+03  9.1692e+06  2.8139e+04  8.2994e+03  1.8284e+06  2.8051e+04  8.2994e+03  1.0998e+07  2.8124e+04  8.2997e+03  
209         1.4837e+10  1.3909e+07  2.9106e+04  8.2706e+03  8.2621e+05  1.4783e+04  8.2716e+03  8.9123e+06  2.8943e+04  8.2709e+03  1.7671e+06  2.8854e+04  8.2709e+03  1.0679e+07  2.8928e+04  8.2712e+03  
210         1.4915e+10  1.3301e+07  2.9925e+04  8.2408e+03  7.8036e+05  1.5189e+04  8.2419e+03  8.6618e+06  2.9765e+04  8.2411e+03  1.7078e+06  2.9675e+04  8.2412e+03  1.0370e+07  2.9750e+04  8.2415e+03  
211         1.4995e+10  1.2720e+07  3.0762e+04  8.2098e+03  7.3707e+05  1.5604e+04  8.2110e+03  8.4175e+06  3.0606e+04  8.2101e+03  1.6504e+06  3.0516e+04  8.2102e+03  1.0068e+07  3.0591e+04  8.2105e+03  
212         1.5076e+10  1.2164e+07  3.1618e+04  8.1776e+03  6.9621e+05  1.6025e+04  8.1789e+03  8.1794e+06  3.1466e+04  8.1779e+03  1.5949e+06  3.1375e+04  8.1779e+03  9.7743e+06  3.1451e+04  8.1782e+03  
213         1.5158e+10  1.1633e+07  3.2493e+04  8.1440e+03  6.5765e+05  1.6454e+04  8.1455e+03  7.9474e+06  3.2346e+04  8.1444e+03  1.5412e+06  3.2255e+04  8.1444e+03  9.4885e+06  3.2331e+04  8.1447e+03  
214         1.5241e+10  1.1126e+07  3.3389e+04  8.1093e+03  6.2124e+05  1.6891e+04  8.1109e+03  7.7212e+06  3.3246e+04  8.1096e+03  1.4892e+06  3.3154e+04  8.1097e+03  9.2104e+06  3.3231e+04  8.1100e+03  
215         1.5326e+10  1.0641e+07  3.4304e+04  8.0733e+03  5.8687e+05  1.7335e+04  8.0750e+03  7.5008e+06  3.4166e+04  8.0736e+03  1.4390e+06  3.4073e+04  8.0737e+03  8.9398e+06  3.4151e+04  8.0740e+03  
216         1.5412e+10  1.0177e+07  3.5239e+04  8.0360e+03  5.5442e+05  1.7787e+04  8.0379e+03  7.2860e+06  3.5106e+04  8.0364e+03  1.3904e+06  3.5013e+04  8.0364e+03  8.6764e+06  3.5091e+04  8.0367e+03  
217         1.5499e+10  9.7333e+06  3.6196e+04  7.9975e+03  5.2378e+05  1.8247e+04  7.9995e+03  7.0767e+06  3.6068e+04  7.9979e+03  1.3434e+06  3.5974e+04  7.9979e+03  8.4201e+06  3.6053e+04  7.9982e+03  
218         1.5587e+10  9.3094e+06  3.7173e+04  7.9577e+03  4.9484e+05  1.8714e+04  7.9600e+03  6.8729e+06  3.7050e+04  7.9582e+03  1.2979e+06  3.6956e+04  7.9582e+03  8.1708e+06  3.7035e+04  7.9585e+03  
219         1.5677e+10  8.9040e+06  3.8172e+04  7.9168e+03  4.6752e+05  1.9190e+04  7.9192e+03  6.6743e+06  3.8055e+04  7.9172e+03  1.2539e+06  3.7960e+04  7.9172e+03  7.9282e+06  3.8040e+04  7.9176e+03  
220         1.5768e+10  8.5163e+06  3.9193e+04  7.8746e+03  4.4172e+05  1.9673e+04  7.8772e+03  6.4809e+06  3.9082e+04  7.8750e+03  1.2114e+06  3.8987e+04  7.8750e+03  7.6923e+06  3.9067e+04  7.8754e+03  
221         1.5860e+10  8.1456e+06  4.0237e+04  7.8312e+03  4.1734e+05  2.0163e+04  7.8340e+03  6.2925e+06  4.0131e+04  7.8316e+03  1.1702e+06  4.0036e+04  7.8316e+03  7.4627e+06  4.0116e+04  7.8320e+03  
222         1.5953e+10  7.7911e+06  4.1303e+04  7.7866e+03  3.9432e+05  2.0662e+04  7.7897e+03  6.1090e+06  4.1204e+04  7.7871e+03  1.1304e+06  4.1108e+04  7.7871e+03  7.2394e+06  4.1189e+04  7.7874e+03  
223         1.6048e+10  7.4520e+06  4.2393e+04  7.7409e+03  3.7257e+05  2.1169e+04  7.7442e+03  5.9303e+06  4.2300e+04  7.7413e+03  1.0919e+06  4.2204e+04  7.7413e+03  7.0222e+06  4.2285e+04  7.7417e+03  
224         1.6145e+10  7.1277e+06  4.3507e+04  7.6940e+03  3.5203e+05  2.1684e+04  7.6976e+03  5.7563e+06  4.3420e+04  7.6944e+03  1.0546e+06  4.3324e+04  7.6945e+03  6.8109e+06  4.3406e+04  7.6948e+03  
225         1.6242e+10  6.8175e+06  4.4645e+04  7.6459e+03  3.3262e+05  2.2208e+04  7.6499e+03  5.5868e+06  4.4566e+04  7.6464e+03  1.0186e+06  4.4468e+04  7.6464e+03  6.6053e+06  4.4551e+04  7.6468e+03  
226         1.6342e+10  6.5207e+06  4.5808e+04  7.5968e+03  3.1427e+05  2.2740e+04  7.6010e+03  5.4217e+06  4.5736e+04  7.5973e+03  9.8368e+05  4.5638e+04  7.5973e+03  6.4054e+06  4.5721e+04  7.5977e+03  
227         1.6442e+10  6.2367e+06  4.6996e+04  7.5466e+03  2.9694e+05  2.3280e+04  7.5511e+03  5.2610e+06  4.6932e+04  7.5471e+03  9.4994e+05  4.6834e+04  7.5471e+03  6.2109e+06  4.6917e+04  7.5475e+03  
228         1.6544e+10  5.9650e+06  4.8211e+04  7.4953e+03  2.8056e+05  2.3829e+04  7.5002e+03  5.1045e+06  4.8155e+04  7.4958e+03  9.1729e+05  4.8057e+04  7.4958e+03  6.0218e+06  4.8140e+04  7.4962e+03  
229         1.6648e+10  5.7051e+06  4.9453e+04  7.4430e+03  2.6507e+05  2.4386e+04  7.4483e+03  4.9521e+06  4.9405e+04  7.4435e+03  8.8570e+05  4.9306e+04  7.4435e+03  5.8378e+06  4.9390e+04  7.4439e+03  
230         1.6753e+10  5.4564e+06  5.0722e+04  7.3896e+03  2.5044e+05  2.4953e+04  7.3954e+03  4.8037e+06  5.0682e+04  7.3902e+03  8.5514e+05  5.0583e+04  7.3902e+03  5.6589e+06  5.0667e+04  7.3906e+03  
231         1.6860e+10  5.2183e+06  5.2019e+04  7.3353e+03  2.3660e+05  2.5529e+04  7.3415e+03  4.6592e+06  5.1988e+04  7.3359e+03  8.2558e+05  5.1889e+04  7.3360e+03  5.4848e+06  5.1973e+04  7.3363e+03  
232         1.6968e+10  4.9905e+06  5.3345e+04  7.2801e+03  2.2352e+05  2.6114e+04  7.2867e+03  4.5185e+06  5.3323e+04  7.2807e+03  7.9696e+05  5.3224e+04  7.2807e+03  5.3155e+06  5.3309e+04  7.2811e+03  
233         1.7078e+10  4.7725e+06  5.4701e+04  7.2239e+03  2.1115e+05  2.6709e+04  7.2310e+03  4.3816e+06  5.4689e+04  7.2246e+03  7.6928e+05  5.4589e+04  7.2246e+03  5.1508e+06  5.4674e+04  7.2249e+03  
234         1.7189e+10  4.5638e+06  5.6087e+04  7.1669e+03  1.9946e+05  2.7313e+04  7.1745e+03  4.2482e+06  5.6085e+04  7.1675e+03  7.4250e+05  5.5985e+04  7.1675e+03  4.9907e+06  5.6070e+04  7.1679e+03  
235         1.7302e+10  4.3641e+06  5.7505e+04  7.1090e+03  1.8841e+05  2.7927e+04  7.1171e+03  4.1184e+06  5.7513e+04  7.1096e+03  7.1658e+05  5.7413e+04  7.1096e+03  4.8349e+06  5.7498e+04  7.1100e+03  
236         1.7417e+10  4.1729e+06  5.8955e+04  7.0502e+03  1.7795e+05  2.8552e+04  7.0589e+03  3.9920e+06  5.8973e+04  7.0509e+03  6.9150e+05  5.8873e+04  7.0509e+03  4.6835e+06  5.8958e+04  7.0513e+03  
237         1.7533e+10  3.9899e+06  6.0437e+04  6.9907e+03  1.6806e+05  2.9187e+04  7.0000e+03  3.8689e+06  6.0466e+04  6.9914e+03  6.6723e+05  6.0367e+04  6.9914e+03  4.5361e+06  6.0452e+04  6.9918e+03  
238         1.7651e+10  3.8148e+06  6.1954e+04  6.9304e+03  1.5871e+05  2.9832e+04  6.9404e+03  3.7491e+06  6.1994e+04  6.9311e+03  6.4375e+05  6.1895e+04  6.9311e+03  4.3929e+06  6.1980e+04  6.9315e+03  
239         1.7771e+10  3.6471e+06  6.3505e+04  6.8693e+03  1.4987e+05  3.0489e+04  6.8800e+03  3.6325e+06  6.3558e+04  6.8701e+03  6.2103e+05  6.3458e+04  6.8701e+03  4.2536e+06  6.3543e+04  6.8705e+03  
240         1.7892e+10  3.4865e+06  6.5093e+04  6.8076e+03  1.4151e+05  3.1157e+04  6.8191e+03  3.5190e+06  6.5158e+04  6.8084e+03  5.9905e+05  6.5058e+04  6.8084e+03  4.1181e+06  6.5143e+04  6.8088e+03  
241         1.8015e+10  3.3329e+06  6.6717e+04  6.7452e+03  1.3360e+05  3.1837e+04  6.7574e+03  3.4086e+06  6.6795e+04  6.7460e+03  5.7778e+05  6.6695e+04  6.7460e+03  3.9863e+06  6.6780e+04  6.7464e+03  
242         1.8140e+10  3.1857e+06  6.8380e+04  6.6822e+03  1.2612e+05  3.2530e+04  6.6952e+03  3.3010e+06  6.8471e+04  6.6830e+03  5.5720e+05  6.8371e+04  6.6830e+03  3.8582e+06  6.8456e+04  6.6834e+03  
243         1.8267e+10  3.0449e+06  7.0082e+04  6.6186e+03  1.1904e+05  3.3234e+04  6.6325e+03  3.1964e+06  7.0186e+04  6.6194e+03  5.3729e+05  7.0086e+04  6.6194e+03  3.7337e+06  7.0172e+04  6.6198e+03  
244         1.8396e+10  2.9101e+06  7.1824e+04  6.5544e+03  1.1235e+05  3.3952e+04  6.5692e+03  3.0946e+06  7.1942e+04  6.5552e+03  5.1802e+05  7.1842e+04  6.5553e+03  3.6126e+06  7.1928e+04  6.5556e+03  
245         1.8527e+10  2.7810e+06  7.3607e+04  6.4897e+03  1.0602e+05  3.4683e+04  6.5055e+03  2.9955e+06  7.3741e+04  6.4905e+03  4.9938e+05  7.3641e+04  6.4906e+03  3.4949e+06  7.3726e+04  6.4909e+03  
246         1.8659e+10  2.6574e+06  7.5434e+04  6.4244e+03  1.0003e+05  3.5428e+04  6.4413e+03  2.8991e+06  7.5582e+04  6.4253e+03  4.8136e+05  7.5483e+04  6.4253e+03  3.3805e+06  7.5568e+04  6.4257e+03  
247         1.8794e+10  2.5391e+06  7.7305e+04  6.3587e+03  9.4368e+04  3.6188e+04  6.3767e+03  2.8054e+06  7.7469e+04  6.3596e+03  4.6391e+05  7.7369e+04  6.3597e+03  3.2693e+06  7.7455e+04  6.3600e+03  
248         1.8930e+10  2.4259e+06  7.9221e+04  6.2926e+03  8.9012e+04  3.6962e+04  6.3117e+03  2.7141e+06  7.9401e+04  6.2935e+03  4.4704e+05  7.9302e+04  6.2935e+03  3.1612e+06  7.9387e+04  6.2939e+03  
249         1.9068e+10  2.3175e+06  8.1184e+04  6.2260e+03  8.3947e+04  3.7753e+04  6.2464e+03  2.6254e+06  8.1381e+04  6.2270e+03  4.3073e+05  8.1282e+04  6.2270e+03  3.0561e+06  8.1367e+04  6.2274e+03  
250         1.9209e+10  2.2137e+06  8.3196e+04  6.1590e+03  7.9157e+04  3.8559e+04  6.1808e+03  2.5391e+06  8.3410e+04  6.1601e+03  4.1495e+05  8.3311e+04  6.1601e+03  2.9541e+06  8.3397e+04  6.1605e+03  
251         1.9351e+10  2.1144e+06  8.5257e+04  6.0918e+03  7.4628e+04  3.9382e+04  6.1148e+03  2.4552e+06  8.5490e+04  6.0928e+03  3.9968e+05  8.5391e+04  6.0928e+03  2.8549e+06  8.5476e+04  6.0932e+03  
252         1.9496e+10  2.0193e+06  8.7370e+04  6.0241e+03  7.0345e+04  4.0223e+04  6.0487e+03  2.3737e+06  8.7622e+04  6.0252e+03  3.8493e+05  8.7523e+04  6.0252e+03  2.7586e+06  8.7608e+04  6.0256e+03  
253         1.9643e+10  1.9283e+06  8.9536e+04  5.9562e+03  6.6296e+04  4.1083e+04  5.9823e+03  2.2944e+06  8.9807e+04  5.9574e+03  3.7066e+05  8.9709e+04  5.9574e+03  2.6650e+06  8.9793e+04  5.9578e+03  
254         1.9791e+10  1.8412e+06  9.1757e+04  5.8881e+03  6.2467e+04  4.1962e+04  5.9158e+03  2.2173e+06  9.2048e+04  5.8892e+03  3.5686e+05  9.1950e+04  5.8892e+03  2.5741e+06  9.2034e+04  5.8896e+03  
255         1.9942e+10  1.7579e+06  9.4034e+04  5.8196e+03  5.8848e+04  4.2861e+04  5.8491e+03  2.1424e+06  9.4346e+04  5.8208e+03  3.4352e+05  9.4248e+04  5.8209e+03  2.4859e+06  9.4333e+04  5.8213e+03  
256         2.0096e+10  1.6781e+06  9.6369e+04  5.7510e+03  5.5426e+04  4.3781e+04  5.7823e+03  2.0696e+06  9.6703e+04  5.7523e+03  3.3063e+05  9.6606e+04  5.7523e+03  2.4002e+06  9.6690e+04  5.7527e+03  
257         2.0251e+10  1.6018e+06  9.8765e+04  5.6822e+03  5.2192e+04  4.4723e+04  5.7154e+03  1.9989e+06  9.9121e+04  5.6835e+03  3.1817e+05  9.9024e+04  5.6835e+03  2.3170e+06  9.9108e+04  5.6839e+03  
258         2.0409e+10  1.5288e+06  1.0122e+05  5.6133e+03  4.9136e+04  4.5689e+04  5.6485e+03  1.9302e+06  1.0160e+05  5.6146e+03  3.0613e+05  1.0151e+05  5.6147e+03  2.2363e+06  1.0159e+05  5.6150e+03  
259         2.0569e+10  1.4589e+06  1.0374e+05  5.5442e+03  4.6248e+04  4.6679e+04  5.5816e+03  1.8635e+06  1.0415e+05  5.5456e+03  2.9449e+05  1.0405e+05  5.5456e+03  2.1579e+06  1.0413e+05  5.5460e+03  
260         2.0731e+10  1.3921e+06  1.0633e+05  5.4751e+03  4.3519e+04  4.7695e+04  5.5147e+03  1.7987e+06  1.0676e+05  5.4765e+03  2.8325e+05  1.0666e+05  5.4765e+03  2.0819e+06  1.0675e+05  5.4769e+03  
261         2.0896e+10  1.3282e+06  1.0899e+05  5.4059e+03  4.0941e+04  4.8739e+04  5.4478e+03  1.7358e+06  1.0944e+05  5.4073e+03  2.7239e+05  1.0935e+05  5.4073e+03  2.0082e+06  1.0943e+05  5.4077e+03  
262         2.1063e+10  1.2670e+06  1.1172e+05  5.3366e+03  3.8506e+04  4.9810e+04  5.3810e+03  1.6747e+06  1.1220e+05  5.3381e+03  2.6190e+05  1.1210e+05  5.3381e+03  1.9366e+06  1.1218e+05  5.3385e+03  
263         2.1232e+10  1.2085e+06  1.1451e+05  5.2673e+03  3.6206e+04  5.0912e+04  5.3143e+03  1.6155e+06  1.1502e+05  5.2689e+03  2.5176e+05  1.1493e+05  5.2689e+03  1.8672e+06  1.1501e+05  5.2693e+03  
264         2.1404e+10  1.1526e+06  1.1739e+05  5.1980e+03  3.4034e+04  5.2046e+04  5.2478e+03  1.5580e+06  1.1792e+05  5.1997e+03  2.4198e+05  1.1783e+05  5.1997e+03  1.8000e+06  1.1791e+05  5.2001e+03  
265         2.1579e+10  1.0991e+06  1.2034e+05  5.1288e+03  3.1984e+04  5.3214e+04  5.1815e+03  1.5022e+06  1.2091e+05  5.1305e+03  2.3254e+05  1.2081e+05  5.1305e+03  1.7348e+06  1.2089e+05  5.1309e+03  
266         2.1756e+10  1.0480e+06  1.2337e+05  5.0596e+03  3.0048e+04  5.4417e+04  5.1153e+03  1.4481e+06  1.2397e+05  5.0614e+03  2.2342e+05  1.2387e+05  5.0614e+03  1.6715e+06  1.2396e+05  5.0618e+03  
267         2.1936e+10  9.9914e+05  1.2649e+05  4.9905e+03  2.8221e+04  5.5659e+04  5.0494e+03  1.3957e+06  1.2711e+05  4.9923e+03  2.1462e+05  1.2702e+05  4.9923e+03  1.6103e+06  1.2710e+05  4.9927e+03  
268         2.2118e+10  9.5242e+05  1.2969e+05  4.9215e+03  2.6497e+04  5.6940e+04  4.9837e+03  1.3448e+06  1.3035e+05  4.9234e+03  2.0613e+05  1.3025e+05  4.9234e+03  1.5510e+06  1.3033e+05  4.9238e+03  
269         2.2303e+10  9.0776e+05  1.3298e+05  4.8527e+03  2.4871e+04  5.8263e+04  4.9183e+03  1.2956e+06  1.3367e+05  4.8546e+03  1.9794e+05  1.3358e+05  4.8546e+03  1.4935e+06  1.3366e+05  4.8550e+03  
270         2.2491e+10  8.6509e+05  1.3635e+05  4.7840e+03  2.3337e+04  5.9632e+04  4.8532e+03  1.2478e+06  1.3708e+05  4.7860e+03  1.9003e+05  1.3699e+05  4.7860e+03  1.4378e+06  1.3707e+05  4.7864e+03  
271         2.2681e+10  8.2431e+05  1.3983e+05  4.7155e+03  2.1891e+04  6.1048e+04  4.7885e+03  1.2016e+06  1.4059e+05  4.7175e+03  1.8241e+05  1.4050e+05  4.7176e+03  1.3840e+06  1.4058e+05  4.7180e+03  
272         2.2874e+10  7.8535e+05  1.4340e+05  4.6471e+03  2.0527e+04  6.2516e+04  4.7242e+03  1.1568e+06  1.4419e+05  4.6493e+03  1.7506e+05  1.4410e+05  4.6493e+03  1.3318e+06  1.4418e+05  4.6497e+03  
273         2.3070e+10  7.4813e+05  1.4706e+05  4.5790e+03  1.9242e+04  6.4037e+04  4.6602e+03  1.1134e+06  1.4790e+05  4.5813e+03  1.6798e+05  1.4781e+05  4.5813e+03  1.2813e+06  1.4789e+05  4.5817e+03  
274         2.3269e+10  7.1258e+05  1.5084e+05  4.5112e+03  1.8030e+04  6.5615e+04  4.5966e+03  1.0714e+06  1.5171e+05  4.5135e+03  1.6115e+05  1.5162e+05  4.5135e+03  1.2325e+06  1.5170e+05  4.5140e+03  
275         2.3471e+10  6.7863e+05  1.5472e+05  4.4436e+03  1.6889e+04  6.7254e+04  4.5335e+03  1.0307e+06  1.5563e+05  4.4461e+03  1.5457e+05  1.5554e+05  4.4461e+03  1.1853e+06  1.5562e+05  4.4465e+03  
276         2.3675e+10  6.4622e+05  1.5870e+05  4.3764e+03  1.5815e+04  6.8958e+04  4.4708e+03  9.9140e+05  1.5966e+05  4.3789e+03  1.4822e+05  1.5957e+05  4.3789e+03  1.1396e+06  1.5965e+05  4.3793e+03  
277         2.3883e+10  6.1527e+05  1.6281e+05  4.3094e+03  1.4803e+04  7.0731e+04  4.4087e+03  9.5337e+05  1.6381e+05  4.3120e+03  1.4212e+05  1.6372e+05  4.3120e+03  1.0955e+06  1.6380e+05  4.3124e+03  
278         2.4094e+10  5.8572e+05  1.6702e+05  4.2428e+03  1.3851e+04  7.2577e+04  4.3470e+03  9.1658e+05  1.6807e+05  4.2455e+03  1.3623e+05  1.6798e+05  4.2455e+03  1.0528e+06  1.6806e+05  4.2459e+03  
279         2.4308e+10  5.5752e+05  1.7136e+05  4.1765e+03  1.2955e+04  7.4500e+04  4.2858e+03  8.8102e+05  1.7246e+05  4.1793e+03  1.3057e+05  1.7237e+05  4.1793e+03  1.0116e+06  1.7244e+05  4.1797e+03  
280         2.4525e+10  5.3061e+05  1.7583e+05  4.1106e+03  1.2113e+04  7.6507e+04  4.2252e+03  8.4665e+05  1.7697e+05  4.1135e+03  1.2511e+05  1.7688e+05  4.1135e+03  9.7176e+05  1.7696e+05  4.1140e+03  
281         2.4745e+10  5.0493e+05  1.8042e+05  4.0451e+03  1.1321e+04  7.8601e+04  4.1651e+03  8.1343e+05  1.8161e+05  4.0481e+03  1.1986e+05  1.8152e+05  4.0481e+03  9.3330e+05  1.8160e+05  4.0486e+03  
282         2.4968e+10  4.8043e+05  1.8514e+05  3.9800e+03  1.0576e+04  8.0790e+04  4.1056e+03  7.8135e+05  1.8638e+05  3.9832e+03  1.1481e+05  1.8630e+05  3.9832e+03  8.9617e+05  1.8637e+05  3.9836e+03  
283         2.5195e+10  4.5706e+05  1.9000e+05  3.9154e+03  9.8768e+03  8.3077e+04  4.0466e+03  7.5037e+05  1.9129e+05  3.9187e+03  1.0996e+05  1.9121e+05  3.9187e+03  8.6033e+05  1.9128e+05  3.9191e+03  
284         2.5424e+10  4.3478e+05  1.9500e+05  3.8512e+03  9.2200e+03  8.5470e+04  3.9882e+03  7.2046e+05  1.9635e+05  3.8546e+03  1.0528e+05  1.9626e+05  3.8546e+03  8.2574e+05  1.9634e+05  3.8551e+03  
285         2.5658e+10  4.1353e+05  2.0014e+05  3.7874e+03  8.6035e+03  8.7975e+04  3.9304e+03  6.9159e+05  2.0155e+05  3.7910e+03  1.0079e+05  2.0146e+05  3.7911e+03  7.9238e+05  2.0154e+05  3.7915e+03  
286         2.5894e+10  3.9327e+05  2.0544e+05  3.7242e+03  8.0251e+03  9.0598e+04  3.8732e+03  6.6373e+05  2.0690e+05  3.7280e+03  9.6472e+04  2.0682e+05  3.7280e+03  7.6021e+05  2.0689e+05  3.7284e+03  
287         2.6134e+10  3.7395e+05  2.1088e+05  3.6615e+03  7.4827e+03  9.3348e+04  3.8166e+03  6.3686e+05  2.1240e+05  3.6654e+03  9.2321e+04  2.1232e+05  3.6654e+03  7.2919e+05  2.1239e+05  3.6659e+03  
288         2.6378e+10  3.5555e+05  2.1649e+05  3.5993e+03  6.9742e+03  9.6231e+04  3.7606e+03  6.1095e+05  2.1807e+05  3.6034e+03  8.8332e+04  2.1799e+05  3.6034e+03  6.9929e+05  2.1806e+05  3.6039e+03  
289         2.6625e+10  3.3801e+05  2.2225e+05  3.5377e+03  6.4978e+03  9.9255e+04  3.7051e+03  5.8598e+05  2.2390e+05  3.5419e+03  8.4501e+04  2.2382e+05  3.5420e+03  6.7048e+05  2.2389e+05  3.5424e+03  
290         2.6876e+10  3.2129e+05  2.2819e+05  3.4766e+03  6.0517e+03  1.0243e+05  3.6502e+03  5.6190e+05  2.2989e+05  3.4811e+03  8.0822e+04  2.2982e+05  3.4811e+03  6.4272e+05  2.2988e+05  3.4815e+03  
291         2.7130e+10  3.0537e+05  2.3430e+05  3.4161e+03  5.6341e+03  1.0576e+05  3.5959e+03  5.3871e+05  2.3607e+05  3.4208e+03  7.7289e+04  2.3599e+05  3.4208e+03  6.1600e+05  2.3606e+05  3.4212e+03  
292         2.7388e+10  2.9021e+05  2.4058e+05  3.3562e+03  5.2435e+03  1.0926e+05  3.5421e+03  5.1637e+05  2.4242e+05  3.3611e+03  7.3898e+04  2.4234e+05  3.3611e+03  5.9027e+05  2.4241e+05  3.3615e+03  
293         2.7650e+10  2.7577e+05  2.4704e+05  3.2969e+03  4.8783e+03  1.1293e+05  3.4888e+03  4.9486e+05  2.4895e+05  3.3020e+03  7.0644e+04  2.4888e+05  3.3020e+03  5.6550e+05  2.4894e+05  3.3024e+03  
294         2.7916e+10  2.6202e+05  2.5370e+05  3.2383e+03  4.5370e+03  1.1679e+05  3.4361e+03  4.7415e+05  2.5568e+05  3.2436e+03  6.7522e+04  2.5560e+05  3.2436e+03  5.4167e+05  2.5567e+05  3.2440e+03  
295         2.8186e+10  2.4894e+05  2.6054e+05  3.1803e+03  4.2183e+03  1.2085e+05  3.3839e+03  4.5422e+05  2.6259e+05  3.1858e+03  6.4528e+04  2.6252e+05  3.1858e+03  5.1875e+05  2.6258e+05  3.1862e+03  
296         2.8459e+10  2.3648e+05  2.6758e+05  3.1229e+03  3.9208e+03  1.2510e+05  3.3322e+03  4.3505e+05  2.6971e+05  3.1286e+03  6.1656e+04  2.6964e+05  3.1286e+03  4.9671e+05  2.6970e+05  3.1291e+03  
297         2.8737e+10  2.2462e+05  2.7482e+05  3.0662e+03  3.6433e+03  1.2958e+05  3.2809e+03  4.1662e+05  2.7703e+05  3.0722e+03  5.8904e+04  2.7696e+05  3.0722e+03  4.7552e+05  2.7702e+05  3.0727e+03  
298         2.9018e+10  2.1335e+05  2.8227e+05  3.0102e+03  3.3845e+03  1.3427e+05  3.2301e+03  3.9889e+05  2.8456e+05  3.0164e+03  5.6266e+04  2.8449e+05  3.0164e+03  4.5515e+05  2.8455e+05  3.0169e+03  
299         2.9304e+10  2.0262e+05  2.8994e+05  2.9548e+03  3.1434e+03  1.3921e+05  3.1796e+03  3.8185e+05  2.9230e+05  2.9614e+03  5.3738e+04  2.9223e+05  2.9614e+03  4.3559e+05  2.9229e+05  2.9619e+03  
300         2.9594e+10  1.9241e+05  2.9782e+05  2.9002e+03  2.9188e+03  1.4438e+05  3.1296e+03  3.6548e+05  3.0027e+05  2.9071e+03  5.1317e+04  3.0020e+05  2.9071e+03  4.1679e+05  3.0026e+05  2.9075e+03  
301         2.9888e+10  1.8270e+05  3.0592e+05  2.8463e+03  2.7097e+03  1.4982e+05  3.0799e+03  3.4975e+05  3.0846e+05  2.8535e+03  4.8998e+04  3.0839e+05  2.8535e+03  3.9875e+05  3.0845e+05  2.8539e+03  
302         3.0186e+10  1.7348e+05  3.1426e+05  2.7931e+03  2.5152e+03  1.5552e+05  3.0306e+03  3.3465e+05  3.1688e+05  2.8006e+03  4.6777e+04  3.1681e+05  2.8006e+03  3.8142e+05  3.1687e+05  2.8011e+03  
303         3.0489e+10  1.6470e+05  3.2283e+05  2.7406e+03  2.3344e+03  1.6150e+05  2.9816e+03  3.2014e+05  3.2554e+05  2.7485e+03  4.4652e+04  3.2547e+05  2.7485e+03  3.6480e+05  3.2553e+05  2.7490e+03  
304         3.0796e+10  1.5636e+05  3.3164e+05  2.6888e+03  2.1663e+03  1.6777e+05  2.9329e+03  3.0623e+05  3.3444e+05  2.6971e+03  4.2618e+04  3.3437e+05  2.6971e+03  3.4884e+05  3.3443e+05  2.6976e+03  
305         3.1108e+10  1.4844e+05  3.4069e+05  2.6379e+03  2.0101e+03  1.7433e+05  2.8844e+03  2.9287e+05  3.4358e+05  2.6465e+03  4.0672e+04  3.4352e+05  2.6465e+03  3.3354e+05  3.4357e+05  2.6470e+03  
306         3.1424e+10  1.4090e+05  3.4999e+05  2.5876e+03  1.8651e+03  1.8120e+05  2.8362e+03  2.8006e+05  3.5298e+05  2.5967e+03  3.8811e+04  3.5292e+05  2.5967e+03  3.1887e+05  3.5297e+05  2.5972e+03  
307         3.1745e+10  1.3375e+05  3.5955e+05  2.5381e+03  1.7305e+03  1.8840e+05  2.7883e+03  2.6778e+05  3.6264e+05  2.5476e+03  3.7031e+04  3.6257e+05  2.5476e+03  3.0481e+05  3.6263e+05  2.5481e+03  
308         3.2070e+10  1.2695e+05  3.6937e+05  2.4894e+03  1.6056e+03  1.9592e+05  2.7405e+03  2.5600e+05  3.7256e+05  2.4994e+03  3.5329e+04  3.7249e+05  2.4994e+03  2.9133e+05  3.7255e+05  2.4999e+03  
309         3.2401e+10  1.2049e+05  3.7946e+05  2.4414e+03  1.4898e+03  2.0378e+05  2.6930e+03  2.4471e+05  3.8274e+05  2.4519e+03  3.3702e+04  3.8268e+05  2.4519e+03  2.7841e+05  3.8274e+05  2.4524e+03  
310         3.2736e+10  1.1436e+05  3.8982e+05  2.3943e+03  1.3824e+03  2.1199e+05  2.6457e+03  2.3389e+05  3.9320e+05  2.4052e+03  3.2148e+04  3.9314e+05  2.4052e+03  2.6604e+05  3.9320e+05  2.4057e+03  
311         3.3076e+10  1.0854e+05  4.0046e+05  2.3478e+03  1.2829e+03  2.2056e+05  2.5985e+03  2.2353e+05  4.0394e+05  2.3593e+03  3.0663e+04  4.0388e+05  2.3593e+03  2.5419e+05  4.0394e+05  2.3598e+03  
312         3.3420e+10  1.0301e+05  4.1137e+05  2.3022e+03  1.1907e+03  2.2950e+05  2.5516e+03  2.1360e+05  4.1497e+05  2.3142e+03  2.9244e+04  4.1491e+05  2.3142e+03  2.4285e+05  4.1496e+05  2.3147e+03  
313         3.3770e+10  9.7761e+04  4.2258e+05  2.2573e+03  1.1052e+03  2.3881e+05  2.5048e+03  2.0410e+05  4.2628e+05  2.2699e+03  2.7889e+04  4.2622e+05  2.2699e+03  2.3199e+05  4.2627e+05  2.2705e+03  
314         3.4126e+10  9.2779e+04  4.3407e+05  2.2132e+03  1.0261e+03  2.4850e+05  2.4582e+03  1.9500e+05  4.3788e+05  2.2265e+03  2.6595e+04  4.3783e+05  2.2265e+03  2.2159e+05  4.3788e+05  2.2270e+03  
315         3.4486e+10  8.8051e+04  4.4587e+05  2.1699e+03  9.5281e+02  2.5858e+05  2.4119e+03  1.8629e+05  4.4979e+05  2.1838e+03  2.5360e+04  4.4973e+05  2.1838e+03  2.1165e+05  4.4978e+05  2.1843e+03  
316         3.4851e+10  8.3564e+04  4.5796e+05  2.1274e+03  8.8495e+02  2.6907e+05  2.3657e+03  1.7796e+05  4.6199e+05  2.1419e+03  2.4181e+04  4.6194e+05  2.1419e+03  2.0214e+05  4.6199e+05  2.1425e+03  
317         3.5222e+10  7.9305e+04  4.7036e+05  2.0856e+03  8.2213e+02  2.7995e+05  2.3198e+03  1.6999e+05  4.7451e+05  2.1008e+03  2.3056e+04  4.7445e+05  2.1008e+03  1.9305e+05  4.7450e+05  2.1014e+03  
318         3.5598e+10  7.5265e+04  4.8307e+05  2.0446e+03  7.6397e+02  2.9125e+05  2.2741e+03  1.6237e+05  4.8733e+05  2.0606e+03  2.1982e+04  4.8728e+05  2.0606e+03  1.8435e+05  4.8733e+05  2.0611e+03  
319         3.5980e+10  7.1432e+04  4.9610e+05  2.0043e+03  7.1011e+02  3.0296e+05  2.2287e+03  1.5508e+05  5.0047e+05  2.0211e+03  2.0958e+04  5.0042e+05  2.0211e+03  1.7604e+05  5.0047e+05  2.0216e+03  
320         3.6367e+10  6.7796e+04  5.0944e+05  1.9648e+03  6.6025e+02  3.1510e+05  2.1835e+03  1.4811e+05  5.1394e+05  1.9824e+03  1.9981e+04  5.1388e+05  1.9824e+03  1.6809e+05  5.1393e+05  1.9830e+03  
321         3.6760e+10  6.4347e+04  5.2311e+05  1.9261e+03  6.1409e+02  3.2767e+05  2.1387e+03  1.4145e+05  5.2772e+05  1.9445e+03  1.9049e+04  5.2767e+05  1.9445e+03  1.6050e+05  5.2772e+05  1.9451e+03  
322         3.7159e+10  6.1076e+04  5.3710e+05  1.8881e+03  5.7135e+02  3.4066e+05  2.0942e+03  1.3508e+05  5.4184e+05  1.9074e+03  1.8161e+04  5.4179e+05  1.9074e+03  1.5324e+05  5.4183e+05  1.9080e+03  
323         3.7564e+10  5.7973e+04  5.5143e+05  1.8508e+03  5.3176e+02  3.5409e+05  2.0500e+03  1.2900e+05  5.5629e+05  1.8711e+03  1.7314e+04  5.5624e+05  1.8711e+03  1.4631e+05  5.5628e+05  1.8717e+03  
324         3.7974e+10  5.5030e+04  5.6609e+05  1.8142e+03  4.9510e+02  3.6796e+05  2.0062e+03  1.2318e+05  5.7107e+05  1.8355e+03  1.6506e+04  5.7102e+05  1.8355e+03  1.3969e+05  5.7106e+05  1.8361e+03  
325         3.8391e+10  5.2239e+04  5.8108e+05  1.7784e+03  4.6113e+02  3.8228e+05  1.9628e+03  1.1763e+05  5.8619e+05  1.8007e+03  1.5737e+04  5.8614e+05  1.8007e+03  1.3337e+05  5.8619e+05  1.8013e+03  
326         3.8813e+10  4.9593e+04  5.9642e+05  1.7433e+03  4.2967e+02  3.9703e+05  1.9198e+03  1.1233e+05  6.0166e+05  1.7667e+03  1.5003e+04  6.0161e+05  1.7667e+03  1.2733e+05  6.0165e+05  1.7673e+03  
327         3.9242e+10  4.7083e+04  6.1211e+05  1.7089e+03  4.0050e+02  4.1223e+05  1.8772e+03  1.0726e+05  6.1747e+05  1.7334e+03  1.4304e+04  6.1742e+05  1.7334e+03  1.2157e+05  6.1746e+05  1.7340e+03  
328         3.9677e+10  4.4703e+04  6.2814e+05  1.6752e+03  3.7347e+02  4.2789e+05  1.8352e+03  1.0243e+05  6.3363e+05  1.7009e+03  1.3638e+04  6.3358e+05  1.7009e+03  1.1606e+05  6.3362e+05  1.7015e+03  
329         4.0118e+10  4.2447e+04  6.4452e+05  1.6422e+03  3.4840e+02  4.4399e+05  1.7936e+03  9.7809e+04  6.5014e+05  1.6691e+03  1.3003e+04  6.5010e+05  1.6691e+03  1.1081e+05  6.5013e+05  1.6697e+03  
330         4.0566e+10  4.0307e+04  6.6126e+05  1.6098e+03  3.2515e+02  4.6054e+05  1.7526e+03  9.3401e+04  6.6701e+05  1.6380e+03  1.2398e+04  6.6696e+05  1.6380e+03  1.0580e+05  6.6700e+05  1.6386e+03  
331         4.1020e+10  3.8278e+04  6.7835e+05  1.5781e+03  3.0357e+02  4.7754e+05  1.7121e+03  8.9193e+04  6.8423e+05  1.6076e+03  1.1821e+04  6.8419e+05  1.6076e+03  1.0101e+05  6.8422e+05  1.6082e+03  
332         4.1481e+10  3.6354e+04  6.9581e+05  1.5471e+03  2.8355e+02  4.9499e+05  1.6721e+03  8.5176e+04  7.0181e+05  1.5780e+03  1.1272e+04  7.0177e+05  1.5779e+03  9.6449e+04  7.0181e+05  1.5786e+03  
333         4.1949e+10  3.4530e+04  7.1362e+05  1.5167e+03  2.6496e+02  5.1290e+05  1.6328e+03  8.1343e+04  7.1976e+05  1.5490e+03  1.0749e+04  7.1972e+05  1.5490e+03  9.2092e+04  7.1976e+05  1.5496e+03  
334         4.2423e+10  3.2800e+04  7.3180e+05  1.4869e+03  2.4769e+02  5.3125e+05  1.5940e+03  7.7684e+04  7.3807e+05  1.5207e+03  1.0251e+04  7.3803e+05  1.5207e+03  8.7935e+04  7.3807e+05  1.5214e+03  
335         4.2905e+10  3.1159e+04  7.5035e+05  1.4577e+03  2.3164e+02  5.5006e+05  1.5559e+03  7.4193e+04  7.5675e+05  1.4931e+03  9.7763e+03  7.5671e+05  1.4931e+03  8.3969e+04  7.5675e+05  1.4937e+03  
336         4.3393e+10  2.9603e+04  7.6926e+05  1.4292e+03  2.1673e+02  5.6932e+05  1.5184e+03  7.0861e+04  7.7580e+05  1.4662e+03  9.3242e+03  7.7576e+05  1.4661e+03  8.0185e+04  7.7579e+05  1.4668e+03  
337         4.3888e+10  2.8128e+04  7.8854e+05  1.4012e+03  2.0286e+02  5.8902e+05  1.4815e+03  6.7682e+04  7.9522e+05  1.4399e+03  8.8935e+03  7.9518e+05  1.4398e+03  7.6575e+04  7.9521e+05  1.4405e+03  
338         4.4391e+10  2.6729e+04  8.0820e+05  1.3738e+03  1.8996e+02  6.0918e+05  1.4453e+03  6.4648e+04  8.1501e+05  1.4142e+03  8.4833e+03  8.1497e+05  1.4142e+03  7.3131e+04  8.1501e+05  1.4149e+03  
339         4.4901e+10  2.5402e+04  8.2824e+05  1.3470e+03  1.7795e+02  6.2978e+05  1.4098e+03  6.1754e+04  8.3518e+05  1.3892e+03  8.0925e+03  8.3514e+05  1.3891e+03  6.9846e+04  8.3518e+05  1.3898e+03  
340         4.5419e+10  2.4143e+04  8.4865e+05  1.3207e+03  1.6677e+02  6.5083e+05  1.3749e+03  5.8992e+04  8.5573e+05  1.3647e+03  7.7203e+03  8.5569e+05  1.3647e+03  6.6712e+04  8.5572e+05  1.3654e+03  
341         4.5944e+10  2.2949e+04  8.6943e+05  1.2950e+03  1.5635e+02  6.7233e+05  1.3407e+03  5.6356e+04  8.7665e+05  1.3409e+03  7.3657e+03  8.7662e+05  1.3409e+03  6.3722e+04  8.7665e+05  1.3416e+03  
342         4.6477e+10  2.1816e+04  8.9060e+05  1.2698e+03  1.4665e+02  6.9427e+05  1.3072e+03  5.3842e+04  8.9796e+05  1.3177e+03  7.0279e+03  8.9792e+05  1.3177e+03  6.0870e+04  8.9796e+05  1.3184e+03  
343         4.7017e+10  2.0742e+04  9.1216e+05  1.2451e+03  1.3760e+02  7.1665e+05  1.2744e+03  5.1443e+04  9.1965e+05  1.2951e+03  6.7061e+03  9.1961e+05  1.2950e+03  5.8149e+04  9.1964e+05  1.2958e+03  
344         4.7566e+10  1.9722e+04  9.3409e+05  1.2209e+03  1.2916e+02  7.3947e+05  1.2422e+03  4.9153e+04  9.4172e+05  1.2730e+03  6.3996e+03  9.4169e+05  1.2729e+03  5.5553e+04  9.4172e+05  1.2737e+03  
345         4.8122e+10  1.8755e+04  9.5642e+05  1.1972e+03  1.2128e+02  7.6274e+05  1.2107e+03  4.6969e+04  9.6418e+05  1.2515e+03  6.1075e+03  9.6415e+05  1.2514e+03  5.3076e+04  9.6418e+05  1.2522e+03  
346         4.8687e+10  1.7837e+04  9.7913e+05  1.1740e+03  1.1393e+02  7.8644e+05  1.1799e+03  4.4885e+04  9.8703e+05  1.2305e+03  5.8293e+03  9.8700e+05  1.2304e+03  5.0714e+04  9.8703e+05  1.2312e+03  
347         4.9260e+10  1.6966e+04  1.0022e+06  1.1512e+03  1.0706e+02  8.1059e+05  1.1498e+03  4.2896e+04  1.0103e+06  1.2100e+03  5.5642e+03  1.0102e+06  1.2100e+03  4.8460e+04  1.0103e+06  1.2108e+03  
348         4.9841e+10  1.6139e+04  1.0257e+06  1.1289e+03  1.0065e+02  8.3517e+05  1.1204e+03  4.0998e+04  1.0339e+06  1.1901e+03  5.3115e+03  1.0339e+06  1.1901e+03  4.6309e+04  1.0339e+06  1.1909e+03  
349         5.0431e+10  1.5354e+04  1.0496e+06  1.1070e+03  9.4652e+01  8.6018e+05  1.0916e+03  3.9186e+04  1.0579e+06  1.1707e+03  5.0708e+03  1.0579e+06  1.1707e+03  4.4257e+04  1.0579e+06  1.1715e+03  
350         5.1029e+10  1.4609e+04  1.0739e+06  1.0856e+03  8.9043e+01  8.8563e+05  1.0634e+03  3.7458e+04  1.0823e+06  1.1518e+03  4.8414e+03  1.0823e+06  1.1517e+03  4.2299e+04  1.0823e+06  1.1525e+03  
351         5.1636e+10  1.3902e+04  1.0986e+06  1.0646e+03  8.3796e+01  9.1152e+05  1.0360e+03  3.5808e+04  1.1072e+06  1.1333e+03  4.6228e+03  1.1071e+06  1.1333e+03  4.0431e+04  1.1072e+06  1.1341e+03  
352         5.2252e+10  1.3230e+04  1.1236e+06  1.0440e+03  7.8884e+01  9.3784e+05  1.0092e+03  3.4234e+04  1.1324e+06  1.1154e+03  4.4144e+03  1.1323e+06  1.1153e+03  3.8648e+04  1.1324e+06  1.1162e+03  
353         5.2877e+10  1.2592e+04  1.1491e+06  1.0238e+03  7.4285e+01  9.6459e+05  9.8297e+02  3.2731e+04  1.1580e+06  1.0979e+03  4.2158e+03  1.1580e+06  1.0978e+03  3.6946e+04  1.1580e+06  1.0987e+03  
354         5.3511e+10  1.1987e+04  1.1750e+06  1.0040e+03  6.9976e+01  9.9177e+05  9.5741e+02  3.1296e+04  1.1840e+06  1.0808e+03  4.0265e+03  1.1840e+06  1.0808e+03  3.5322e+04  1.1840e+06  1.0816e+03  
355         5.4154e+10  1.1411e+04  1.2013e+06  9.8461e+02  6.5939e+01  1.0194e+06  9.3247e+02  2.9926e+04  1.2104e+06  1.0642e+03  3.8460e+03  1.2104e+06  1.0642e+03  3.3772e+04  1.2104e+06  1.0650e+03  
356         5.4807e+10  1.0865e+04  1.2280e+06  9.6555e+02  6.2153e+01  1.0474e+06  9.0814e+02  2.8619e+04  1.2373e+06  1.0480e+03  3.6739e+03  1.2372e+06  1.0480e+03  3.2292e+04  1.2373e+06  1.0489e+03  
357         5.5469e+10  1.0345e+04  1.2551e+06  9.4686e+02  5.8603e+01  1.0759e+06  8.8441e+02  2.7370e+04  1.2645e+06  1.0323e+03  3.5098e+03  1.2645e+06  1.0322e+03  3.0880e+04  1.2645e+06  1.0331e+03  
358         5.6141e+10  9.8521e+03  1.2826e+06  9.2851e+02  5.5271e+01  1.1048e+06  8.6127e+02  2.6178e+04  1.2922e+06  1.0169e+03  3.3533e+03  1.2921e+06  1.0168e+03  2.9531e+04  1.2922e+06  1.0178e+03  
359         5.6823e+10  9.3832e+03  1.3105e+06  9.1051e+02  5.2144e+01  1.1342e+06  8.3871e+02  2.5040e+04  1.3202e+06  1.0019e+03  3.2040e+03  1.3202e+06  1.0019e+03  2.8244e+04  1.3202e+06  1.0028e+03  
360         5.7514e+10  8.9375e+03  1.3388e+06  8.9284e+02  4.9208e+01  1.1640e+06  8.1671e+02  2.3953e+04  1.3487e+06  9.8736e+02  3.0617e+03  1.3487e+06  9.8731e+02  2.7015e+04  1.3487e+06  9.8825e+02  
361         5.8216e+10  8.5139e+03  1.3676e+06  8.7549e+02  4.6449e+01  1.1942e+06  7.9527e+02  2.2915e+04  1.3776e+06  9.7316e+02  2.9259e+03  1.3776e+06  9.7311e+02  2.5841e+04  1.3776e+06  9.7407e+02  
362         5.8928e+10  8.1112e+03  1.3968e+06  8.5846e+02  4.3857e+01  1.2249e+06  7.7437e+02  2.1923e+04  1.4069e+06  9.5932e+02  2.7964e+03  1.4069e+06  9.5927e+02  2.4719e+04  1.4069e+06  9.6025e+02  
363         5.9650e+10  7.7284e+03  1.4264e+06  8.4175e+02  4.1420e+01  1.2559e+06  7.5400e+02  2.0976e+04  1.4367e+06  9.4585e+02  2.6728e+03  1.4367e+06  9.4579e+02  2.3649e+04  1.4367e+06  9.4679e+02  
364         6.0383e+10  7.3643e+03  1.4564e+06  8.2533e+02  3.9128e+01  1.2875e+06  7.3416e+02  2.0071e+04  1.4669e+06  9.3272e+02  2.5549e+03  1.4668e+06  9.3266e+02  2.2626e+04  1.4669e+06  9.3368e+02  
365         6.1127e+10  7.0181e+03  1.4869e+06  8.0920e+02  3.6973e+01  1.3195e+06  7.1482e+02  1.9206e+04  1.4975e+06  9.1993e+02  2.4424e+03  1.4974e+06  9.1987e+02  2.1649e+04  1.4975e+06  9.2090e+02  
366         6.1881e+10  6.6887e+03  1.5177e+06  7.9337e+02  3.4944e+01  1.3519e+06  6.9598e+02  1.8380e+04  1.5285e+06  9.0747e+02  2.3350e+03  1.5285e+06  9.0741e+02  2.0716e+04  1.5285e+06  9.0845e+02  
367         6.2647e+10  6.3755e+03  1.5491e+06  7.7781e+02  3.3034e+01  1.3847e+06  6.7763e+02  1.7591e+04  1.5600e+06  8.9532e+02  2.2326e+03  1.5599e+06  8.9526e+02  1.9824e+04  1.5600e+06  8.9633e+02  
368         6.3423e+10  6.0775e+03  1.5808e+06  7.6253e+02  3.1236e+01  1.4180e+06  6.5975e+02  1.6837e+04  1.5919e+06  8.8349e+02  2.1347e+03  1.5919e+06  8.8343e+02  1.8972e+04  1.5919e+06  8.8451e+02  
369         6.4211e+10  5.7939e+03  1.6131e+06  7.4752e+02  2.9542e+01  1.4518e+06  6.4233e+02  1.6116e+04  1.6242e+06  8.7196e+02  2.0413e+03  1.6242e+06  8.7190e+02  1.8157e+04  1.6242e+06  8.7300e+02  
370         6.5011e+10  5.5241e+03  1.6457e+06  7.3276e+02  2.7946e+01  1.4860e+06  6.2537e+02  1.5427e+04  1.6570e+06  8.6072e+02  1.9522e+03  1.6570e+06  8.6066e+02  1.7379e+04  1.6570e+06  8.6178e+02  
371         6.5822e+10  5.2672e+03  1.6788e+06  7.1827e+02  2.6441e+01  1.5206e+06  6.0884e+02  1.4769e+04  1.6903e+06  8.4977e+02  1.8671e+03  1.6903e+06  8.4970e+02  1.6636e+04  1.6903e+06  8.5085e+02  
372         6.6645e+10  5.0228e+03  1.7124e+06  7.0402e+02  2.5023e+01  1.5557e+06  5.9275e+02  1.4139e+04  1.7240e+06  8.3910e+02  1.7858e+03  1.7240e+06  8.3903e+02  1.5925e+04  1.7240e+06  8.4020e+02  
373         6.7480e+10  4.7901e+03  1.7464e+06  6.9002e+02  2.3685e+01  1.5913e+06  5.7708e+02  1.3537e+04  1.7582e+06  8.2869e+02  1.7082e+03  1.7581e+06  8.2862e+02  1.5245e+04  1.7582e+06  8.2981e+02  
374         6.8327e+10  4.5686e+03  1.7809e+06  6.7627e+02  2.2423e+01  1.6273e+06  5.6181e+02  1.2962e+04  1.7928e+06  8.1855e+02  1.6340e+03  1.7928e+06  8.1848e+02  1.4596e+04  1.7928e+06  8.1969e+02  
375         6.9187e+10  4.3577e+03  1.8158e+06  6.6274e+02  2.1233e+01  1.6638e+06  5.4694e+02  1.2411e+04  1.8279e+06  8.0866e+02  1.5632e+03  1.8279e+06  8.0859e+02  1.3975e+04  1.8279e+06  8.0982e+02  
376         7.0059e+10  4.1568e+03  1.8512e+06  6.4945e+02  2.0109e+01  1.7008e+06  5.3247e+02  1.1885e+04  1.8635e+06  7.9902e+02  1.4956e+03  1.8634e+06  7.9895e+02  1.3381e+04  1.8634e+06  8.0020e+02  
377         7.0944e+10  3.9655e+03  1.8871e+06  6.3639e+02  1.9047e+01  1.7382e+06  5.1837e+02  1.1382e+04  1.8995e+06  7.8962e+02  1.4309e+03  1.8995e+06  7.8954e+02  1.2813e+04  1.8995e+06  7.9083e+02  
378         7.1841e+10  3.7833e+03  1.9235e+06  6.2355e+02  1.8045e+01  1.7761e+06  5.0463e+02  1.0901e+04  1.9360e+06  7.8046e+02  1.3692e+03  1.9360e+06  7.8037e+02  1.2270e+04  1.9360e+06  7.8168e+02  
379         7.2752e+10  3.6097e+03  1.9603e+06  6.1092e+02  1.7099e+01  1.8145e+06  4.9126e+02  1.0440e+04  1.9730e+06  7.7151e+02  1.3102e+03  1.9730e+06  7.7143e+02  1.1750e+04  1.9730e+06  7.7276e+02  
380         7.3676e+10  3.4444e+03  1.9977e+06  5.9851e+02  1.6204e+01  1.8534e+06  4.7824e+02  9.9998e+03  2.0105e+06  7.6279e+02  1.2538e+03  2.0105e+06  7.6270e+02  1.1254e+04  2.0105e+06  7.6407e+02  
381         7.4614e+10  3.2869e+03  2.0355e+06  5.8632e+02  1.5359e+01  1.8928e+06  4.6555e+02  9.5785e+03  2.0485e+06  7.5428e+02  1.1999e+03  2.0485e+06  7.5419e+02  1.0778e+04  2.0485e+06  7.5558e+02  
382         7.5566e+10  3.1367e+03  2.0738e+06  5.7432e+02  1.4560e+01  1.9326e+06  4.5320e+02  9.1754e+03  2.0870e+06  7.4598e+02  1.1484e+03  2.0869e+06  7.4589e+02  1.0324e+04  2.0870e+06  7.4731e+02  
383         7.6531e+10  2.9937e+03  2.1127e+06  5.6254e+02  1.3805e+01  1.9730e+06  4.4117e+02  8.7897e+03  2.1259e+06  7.3788e+02  1.0992e+03  2.1259e+06  7.3778e+02  9.8888e+03  2.1259e+06  7.3923e+02  
384         7.7510e+10  2.8573e+03  2.1520e+06  5.5095e+02  1.3090e+01  2.0138e+06  4.2945e+02  8.4206e+03  2.1654e+06  7.2997e+02  1.0521e+03  2.1654e+06  7.2987e+02  9.4727e+03  2.1654e+06  7.3136e+02  
385         7.8504e+10  2.7273e+03  2.1919e+06  5.3956e+02  1.2414e+01  2.0552e+06  4.1804e+02  8.0674e+03  2.2055e+06  7.2225e+02  1.0071e+03  2.2054e+06  7.2215e+02  9.0745e+03  2.2055e+06  7.2367e+02  
386         7.9512e+10  2.6034e+03  2.2323e+06  5.2837e+02  1.1775e+01  2.0971e+06  4.0693e+02  7.7293e+03  2.2460e+06  7.1472e+02  9.6407e+02  2.2460e+06  7.1462e+02  8.6934e+03  2.2460e+06  7.1616e+02  
387         8.0535e+10  2.4853e+03  2.2732e+06  5.1736e+02  1.1170e+01  2.1395e+06  3.9610e+02  7.4058e+03  2.2870e+06  7.0736e+02  9.2293e+02  2.2870e+06  7.0726e+02  8.3287e+03  2.2870e+06  7.0884e+02  
388         8.1573e+10  2.3727e+03  2.3146e+06  5.0654e+02  1.0598e+01  2.1824e+06  3.8556e+02  7.0961e+03  2.3286e+06  7.0018e+02  8.8360e+02  2.3286e+06  7.0007e+02  7.9797e+03  2.3286e+06  7.0168e+02  
389         8.2626e+10  2.2653e+03  2.3566e+06  4.9591e+02  1.0055e+01  2.2259e+06  3.7529e+02  6.7997e+03  2.3708e+06  6.9316e+02  8.4597e+02  2.3707e+06  6.9305e+02  7.6456e+03  2.3708e+06  6.9470e+02  
390         8.3694e+10  2.1629e+03  2.3992e+06  4.8547e+02  9.5423e+00  2.2699e+06  3.6528e+02  6.5159e+03  2.4134e+06  6.8631e+02  8.0999e+02  2.4134e+06  6.8619e+02  7.3258e+03  2.4134e+06  6.8788e+02  
391         8.4778e+10  2.0653e+03  2.4422e+06  4.7520e+02  9.0563e+00  2.3145e+06  3.5554e+02  6.2442e+03  2.4567e+06  6.7961e+02  7.7558e+02  2.4567e+06  6.7949e+02  7.0197e+03  2.4567e+06  6.8122e+02  
392         8.5878e+10  1.9721e+03  2.4859e+06  4.6511e+02  8.5960e+00  2.3596e+06  3.4604e+02  5.9840e+03  2.5005e+06  6.7306e+02  7.4265e+02  2.5004e+06  6.7294e+02  6.7267e+03  2.5005e+06  6.7471e+02  
393         8.6993e+10  1.8833e+03  2.5301e+06  4.5519e+02  8.1599e+00  2.4052e+06  3.3679e+02  5.7349e+03  2.5448e+06  6.6667e+02  7.1116e+02  2.5448e+06  6.6654e+02  6.4461e+03  2.5448e+06  6.6835e+02  
394         8.8125e+10  1.7985e+03  2.5749e+06  4.4545e+02  7.7468e+00  2.4514e+06  3.2778e+02  5.4964e+03  2.5897e+06  6.6041e+02  6.8103e+02  2.5897e+06  6.6028e+02  6.1774e+03  2.5897e+06  6.6213e+02  
395         8.9274e+10  1.7176e+03  2.6203e+06  4.3588e+02  7.3553e+00  2.4982e+06  3.1900e+02  5.2680e+03  2.6352e+06  6.5430e+02  6.5220e+02  2.6352e+06  6.5416e+02  5.9202e+03  2.6352e+06  6.5606e+02  
396         9.0439e+10  1.6405e+03  2.6662e+06  4.2647e+02  6.9842e+00  2.5456e+06  3.1045e+02  5.0493e+03  2.6813e+06  6.4832e+02  6.2462e+02  2.6813e+06  6.4818e+02  5.6739e+03  2.6813e+06  6.5012e+02  
397         9.1622e+10  1.5669e+03  2.7128e+06  4.1723e+02  6.6325e+00  2.5936e+06  3.0212e+02  4.8398e+03  2.7280e+06  6.4247e+02  5.9823e+02  2.7280e+06  6.4233e+02  5.4380e+03  2.7280e+06  6.4432e+02  
398         9.2821e+10  1.4966e+03  2.7599e+06  4.0816e+02  6.2991e+00  2.6421e+06  2.9400e+02  4.6391e+03  2.7753e+06  6.3675e+02  5.7297e+02  2.7753e+06  6.3660e+02  5.2120e+03  2.7753e+06  6.3864e+02  
399         9.4039e+10  1.4296e+03  2.8077e+06  3.9924e+02  5.9830e+00  2.6913e+06  2.8608e+02  4.4470e+03  2.8232e+06  6.3115e+02  5.4881e+02  2.8232e+06  6.3100e+02  4.9958e+03  2.8232e+06  6.3309e+02  
400         9.5274e+10  1.3655e+03  2.8561e+06  3.9048e+02  5.6828e+00  2.7410e+06  2.7837e+02  4.2626e+03  2.8717e+06  6.2566e+02  5.2564e+02  2.8717e+06  6.2550e+02  4.7883e+03  2.8717e+06  6.2764e+02  
401         9.6527e+10  1.3047e+03  2.9051e+06  3.8190e+02  5.3995e+00  2.7914e+06  2.7087e+02  4.0869e+03  2.9209e+06  6.2033e+02  5.0358e+02  2.9208e+06  6.2017e+02  4.5904e+03  2.9209e+06  6.2236e+02  
