I           X1          NDT_H       VX1_H       TMP_H       NDT_HE      VX1_HE      TMP_HE      NDT_H+      VX1_H+      TMP_H+      NDT_HE+     VX1_HE+     TMP_HE+     NDT_ELC     VX1_ELC     TMP_ELC     
2           9.7177e+09  4.8507e+12  -1.9235e+03 1.4987e+03  4.7134e+12  -1.9238e+03 1.4987e+03  6.7837e+05  -1.9236e+03 1.4987e+03  4.9138e+03  -1.9229e+03 1.4987e+03  6.8313e+05  -1.9233e+03 1.5005e+03  
3           9.7216e+09  4.6230e+12  -1.5601e+02 1.4995e+03  4.2969e+12  -1.5626e+02 1.4995e+03  7.0934e+05  -1.5612e+02 1.4995e+03  1.7984e+03  -1.5521e+02 1.4995e+03  7.1112e+05  -1.5654e+02 1.5018e+03  
4           9.7256e+09  4.4026e+12  9.6838e+00  1.4999e+03  3.9113e+12  9.4084e+00  1.4999e+03  7.7506e+05  9.5195e+00  1.4999e+03  9.7853e+02  9.5992e+00  1.4890e+03  7.7605e+05  9.6392e+00  1.5023e+03  
5           9.7296e+09  4.1917e+12  1.3108e+01  1.5000e+03  3.5587e+12  1.2810e+01  1.5000e+03  8.7086e+05  1.2909e+01  1.5000e+03  9.8244e+02  1.2635e+01  1.4911e+03  8.7185e+05  1.2929e+01  1.5021e+03  
6           9.7337e+09  3.9894e+12  9.3830e+00  1.5000e+03  3.2363e+12  9.0598e+00  1.5000e+03  9.9247e+05  9.1639e+00  1.5000e+03  9.9514e+02  8.9689e+00  1.4975e+03  9.9346e+05  9.1752e+00  1.5018e+03  
7           9.7379e+09  3.7952e+12  1.0440e+01  1.4999e+03  2.9415e+12  1.0089e+01  1.4999e+03  1.1361e+06  1.0211e+01  1.4999e+03  1.0129e+03  9.9173e+00  1.4999e+03  1.1372e+06  1.0241e+01  1.5015e+03  
8           9.7421e+09  3.6088e+12  1.0651e+01  1.5000e+03  2.6724e+12  1.0269e+01  1.5000e+03  1.2986e+06  1.0419e+01  1.5000e+03  1.1163e+03  9.9603e+00  1.5000e+03  1.2997e+06  1.0446e+01  1.5013e+03  
9           9.7463e+09  3.4299e+12  1.1074e+01  1.5000e+03  2.4271e+12  1.0657e+01  1.5000e+03  1.4770e+06  1.0843e+01  1.5000e+03  1.2928e+03  1.0270e+01  1.5000e+03  1.4783e+06  1.0870e+01  1.5011e+03  
10          9.7507e+09  3.2580e+12  1.1458e+01  1.5000e+03  2.2037e+12  1.1003e+01  1.5000e+03  1.6689e+06  1.1230e+01  1.5000e+03  1.5163e+03  1.0577e+01  1.5000e+03  1.6704e+06  1.1257e+01  1.5010e+03  
11          9.7551e+09  3.0930e+12  1.1864e+01  1.5000e+03  2.0006e+12  1.1365e+01  1.5000e+03  1.8721e+06  1.1640e+01  1.5000e+03  1.7730e+03  1.0914e+01  1.5000e+03  1.8739e+06  1.1666e+01  1.5009e+03  
12          9.7595e+09  2.9345e+12  1.2275e+01  1.5000e+03  1.8161e+12  1.1728e+01  1.5000e+03  2.0849e+06  1.2055e+01  1.5000e+03  2.0612e+03  1.1248e+01  1.5000e+03  2.0870e+06  1.2082e+01  1.5008e+03  
13          9.7641e+09  2.7822e+12  1.2697e+01  1.5000e+03  1.6487e+12  1.2095e+01  1.5000e+03  2.3061e+06  1.2480e+01  1.5000e+03  2.3865e+03  1.1580e+01  1.5000e+03  2.3085e+06  1.2507e+01  1.5007e+03  
14          9.7686e+09  2.6358e+12  1.3129e+01  1.5000e+03  1.4970e+12  1.2466e+01  1.5000e+03  2.5348e+06  1.2914e+01  1.5000e+03  2.7583e+03  1.1906e+01  1.5000e+03  2.5376e+06  1.2940e+01  1.5006e+03  
15          9.7733e+09  2.4953e+12  1.3570e+01  1.5000e+03  1.3598e+12  1.2839e+01  1.5000e+03  2.7705e+06  1.3357e+01  1.5000e+03  3.1888e+03  1.2226e+01  1.5000e+03  2.7737e+06  1.3384e+01  1.5005e+03  
16          9.7780e+09  2.3602e+12  1.4022e+01  1.5000e+03  1.2356e+12  1.3214e+01  1.5000e+03  3.0131e+06  1.3810e+01  1.5000e+03  3.6936e+03  1.2540e+01  1.5000e+03  3.0168e+06  1.3836e+01  1.5005e+03  
17          9.7828e+09  2.2305e+12  1.4485e+01  1.5000e+03  1.1235e+12  1.3591e+01  1.5000e+03  3.2628e+06  1.4272e+01  1.5000e+03  4.2914e+03  1.2846e+01  1.5000e+03  3.2671e+06  1.4298e+01  1.5004e+03  
18          9.7877e+09  2.1059e+12  1.4959e+01  1.5000e+03  1.0222e+12  1.3969e+01  1.5000e+03  3.5201e+06  1.4744e+01  1.5000e+03  5.0058e+03  1.3144e+01  1.5000e+03  3.5251e+06  1.4769e+01  1.5004e+03  
19          9.7926e+09  1.9864e+12  1.5444e+01  1.5000e+03  9.3091e+11  1.4347e+01  1.5000e+03  3.7858e+06  1.5226e+01  1.5000e+03  5.8661e+03  1.3433e+01  1.5000e+03  3.7917e+06  1.5251e+01  1.5004e+03  
20          9.7976e+09  1.8716e+12  1.5943e+01  1.5000e+03  8.4858e+11  1.4727e+01  1.5000e+03  4.0609e+06  1.5721e+01  1.5000e+03  6.9077e+03  1.3715e+01  1.5000e+03  4.0678e+06  1.5745e+01  1.5004e+03  
21          9.8027e+09  1.7615e+12  1.6458e+01  1.5000e+03  7.7437e+11  1.5109e+01  1.5000e+03  4.3465e+06  1.6230e+01  1.5000e+03  8.1744e+03  1.3993e+01  1.5000e+03  4.3547e+06  1.6253e+01  1.5003e+03  
22          9.8079e+09  1.6560e+12  1.6990e+01  1.5000e+03  7.0750e+11  1.5493e+01  1.5000e+03  4.6439e+06  1.6754e+01  1.5000e+03  9.7195e+03  1.4264e+01  1.5000e+03  4.6536e+06  1.6775e+01  1.5003e+03  
23          9.8131e+09  1.5549e+12  1.7557e+01  1.5000e+03  6.4722e+11  1.5896e+01  1.5000e+03  4.9544e+06  1.7312e+01  1.5000e+03  1.1608e+04  1.4550e+01  1.5000e+03  4.9660e+06  1.7333e+01  1.5003e+03  
24          9.8184e+09  1.4581e+12  1.8073e+01  1.5000e+03  5.9288e+11  1.6232e+01  1.5000e+03  5.2795e+06  1.7818e+01  1.5000e+03  1.3919e+04  1.4762e+01  1.5000e+03  5.2934e+06  1.7833e+01  1.5003e+03  
25          9.8238e+09  1.3656e+12  1.9065e+01  1.5000e+03  5.4384e+11  1.7026e+01  1.5000e+03  5.6205e+06  1.8799e+01  1.5000e+03  1.6748e+04  1.5428e+01  1.5000e+03  5.6372e+06  1.8841e+01  1.5003e+03  
26          9.8293e+09  1.2772e+12  1.8694e+01  1.5000e+03  4.9955e+11  1.6437e+01  1.5000e+03  5.9789e+06  1.8415e+01  1.5000e+03  2.0214e+04  1.4707e+01  1.5000e+03  5.9991e+06  1.8378e+01  1.5003e+03  
27          9.8348e+09  1.1928e+12  2.1492e+01  1.5000e+03  4.5950e+11  1.8996e+01  1.5000e+03  6.3561e+06  2.1198e+01  1.5000e+03  2.4459e+04  1.7130e+01  1.5000e+03  6.3806e+06  2.1164e+01  1.5003e+03  
28          9.8404e+09  1.1124e+12  2.0143e+01  1.5000e+03  4.2322e+11  1.7386e+01  1.5000e+03  6.7538e+06  1.9834e+01  1.5000e+03  2.9661e+04  1.5382e+01  1.5000e+03  6.7835e+06  1.9858e+01  1.5003e+03  
29          9.8461e+09  1.0359e+12  2.1745e+01  1.5000e+03  3.9029e+11  1.8704e+01  1.5000e+03  7.1733e+06  2.1418e+01  1.5000e+03  3.6037e+04  1.6558e+01  1.5000e+03  7.2094e+06  2.1419e+01  1.5003e+03  
30          9.8519e+09  9.6312e+11  2.2431e+01  1.5000e+03  3.6033e+11  1.9080e+01  1.5000e+03  7.6165e+06  2.2084e+01  1.5000e+03  4.3858e+04  1.6789e+01  1.5000e+03  7.6603e+06  2.2079e+01  1.5002e+03  
31          9.8578e+09  8.9409e+11  2.3405e+01  1.5000e+03  3.3300e+11  1.9718e+01  1.5000e+03  8.0850e+06  2.3037e+01  1.5000e+03  5.3467e+04  1.7279e+01  1.5000e+03  8.1385e+06  2.3024e+01  1.5002e+03  
32          9.8638e+09  8.2869e+11  2.4400e+01  1.5000e+03  3.0799e+11  2.0349e+01  1.5000e+03  8.5810e+06  2.4007e+01  1.5000e+03  6.5292e+04  1.7758e+01  1.5000e+03  8.6463e+06  2.3986e+01  1.5002e+03  
33          9.8698e+09  7.6684e+11  2.5484e+01  1.5000e+03  2.8505e+11  2.1037e+01  1.5000e+03  9.1070e+06  2.5064e+01  1.5000e+03  7.9873e+04  1.8293e+01  1.5000e+03  9.1869e+06  2.5031e+01  1.5002e+03  
34          9.8759e+09  7.0846e+11  2.6648e+01  1.5000e+03  2.6392e+11  2.1774e+01  1.5000e+03  9.6659e+06  2.6197e+01  1.5000e+03  9.7874e+04  1.8876e+01  1.5000e+03  9.7637e+06  2.6149e+01  1.5002e+03  
35          9.8822e+09  6.5347e+11  2.7903e+01  1.5000e+03  2.4441e+11  2.2566e+01  1.5000e+03  1.0261e+07  2.7416e+01  1.5000e+03  1.2010e+05  1.9523e+01  1.5000e+03  1.0381e+07  2.7350e+01  1.5002e+03  
36          9.8885e+09  6.0178e+11  2.9258e+01  1.5000e+03  2.2633e+11  2.3423e+01  1.5000e+03  1.0897e+07  2.8731e+01  1.5000e+03  1.4748e+05  2.0245e+01  1.5000e+03  1.1045e+07  2.8642e+01  1.5002e+03  
37          9.8949e+09  5.5329e+11  3.0725e+01  1.5000e+03  2.0951e+11  2.4352e+01  1.5000e+03  1.1579e+07  3.0153e+01  1.5000e+03  1.8108e+05  2.1060e+01  1.5000e+03  1.1761e+07  3.0037e+01  1.5002e+03  
38          9.9014e+09  5.0790e+11  3.2320e+01  1.5000e+03  1.9384e+11  2.5367e+01  1.5000e+03  1.2314e+07  3.1695e+01  1.5000e+03  2.2210e+05  2.1983e+01  1.5000e+03  1.2536e+07  3.1546e+01  1.5002e+03  
39          9.9080e+09  4.6553e+11  3.4059e+01  1.5000e+03  1.7918e+11  2.6480e+01  1.5000e+03  1.3110e+07  3.3372e+01  1.5000e+03  2.7193e+05  2.3029e+01  1.5000e+03  1.3382e+07  3.3184e+01  1.5002e+03  
40          9.9147e+09  4.2607e+11  3.5958e+01  1.5000e+03  1.6545e+11  2.7705e+01  1.5000e+03  1.3975e+07  3.5199e+01  1.5000e+03  3.3232e+05  2.4204e+01  1.5000e+03  1.4307e+07  3.4965e+01  1.5002e+03  
41          9.9215e+09  3.8940e+11  3.8032e+01  1.5000e+03  1.5255e+11  2.9055e+01  1.5000e+03  1.4920e+07  3.7191e+01  1.5000e+03  4.0579e+05  2.5507e+01  1.5000e+03  1.5326e+07  3.6902e+01  1.5002e+03  
42          9.9284e+09  3.5542e+11  4.0296e+01  1.5000e+03  1.4042e+11  3.0541e+01  1.5000e+03  1.5957e+07  3.9360e+01  1.5000e+03  4.9628e+05  2.6934e+01  1.5000e+03  1.6453e+07  3.9005e+01  1.5002e+03  
43          9.9353e+09  3.2401e+11  4.2762e+01  1.5000e+03  1.2901e+11  3.2174e+01  1.5000e+03  1.7095e+07  4.1716e+01  1.5000e+03  6.1009e+05  2.8479e+01  1.5000e+03  1.7705e+07  4.1281e+01  1.5002e+03  
44          9.9424e+09  2.9506e+11  4.5440e+01  1.5000e+03  1.1825e+11  3.3961e+01  1.5000e+03  1.8345e+07  4.4269e+01  1.5000e+03  7.5714e+05  3.0151e+01  1.5000e+03  1.9102e+07  4.3731e+01  1.5001e+03  
45          9.9496e+09  2.6844e+11  4.8341e+01  1.5000e+03  1.0812e+11  3.5911e+01  1.5000e+03  1.9713e+07  4.7027e+01  1.5000e+03  9.5213e+05  3.1988e+01  1.5000e+03  2.0665e+07  4.6356e+01  1.5001e+03  
46          9.9569e+09  2.4404e+11  5.1476e+01  1.5000e+03  9.8580e+10  3.8038e+01  1.5000e+03  2.1199e+07  5.0001e+01  1.5000e+03  1.2154e+06  3.4060e+01  1.5000e+03  2.2415e+07  4.9158e+01  1.5001e+03  
47          9.9643e+09  2.2173e+11  5.4862e+01  1.5000e+03  8.9606e+10  4.0357e+01  1.5000e+03  2.2798e+07  5.3200e+01  1.5000e+03  1.5731e+06  3.6462e+01  1.5000e+03  2.4371e+07  5.2140e+01  1.5001e+03  
48          9.9719e+09  2.0139e+11  5.8531e+01  1.5000e+03  8.1177e+10  4.2907e+01  1.5000e+03  2.4494e+07  5.6653e+01  1.5000e+03  2.0558e+06  3.9305e+01  1.5000e+03  2.6550e+07  5.5330e+01  1.5001e+03  
49          9.9795e+09  1.8289e+11  6.2434e+01  1.5000e+03  7.3273e+10  4.5644e+01  1.5000e+03  2.6264e+07  6.0304e+01  1.5000e+03  2.6959e+06  4.2592e+01  1.5000e+03  2.8959e+07  5.8672e+01  1.5001e+03  
50          9.9872e+09  1.6611e+11  6.7040e+01  1.5000e+03  6.5880e+10  4.9045e+01  1.5000e+03  2.8072e+07  6.4610e+01  1.5000e+03  3.5231e+06  4.6808e+01  1.5000e+03  3.1595e+07  6.2657e+01  1.5001e+03  
51          9.9951e+09  1.5093e+11  7.0817e+01  1.5000e+03  5.8982e+10  5.1593e+01  1.5000e+03  2.9878e+07  6.8036e+01  1.5000e+03  4.5594e+06  5.0413e+01  1.5000e+03  3.4437e+07  6.5685e+01  1.5001e+03  
52          1.0003e+10  1.3722e+11  7.7719e+01  1.5000e+03  5.2568e+10  5.7254e+01  1.5000e+03  3.1634e+07  7.4530e+01  1.5000e+03  5.8137e+06  5.7328e+01  1.5000e+03  3.7447e+07  7.1844e+01  1.5001e+03  
53          1.0011e+10  1.2489e+11  8.1134e+01  1.5000e+03  4.6624e+10  5.9446e+01  1.5000e+03  3.3293e+07  7.7484e+01  1.5000e+03  7.2771e+06  6.0911e+01  1.5000e+03  4.0570e+07  7.4540e+01  1.5001e+03  
54          1.0019e+10  1.1379e+11  8.7716e+01  1.5000e+03  4.1138e+10  6.4843e+01  1.5000e+03  3.4812e+07  8.3563e+01  1.5000e+03  8.9201e+06  6.7781e+01  1.5000e+03  4.3732e+07  8.0361e+01  1.5001e+03  
55          1.0028e+10  1.0384e+11  9.3736e+01  1.5000e+03  3.6097e+10  6.9751e+01  1.5000e+03  3.6153e+07  8.9057e+01  1.5000e+03  1.0693e+07  7.4187e+01  1.5000e+03  4.6846e+07  8.5681e+01  1.5001e+03  
56          1.0036e+10  9.4923e+10  1.0041e+02  1.5000e+03  3.1486e+10  7.5421e+01  1.5000e+03  3.7292e+07  9.5206e+01  1.5000e+03  1.2529e+07  8.1332e+01  1.5000e+03  4.9822e+07  9.1737e+01  1.5001e+03  
57          1.0045e+10  8.6935e+10  1.0749e+02  1.5000e+03  2.7291e+10  8.1658e+01  1.5000e+03  3.8218e+07  1.0181e+02  1.5000e+03  1.4349e+07  8.8981e+01  1.5000e+03  5.2567e+07  9.8326e+01  1.5001e+03  
58          1.0053e+10  7.9784e+10  1.1510e+02  1.5000e+03  2.3495e+10  8.8619e+01  1.5000e+03  3.8933e+07  1.0900e+02  1.5000e+03  1.6068e+07  9.7255e+01  1.5000e+03  5.5002e+07  1.0559e+02  1.5001e+03  
59          1.0062e+10  7.3379e+10  1.2327e+02  1.5000e+03  2.0082e+10  9.6392e+01  1.5000e+03  3.9455e+07  1.1686e+02  1.5000e+03  1.7603e+07  1.0621e+02  1.5000e+03  5.7059e+07  1.1359e+02  1.5002e+03  
60          1.0071e+10  6.7637e+10  1.3207e+02  1.5000e+03  1.7033e+10  1.0510e+02  1.5000e+03  3.9813e+07  1.2547e+02  1.5000e+03  1.8880e+07  1.1592e+02  1.5000e+03  5.8692e+07  1.2241e+02  1.5002e+03  
61          1.0080e+10  6.2479e+10  1.4146e+02  1.5000e+03  1.4329e+10  1.1477e+02  1.5000e+03  4.0044e+07  1.3483e+02  1.5000e+03  1.9836e+07  1.2638e+02  1.5000e+03  5.9880e+07  1.3204e+02  1.5002e+03  
62          1.0089e+10  5.7836e+10  1.5200e+02  1.5000e+03  1.1949e+10  1.2600e+02  1.5000e+03  4.0192e+07  1.4548e+02  1.5000e+03  2.0430e+07  1.3812e+02  1.5000e+03  6.0621e+07  1.4301e+02  1.5002e+03  
63          1.0099e+10  5.3639e+10  1.6104e+02  1.5000e+03  9.8720e+09  1.3622e+02  1.5000e+03  4.0302e+07  1.5477e+02  1.5000e+03  2.0637e+07  1.4849e+02  1.5000e+03  6.0939e+07  1.5266e+02  1.5002e+03  
64          1.0108e+10  4.9834e+10  1.8499e+02  1.5000e+03  8.0764e+09  1.6182e+02  1.5000e+03  4.0421e+07  1.7907e+02  1.5000e+03  2.0455e+07  1.7384e+02  1.5000e+03  6.0876e+07  1.7733e+02  1.5001e+03  
65          1.0118e+10  4.6363e+10  2.0299e+02  1.5000e+03  6.5383e+09  1.8218e+02  1.5000e+03  4.0585e+07  1.9751e+02  1.5000e+03  1.9897e+07  1.9331e+02  1.5000e+03  6.0482e+07  1.9615e+02  1.5002e+03  
66          1.0128e+10  4.3158e+10  2.0334e+02  1.5011e+03  5.2298e+09  1.8588e+02  1.5011e+03  4.0817e+07  1.9832e+02  1.5011e+03  1.8984e+07  1.9513e+02  1.5011e+03  5.9801e+07  1.9733e+02  1.5012e+03  
67          1.0137e+10  4.0167e+10  2.1304e+02  1.5040e+03  4.1256e+09  2.0021e+02  1.5040e+03  4.1134e+07  2.0846e+02  1.5040e+03  1.7754e+07  2.0624e+02  1.5040e+03  5.8888e+07  2.0781e+02  1.5041e+03  
68          1.0147e+10  3.7356e+10  2.2277e+02  1.5094e+03  3.2043e+09  2.1625e+02  1.5094e+03  4.1548e+07  2.1855e+02  1.5094e+03  1.6265e+07  2.1727e+02  1.5095e+03  5.7814e+07  2.1820e+02  1.5096e+03  
69          1.0158e+10  3.4699e+10  2.3613e+02  1.5180e+03  2.4456e+09  2.3814e+02  1.5179e+03  4.2066e+07  2.3214e+02  1.5180e+03  1.4584e+07  2.3176e+02  1.5180e+03  5.6650e+07  2.3205e+02  1.5181e+03  
70          1.0168e+10  3.2179e+10  2.5140e+02  1.5300e+03  1.8303e+09  2.6488e+02  1.5300e+03  4.2682e+07  2.4748e+02  1.5300e+03  1.2784e+07  2.4797e+02  1.5300e+03  5.5466e+07  2.4760e+02  1.5302e+03  
71          1.0178e+10  2.9784e+10  2.6909e+02  1.5461e+03  1.3398e+09  2.9799e+02  1.5461e+03  4.3384e+07  2.6507e+02  1.5461e+03  1.0941e+07  2.6640e+02  1.5461e+03  5.4324e+07  2.6534e+02  1.5462e+03  
72          1.0189e+10  2.7506e+10  2.8893e+02  1.5665e+03  9.5648e+08  3.3857e+02  1.5665e+03  4.4150e+07  2.8463e+02  1.5665e+03  9.1269e+06  2.8679e+02  1.5665e+03  5.3276e+07  2.8500e+02  1.5666e+03  
73          1.0200e+10  2.5341e+10  3.1106e+02  1.5918e+03  6.6351e+08  3.8866e+02  1.5918e+03  4.4952e+07  3.0629e+02  1.5918e+03  7.4078e+06  3.0930e+02  1.5918e+03  5.2360e+07  3.0672e+02  1.5919e+03  
74          1.0211e+10  2.3287e+10  3.3563e+02  1.6223e+03  4.4530e+08  4.5101e+02  1.6223e+03  4.5761e+07  3.3022e+02  1.6223e+03  5.8384e+06  3.3413e+02  1.6223e+03  5.1600e+07  3.3067e+02  1.6224e+03  
75          1.0222e+10  2.1342e+10  3.6273e+02  1.6585e+03  2.8759e+08  5.2921e+02  1.6585e+03  4.6545e+07  3.5653e+02  1.6585e+03  4.4601e+06  3.6141e+02  1.6585e+03  5.1005e+07  3.5698e+02  1.6586e+03  
76          1.0233e+10  1.9508e+10  3.9318e+02  1.7009e+03  1.7763e+08  6.2846e+02  1.7009e+03  4.7275e+07  3.8603e+02  1.7009e+03  3.2989e+06  3.9196e+02  1.7009e+03  5.0574e+07  3.8640e+02  1.7010e+03  
77          1.0245e+10  1.7784e+10  4.2724e+02  1.7500e+03  1.0423e+08  7.5316e+02  1.7500e+03  4.7925e+07  4.1900e+02  1.7500e+03  2.3646e+06  4.2598e+02  1.7500e+03  5.0290e+07  4.1931e+02  1.7501e+03  
78          1.0256e+10  1.6173e+10  4.6407e+02  1.8062e+03  5.7867e+07  9.0129e+02  1.8062e+03  4.8478e+07  4.5458e+02  1.8062e+03  1.6525e+06  4.6243e+02  1.8062e+03  5.0130e+07  4.5486e+02  1.8063e+03  
79          1.0268e+10  1.4674e+10  5.0621e+02  1.8700e+03  3.0614e+07  1.0504e+03  1.8700e+03  4.8919e+07  4.9533e+02  1.8701e+03  1.1453e+06  5.0326e+02  1.8701e+03  5.0064e+07  4.9551e+02  1.8701e+03  
80          1.0280e+10  1.3288e+10  5.5272e+02  1.9420e+03  1.6111e+07  1.1026e+03  1.9420e+03  4.9243e+07  5.4028e+02  1.9420e+03  8.1674e+05  5.4641e+02  1.9420e+03  5.0060e+07  5.4038e+02  1.9421e+03  
81          1.0292e+10  1.2013e+10  6.0431e+02  2.0226e+03  9.4721e+06  8.7617e+02  2.0227e+03  4.9450e+07  5.9014e+02  2.0226e+03  6.3534e+05  5.9143e+02  2.0226e+03  5.0086e+07  5.9015e+02  2.0227e+03  
82          1.0304e+10  1.0847e+10  6.6070e+02  2.1123e+03  7.1143e+06  4.1778e+02  2.1123e+03  4.9544e+07  6.4463e+02  2.1123e+03  5.6868e+05  6.3861e+02  2.1123e+03  5.0113e+07  6.4455e+02  2.1124e+03  
83          1.0317e+10  9.7857e+09  7.2173e+02  2.2114e+03  6.6286e+06  1.2319e+02  2.2114e+03  4.9532e+07  7.0356e+02  2.2114e+03  5.8657e+05  6.9039e+02  2.2114e+03  5.0119e+07  7.0339e+02  2.2115e+03  
84          1.0330e+10  8.8244e+09  7.8709e+02  2.3203e+03  6.6300e+06  7.1225e+01  2.3207e+03  4.9423e+07  7.6663e+02  2.3203e+03  6.6358e+05  7.4831e+02  2.3203e+03  5.0087e+07  7.6636e+02  2.3204e+03  
85          1.0342e+10  7.9573e+09  8.5600e+02  2.4392e+03  6.6322e+06  8.1014e+01  2.4402e+03  4.9228e+07  8.3305e+02  2.4393e+03  7.8016e+05  8.1142e+02  2.4393e+03  5.0008e+07  8.3269e+02  2.4394e+03  
86          1.0356e+10  7.1778e+09  9.2815e+02  2.5682e+03  6.6323e+06  7.3461e+01  2.5693e+03  4.8955e+07  9.0251e+02  2.5682e+03  9.2253e+05  8.7858e+02  2.5682e+03  4.9878e+07  9.0206e+02  2.5683e+03  
87          1.0369e+10  6.4793e+09  1.0038e+03  2.7072e+03  6.6323e+06  6.1518e+01  2.7084e+03  4.8616e+07  9.7530e+02  2.7072e+03  1.0817e+06  9.4942e+02  2.7072e+03  4.9698e+07  9.7473e+02  2.7073e+03  
88          1.0382e+10  5.8548e+09  1.0827e+03  2.8560e+03  6.6323e+06  4.6388e+01  2.8572e+03  4.8220e+07  1.0511e+03  2.8560e+03  1.2525e+06  1.0232e+03  2.8560e+03  4.9472e+07  1.0503e+03  2.8561e+03  
89          1.0396e+10  5.2977e+09  1.1646e+03  3.0143e+03  6.6323e+06  2.8100e+01  3.0156e+03  4.7775e+07  1.1297e+03  3.0143e+03  1.4317e+06  1.0997e+03  3.0143e+03  4.9207e+07  1.1288e+03  3.0144e+03  
90          1.0410e+10  4.8013e+09  1.2495e+03  3.1816e+03  6.6323e+06  6.8921e+00  3.1831e+03  4.7292e+07  1.2111e+03  3.1816e+03  1.6178e+06  1.1787e+03  3.1816e+03  4.8910e+07  1.2100e+03  3.1818e+03  
91          1.0424e+10  4.3596e+09  1.3372e+03  3.3575e+03  6.6323e+06  -1.6775e+01 3.3592e+03  4.6777e+07  1.2951e+03  3.3575e+03  1.8101e+06  1.2600e+03  3.3575e+03  4.8587e+07  1.2938e+03  3.3577e+03  
92          1.0438e+10  3.9668e+09  1.4277e+03  3.5413e+03  6.6324e+06  -4.2282e+01 3.5431e+03  4.6238e+07  1.3818e+03  3.5413e+03  2.0076e+06  1.3437e+03  3.5413e+03  4.8246e+07  1.3801e+03  3.5414e+03  
93          1.0452e+10  3.6175e+09  1.5208e+03  3.7321e+03  6.6324e+06  -6.8860e+01 3.7341e+03  4.5682e+07  1.4710e+03  3.7321e+03  2.2096e+06  1.4297e+03  3.7321e+03  4.7892e+07  1.4690e+03  3.7323e+03  
94          1.0467e+10  3.3070e+09  1.6165e+03  3.9292e+03  6.6324e+06  -9.5617e+01 3.9313e+03  4.5116e+07  1.5626e+03  3.9292e+03  2.4149e+06  1.5180e+03  3.9292e+03  4.7531e+07  1.5603e+03  3.9293e+03  
95          1.0482e+10  3.0308e+09  1.7147e+03  4.1314e+03  6.6324e+06  -1.2156e+02 4.1338e+03  4.4546e+07  1.6567e+03  4.1314e+03  2.6219e+06  1.6086e+03  4.1314e+03  4.7168e+07  1.6540e+03  4.1316e+03  
96          1.0497e+10  2.7849e+09  1.8152e+03  4.3378e+03  6.6324e+06  -1.4560e+02 4.3403e+03  4.3977e+07  1.7532e+03  4.3378e+03  2.8288e+06  1.7016e+03  4.3378e+03  4.6806e+07  1.7500e+03  4.3379e+03  
97          1.0512e+10  2.5660e+09  1.9179e+03  4.5471e+03  6.6324e+06  -1.6662e+02 4.5499e+03  4.3417e+07  1.8519e+03  4.5471e+03  3.0336e+06  1.7969e+03  4.5471e+03  4.6450e+07  1.8483e+03  4.5473e+03  
98          1.0528e+10  2.3708e+09  2.0228e+03  4.7581e+03  6.6324e+06  -1.8337e+02 4.7611e+03  4.2871e+07  1.9529e+03  4.7582e+03  3.2338e+06  1.8946e+03  4.7582e+03  4.6105e+07  1.9488e+03  4.7583e+03  
99          1.0543e+10  2.1966e+09  2.1297e+03  4.9696e+03  6.6324e+06  -1.9462e+02 4.9728e+03  4.2347e+07  2.0560e+03  4.9696e+03  3.4272e+06  1.9946e+03  4.9696e+03  4.5774e+07  2.0513e+03  4.9698e+03  
100         1.0559e+10  2.0410e+09  2.2390e+03  5.1800e+03  6.6324e+06  -1.9839e+02 5.1835e+03  4.1851e+07  2.1616e+03  5.1801e+03  3.6114e+06  2.0975e+03  5.1801e+03  4.5463e+07  2.1564e+03  5.1802e+03  
101         1.0576e+10  1.9019e+09  2.3494e+03  5.3880e+03  6.6324e+06  -2.0424e+02 5.3918e+03  4.1390e+07  2.2685e+03  5.3881e+03  3.7842e+06  2.2021e+03  5.3881e+03  4.5174e+07  2.2629e+03  5.3882e+03  
102         1.0592e+10  1.7774e+09  2.4649e+03  5.5920e+03  6.6359e+06  -1.8366e+02 5.5958e+03  4.0970e+07  2.3808e+03  5.5920e+03  3.9435e+06  2.3127e+03  5.5920e+03  4.4914e+07  2.3747e+03  5.5922e+03  
103         1.0609e+10  1.6658e+09  2.5784e+03  5.7904e+03  6.6360e+06  -1.5980e+02 5.7945e+03  4.0599e+07  2.4914e+03  5.7904e+03  4.0877e+06  2.4221e+03  5.7904e+03  4.4687e+07  2.4850e+03  5.7906e+03  
104         1.0626e+10  1.5658e+09  2.6960e+03  5.9817e+03  6.6359e+06  -1.2612e+02 5.9860e+03  4.0281e+07  2.6063e+03  5.9817e+03  4.2164e+06  2.5363e+03  5.9817e+03  4.4498e+07  2.5996e+03  5.9819e+03  
105         1.0643e+10  1.4760e+09  2.8147e+03  6.1644e+03  6.6359e+06  -8.2231e+01 6.1690e+03  4.0020e+07  2.7227e+03  6.1644e+03  4.3292e+06  2.6526e+03  6.1644e+03  4.4350e+07  2.7157e+03  6.1646e+03  
106         1.0660e+10  1.3953e+09  2.9355e+03  6.3372e+03  6.6359e+06  -2.7015e+01 6.3420e+03  3.9820e+07  2.8415e+03  6.3372e+03  4.4260e+06  2.7718e+03  6.3372e+03  4.4246e+07  2.8344e+03  6.3374e+03  
107         1.0678e+10  1.3228e+09  3.0576e+03  6.4988e+03  6.6359e+06  3.8551e+01  6.5038e+03  3.9680e+07  2.9621e+03  6.4988e+03  4.5074e+06  2.8934e+03  6.4988e+03  4.4188e+07  2.9550e+03  6.4989e+03  
108         1.0696e+10  1.2574e+09  3.1809e+03  6.6481e+03  6.6359e+06  1.1360e+02  6.6533e+03  3.9600e+07  3.0845e+03  6.6481e+03  4.5740e+06  3.0172e+03  6.6481e+03  4.4174e+07  3.0773e+03  6.6483e+03  
109         1.0714e+10  1.1985e+09  3.3049e+03  6.7844e+03  6.6359e+06  1.9664e+02  6.7898e+03  3.9576e+07  3.2082e+03  6.7844e+03  4.6268e+06  3.1427e+03  6.7844e+03  4.4203e+07  3.2011e+03  6.7845e+03  
110         1.0732e+10  1.1452e+09  3.4293e+03  6.9072e+03  6.6359e+06  2.8586e+02  6.9128e+03  3.9601e+07  3.3329e+03  6.9072e+03  4.6671e+06  3.2694e+03  6.9072e+03  4.4268e+07  3.3260e+03  6.9073e+03  
111         1.0751e+10  1.0969e+09  3.5536e+03  7.0163e+03  6.6359e+06  3.7927e+02  7.0221e+03  3.9667e+07  3.4582e+03  7.0164e+03  4.6962e+06  3.3969e+03  7.0164e+03  4.4364e+07  3.4515e+03  7.0165e+03  
112         1.0770e+10  1.0530e+09  3.6777e+03  7.1121e+03  6.6359e+06  4.7482e+02  7.1181e+03  3.9767e+07  3.5839e+03  7.1121e+03  4.7154e+06  3.5247e+03  7.1122e+03  4.4482e+07  3.5774e+03  7.1122e+03  
113         1.0789e+10  1.0128e+09  3.8013e+03  7.1951e+03  6.6359e+06  5.7065e+02  7.2012e+03  3.9887e+07  3.7097e+03  7.1951e+03  4.7262e+06  3.6526e+03  7.1951e+03  4.4614e+07  3.7035e+03  7.1952e+03  
114         1.0809e+10  9.7599e+08  3.9245e+03  7.2660e+03  6.6359e+06  6.6516e+02  7.2723e+03  4.0019e+07  3.8356e+03  7.2660e+03  4.7298e+06  3.7805e+03  7.2661e+03  4.4750e+07  3.8296e+03  7.2661e+03  
115         1.0829e+10  9.4199e+08  4.0475e+03  7.3260e+03  6.6359e+06  7.5717e+02  7.3325e+03  4.0152e+07  3.9616e+03  7.3260e+03  4.7275e+06  3.9082e+03  7.3260e+03  4.4880e+07  3.9557e+03  7.3261e+03  
116         1.0849e+10  9.1042e+08  4.1704e+03  7.3762e+03  6.6359e+06  8.4590e+02  7.3829e+03  4.0277e+07  4.0878e+03  7.3762e+03  4.7204e+06  4.0359e+03  7.3762e+03  4.4997e+07  4.0821e+03  7.3763e+03  
117         1.0869e+10  8.8091e+08  4.2938e+03  7.4179e+03  6.6359e+06  9.3093e+02  7.4247e+03  4.0385e+07  4.2145e+03  7.4179e+03  4.7094e+06  4.1639e+03  7.4179e+03  4.5094e+07  4.2090e+03  7.4179e+03  
118         1.0890e+10  8.5314e+08  4.4180e+03  7.4523e+03  6.6359e+06  1.0122e+03  7.4592e+03  4.0470e+07  4.3420e+03  7.4523e+03  4.6952e+06  4.2924e+03  7.4523e+03  4.5166e+07  4.3366e+03  7.4523e+03  
119         1.0911e+10  8.2685e+08  4.5433e+03  7.4806e+03  6.6359e+06  1.0899e+03  7.4877e+03  4.0528e+07  4.4705e+03  7.4806e+03  4.6784e+06  4.4218e+03  7.4806e+03  4.5207e+07  4.4651e+03  7.4806e+03  
120         1.0933e+10  8.0181e+08  4.6702e+03  7.5040e+03  6.6359e+06  1.1642e+03  7.5112e+03  4.0556e+07  4.6003e+03  7.5040e+03  4.6595e+06  4.5521e+03  7.5040e+03  4.5216e+07  4.5949e+03  7.5040e+03  
121         1.0954e+10  7.7782e+08  4.7987e+03  7.5235e+03  6.6359e+06  1.2354e+03  7.5308e+03  4.0552e+07  4.7314e+03  7.5235e+03  4.6387e+06  4.6837e+03  7.5235e+03  4.5191e+07  4.7261e+03  7.5235e+03  
122         1.0976e+10  7.5473e+08  4.9291e+03  7.5399e+03  6.6359e+06  1.3038e+03  7.5474e+03  4.0518e+07  4.8639e+03  7.5399e+03  4.6162e+06  4.8166e+03  7.5399e+03  4.5134e+07  4.8586e+03  7.5399e+03  
123         1.0998e+10  7.3241e+08  5.0612e+03  7.5540e+03  6.6359e+06  1.3697e+03  7.5617e+03  4.0454e+07  4.9979e+03  7.5540e+03  4.5921e+06  4.9507e+03  7.5540e+03  4.5046e+07  4.9926e+03  7.5541e+03  
124         1.1021e+10  7.1075e+08  5.1950e+03  7.5665e+03  6.6359e+06  1.4335e+03  7.5743e+03  4.0361e+07  5.1330e+03  7.5665e+03  4.5664e+06  5.0861e+03  7.5665e+03  4.4928e+07  5.1278e+03  7.5665e+03  
125         1.1044e+10  6.8968e+08  5.3308e+03  7.5779e+03  6.6359e+06  1.4960e+03  7.5858e+03  4.0244e+07  5.2699e+03  7.5779e+03  4.5390e+06  5.2230e+03  7.5779e+03  4.4783e+07  5.2647e+03  7.5779e+03  
126         1.1067e+10  6.6914e+08  5.4676e+03  7.5884e+03  6.6359e+06  1.5372e+03  7.5966e+03  4.0104e+07  5.4073e+03  7.5884e+03  4.5096e+06  5.3605e+03  7.5885e+03  4.4614e+07  5.4021e+03  7.5885e+03  
127         1.1091e+10  6.4909e+08  5.6089e+03  7.5985e+03  6.6394e+06  1.6084e+03  7.6066e+03  3.9944e+07  5.5490e+03  7.5985e+03  4.4779e+06  5.5023e+03  7.5985e+03  4.4422e+07  5.5437e+03  7.5985e+03  
128         1.1115e+10  6.2948e+08  5.7486e+03  7.6084e+03  6.6394e+06  1.6689e+03  7.6167e+03  3.9767e+07  5.6888e+03  7.6084e+03  4.4438e+06  5.6421e+03  7.6084e+03  4.4211e+07  5.6836e+03  7.6084e+03  
129         1.1139e+10  6.1030e+08  5.8927e+03  7.6181e+03  6.6394e+06  1.7247e+03  7.6266e+03  3.9576e+07  5.8326e+03  7.6181e+03  4.4073e+06  5.7859e+03  7.6182e+03  4.3983e+07  5.8274e+03  7.6182e+03  
130         1.1164e+10  5.9154e+08  6.0385e+03  7.6279e+03  6.6394e+06  1.7788e+03  7.6365e+03  3.9372e+07  5.9781e+03  7.6279e+03  4.3685e+06  5.9313e+03  7.6279e+03  4.3740e+07  5.9728e+03  7.6279e+03  
131         1.1189e+10  5.7317e+08  6.1871e+03  7.6377e+03  6.6394e+06  1.8327e+03  7.6465e+03  3.9157e+07  6.1261e+03  7.6377e+03  4.3274e+06  6.0793e+03  7.6377e+03  4.3485e+07  6.1208e+03  7.6377e+03  
132         1.1214e+10  5.5519e+08  6.3380e+03  7.6476e+03  6.6394e+06  1.8857e+03  7.6566e+03  3.8933e+07  6.2763e+03  7.6476e+03  4.2838e+06  6.2294e+03  7.6476e+03  4.3217e+07  6.2710e+03  7.6476e+03  
133         1.1240e+10  5.3761e+08  6.4909e+03  7.6575e+03  6.6394e+06  1.9375e+03  7.6667e+03  3.8701e+07  6.4284e+03  7.6575e+03  4.2380e+06  6.3814e+03  7.6575e+03  4.2940e+07  6.4231e+03  7.6575e+03  
134         1.1266e+10  5.2041e+08  6.6453e+03  7.6674e+03  6.6394e+06  1.9877e+03  7.6768e+03  3.8462e+07  6.5820e+03  7.6674e+03  4.1898e+06  6.5349e+03  7.6674e+03  4.2652e+07  6.5767e+03  7.6675e+03  
135         1.1293e+10  5.0361e+08  6.8007e+03  7.6773e+03  6.6394e+06  2.0356e+03  7.6868e+03  3.8217e+07  6.7366e+03  7.6773e+03  4.1394e+06  6.6893e+03  7.6773e+03  4.2356e+07  6.7313e+03  7.6773e+03  
136         1.1320e+10  4.8720e+08  6.9570e+03  7.6871e+03  6.6394e+06  2.0808e+03  7.6968e+03  3.7965e+07  6.8920e+03  7.6871e+03  4.0868e+06  6.8446e+03  7.6871e+03  4.2052e+07  6.8867e+03  7.6871e+03  
137         1.1347e+10  4.7117e+08  7.1140e+03  7.6967e+03  6.6394e+06  2.1232e+03  7.7067e+03  3.7706e+07  7.0482e+03  7.6968e+03  4.0321e+06  7.0006e+03  7.6968e+03  4.1739e+07  7.0428e+03  7.6968e+03  
138         1.1375e+10  4.5554e+08  7.2721e+03  7.7062e+03  6.6394e+06  2.1627e+03  7.7164e+03  3.7442e+07  7.2055e+03  7.7062e+03  3.9753e+06  7.1577e+03  7.7062e+03  4.1417e+07  7.2001e+03  7.7063e+03  
139         1.1403e+10  4.4029e+08  7.4317e+03  7.7154e+03  6.6394e+06  2.1995e+03  7.7258e+03  3.7171e+07  7.3642e+03  7.7154e+03  3.9167e+06  7.3162e+03  7.7154e+03  4.1088e+07  7.3588e+03  7.7155e+03  
140         1.1431e+10  4.2542e+08  7.5929e+03  7.7243e+03  6.6394e+06  2.2337e+03  7.7349e+03  3.6895e+07  7.5247e+03  7.7243e+03  3.8563e+06  7.4764e+03  7.7243e+03  4.0751e+07  7.5192e+03  7.7244e+03  
141         1.1460e+10  4.1094e+08  7.7555e+03  7.7328e+03  6.6394e+06  2.2650e+03  7.7437e+03  3.6612e+07  7.6865e+03  7.7329e+03  3.7943e+06  7.6379e+03  7.7329e+03  4.0406e+07  7.6810e+03  7.7329e+03  
142         1.1489e+10  3.9683e+08  7.9187e+03  7.7410e+03  6.6394e+06  2.2925e+03  7.7521e+03  3.6322e+07  7.8490e+03  7.7410e+03  3.7307e+06  7.8001e+03  7.7411e+03  4.0053e+07  7.8435e+03  7.7411e+03  
143         1.1519e+10  3.8309e+08  8.0816e+03  7.7488e+03  6.6394e+06  2.3150e+03  7.7601e+03  3.6025e+07  8.0112e+03  7.7488e+03  3.6657e+06  7.9619e+03  7.7488e+03  3.9691e+07  8.0056e+03  7.7488e+03  
144         1.1549e+10  3.6973e+08  8.2432e+03  7.7560e+03  6.6394e+06  2.3316e+03  7.7677e+03  3.5722e+07  8.1722e+03  7.7561e+03  3.5994e+06  8.1225e+03  7.7561e+03  3.9322e+07  8.1667e+03  7.7561e+03  
145         1.1580e+10  3.5673e+08  8.4032e+03  7.7628e+03  6.6393e+06  2.3414e+03  7.7748e+03  3.5412e+07  8.3316e+03  7.7629e+03  3.5320e+06  8.2815e+03  7.7629e+03  3.8944e+07  8.3261e+03  7.7629e+03  
146         1.1611e+10  3.4408e+08  8.5618e+03  7.7691e+03  6.6393e+06  2.3442e+03  7.7813e+03  3.5095e+07  8.4897e+03  7.7691e+03  3.4636e+06  8.4390e+03  7.7692e+03  3.8559e+07  8.4841e+03  7.7692e+03  
147         1.1643e+10  3.3180e+08  8.7197e+03  7.7748e+03  6.6393e+06  2.3403e+03  7.7873e+03  3.4771e+07  8.6471e+03  7.7748e+03  3.3944e+06  8.5959e+03  7.7749e+03  3.8166e+07  8.6414e+03  7.7749e+03  
148         1.1675e+10  3.1986e+08  8.8777e+03  7.7799e+03  6.6393e+06  2.3305e+03  7.7928e+03  3.4440e+07  8.8046e+03  7.7799e+03  3.3244e+06  8.7528e+03  7.7800e+03  3.7764e+07  8.7989e+03  7.7800e+03  
149         1.1707e+10  3.0826e+08  9.0353e+03  7.7844e+03  6.6393e+06  2.3139e+03  7.7975e+03  3.4101e+07  8.9619e+03  7.7844e+03  3.2538e+06  8.9095e+03  7.7844e+03  3.7355e+07  8.9560e+03  7.7845e+03  
150         1.1740e+10  2.9700e+08  9.1917e+03  7.7882e+03  6.6393e+06  2.2845e+03  7.8018e+03  3.3755e+07  9.1180e+03  7.7882e+03  3.1828e+06  9.0648e+03  7.7882e+03  3.6938e+07  9.1121e+03  7.7883e+03  
151         1.1774e+10  2.8606e+08  9.3432e+03  7.7913e+03  6.6394e+06  2.2018e+03  7.8057e+03  3.3402e+07  9.2691e+03  7.7913e+03  3.1114e+06  9.2150e+03  7.7913e+03  3.6513e+07  9.2632e+03  7.7914e+03  
152         1.1808e+10  2.7545e+08  9.4774e+03  7.7938e+03  6.6431e+06  2.3192e+03  7.8075e+03  3.3040e+07  9.4033e+03  7.7938e+03  3.0396e+06  9.3490e+03  7.7939e+03  3.6080e+07  9.3973e+03  7.7939e+03  
153         1.1842e+10  2.6516e+08  9.6030e+03  7.7969e+03  6.6153e+06  3.2896e+03  7.7958e+03  3.2671e+07  9.5294e+03  7.7969e+03  2.9677e+06  9.4780e+03  7.7969e+03  3.5638e+07  9.5238e+03  7.7970e+03  
154         1.1877e+10  2.5518e+08  9.7322e+03  7.8035e+03  6.3973e+06  4.4720e+03  7.8026e+03  3.2294e+07  9.6594e+03  7.8035e+03  2.8960e+06  9.6121e+03  7.8035e+03  3.5190e+07  9.6541e+03  7.8036e+03  
155         1.1912e+10  2.4552e+08  9.8668e+03  7.8116e+03  6.1063e+06  4.7991e+03  7.8115e+03  3.1912e+07  9.7943e+03  7.8117e+03  2.8250e+06  9.7481e+03  7.8117e+03  3.4737e+07  9.7892e+03  7.8118e+03  
156         1.1948e+10  2.3619e+08  1.0011e+04  7.8195e+03  5.8204e+06  4.7380e+03  7.8196e+03  3.1526e+07  9.9385e+03  7.8195e+03  2.7550e+06  9.8920e+03  7.8195e+03  3.4281e+07  9.9333e+03  7.8196e+03  
157         1.1985e+10  2.2717e+08  1.0163e+04  7.8267e+03  5.5527e+06  4.6678e+03  7.8267e+03  3.1137e+07  1.0091e+04  7.8267e+03  2.6860e+06  1.0044e+04  7.8267e+03  3.3823e+07  1.0086e+04  7.8268e+03  
158         1.2022e+10  2.1846e+08  1.0320e+04  7.8334e+03  5.2994e+06  4.6464e+03  7.8333e+03  3.0743e+07  1.0248e+04  7.8334e+03  2.6181e+06  1.0201e+04  7.8334e+03  3.3361e+07  1.0243e+04  7.8335e+03  
159         1.2059e+10  2.1004e+08  1.0483e+04  7.8398e+03  5.0565e+06  4.6492e+03  7.8398e+03  3.0345e+07  1.0411e+04  7.8398e+03  2.5511e+06  1.0364e+04  7.8398e+03  3.2896e+07  1.0406e+04  7.8400e+03  
160         1.2097e+10  2.0190e+08  1.0653e+04  7.8461e+03  4.8230e+06  4.6551e+03  7.8460e+03  2.9943e+07  1.0581e+04  7.8461e+03  2.4850e+06  1.0534e+04  7.8461e+03  3.2428e+07  1.0576e+04  7.8462e+03  
161         1.2136e+10  1.9404e+08  1.0827e+04  7.8520e+03  4.5985e+06  4.6584e+03  7.8520e+03  2.9536e+07  1.0755e+04  7.8520e+03  2.4201e+06  1.0708e+04  7.8520e+03  3.1956e+07  1.0750e+04  7.8522e+03  
162         1.2175e+10  1.8645e+08  1.1007e+04  7.8577e+03  4.3831e+06  4.6600e+03  7.8576e+03  2.9127e+07  1.0935e+04  7.8577e+03  2.3561e+06  1.0888e+04  7.8577e+03  3.1483e+07  1.0930e+04  7.8578e+03  
163         1.2215e+10  1.7913e+08  1.1192e+04  7.8630e+03  4.1764e+06  4.6613e+03  7.8630e+03  2.8714e+07  1.1121e+04  7.8630e+03  2.2933e+06  1.1074e+04  7.8630e+03  3.1007e+07  1.1117e+04  7.8631e+03  
164         1.2256e+10  1.7206e+08  1.1385e+04  7.8680e+03  3.9782e+06  4.6627e+03  7.8679e+03  2.8299e+07  1.1314e+04  7.8680e+03  2.2316e+06  1.1267e+04  7.8680e+03  3.0530e+07  1.1310e+04  7.8681e+03  
165         1.2297e+10  1.6525e+08  1.1584e+04  7.8726e+03  3.7883e+06  4.6636e+03  7.8726e+03  2.7881e+07  1.1514e+04  7.8726e+03  2.1710e+06  1.1466e+04  7.8726e+03  3.0052e+07  1.1509e+04  7.8727e+03  
166         1.2338e+10  1.5868e+08  1.1788e+04  7.8769e+03  3.6064e+06  4.6637e+03  7.8768e+03  2.7460e+07  1.1719e+04  7.8769e+03  2.1116e+06  1.1671e+04  7.8769e+03  2.9572e+07  1.1714e+04  7.8770e+03  
167         1.2380e+10  1.5234e+08  1.1999e+04  7.8807e+03  3.4322e+06  4.6633e+03  7.8807e+03  2.7038e+07  1.1931e+04  7.8808e+03  2.0533e+06  1.1883e+04  7.8808e+03  2.9091e+07  1.1926e+04  7.8809e+03  
168         1.2423e+10  1.4623e+08  1.2217e+04  7.8842e+03  3.2655e+06  4.6626e+03  7.8842e+03  2.6615e+07  1.2149e+04  7.8842e+03  1.9961e+06  1.2101e+04  7.8842e+03  2.8611e+07  1.2145e+04  7.8844e+03  
169         1.2466e+10  1.4035e+08  1.2443e+04  7.8873e+03  3.1061e+06  4.6616e+03  7.8872e+03  2.6190e+07  1.2375e+04  7.8873e+03  1.9401e+06  1.2327e+04  7.8873e+03  2.8130e+07  1.2371e+04  7.8874e+03  
170         1.2510e+10  1.3469e+08  1.2675e+04  7.8899e+03  2.9536e+06  4.6603e+03  7.8899e+03  2.5764e+07  1.2609e+04  7.8899e+03  1.8853e+06  1.2560e+04  7.8899e+03  2.7649e+07  1.2604e+04  7.8900e+03  
171         1.2555e+10  1.2923e+08  1.2915e+04  7.8921e+03  2.8078e+06  4.6585e+03  7.8920e+03  2.5337e+07  1.2850e+04  7.8921e+03  1.8317e+06  1.2801e+04  7.8921e+03  2.7169e+07  1.2845e+04  7.8922e+03  
172         1.2601e+10  1.2398e+08  1.3163e+04  7.8938e+03  2.6686e+06  4.6563e+03  7.8937e+03  2.4911e+07  1.3098e+04  7.8938e+03  1.7792e+06  1.3050e+04  7.8938e+03  2.6690e+07  1.3094e+04  7.8939e+03  
173         1.2647e+10  1.1892e+08  1.3419e+04  7.8950e+03  2.5356e+06  4.6533e+03  7.8949e+03  2.4484e+07  1.3355e+04  7.8950e+03  1.7279e+06  1.3306e+04  7.8950e+03  2.6212e+07  1.3351e+04  7.8951e+03  
174         1.2693e+10  1.1406e+08  1.3683e+04  7.8957e+03  2.4086e+06  4.6495e+03  7.8957e+03  2.4058e+07  1.3620e+04  7.8957e+03  1.6778e+06  1.3571e+04  7.8957e+03  2.5736e+07  1.3616e+04  7.8959e+03  
175         1.2741e+10  1.0938e+08  1.3954e+04  7.8959e+03  2.2875e+06  4.6440e+03  7.8959e+03  2.3633e+07  1.3892e+04  7.8959e+03  1.6288e+06  1.3843e+04  7.8959e+03  2.5261e+07  1.3888e+04  7.8961e+03  
176         1.2789e+10  1.0489e+08  1.4235e+04  7.8956e+03  2.1719e+06  4.6390e+03  7.8955e+03  2.3208e+07  1.4175e+04  7.8956e+03  1.5809e+06  1.4125e+04  7.8956e+03  2.4789e+07  1.4170e+04  7.8957e+03  
177         1.2837e+10  1.0056e+08  1.4521e+04  7.8946e+03  2.0617e+06  4.6303e+03  7.8946e+03  2.2785e+07  1.4462e+04  7.8946e+03  1.5342e+06  1.4412e+04  7.8946e+03  2.4319e+07  1.4458e+04  7.8948e+03  
178         1.2887e+10  9.6406e+07  1.4818e+04  7.8931e+03  1.9567e+06  4.6223e+03  7.8930e+03  2.2363e+07  1.4761e+04  7.8931e+03  1.4887e+06  1.4710e+04  7.8931e+03  2.3852e+07  1.4756e+04  7.8932e+03  
179         1.2937e+10  9.2413e+07  1.5124e+04  7.8909e+03  1.8566e+06  4.6132e+03  7.8909e+03  2.1943e+07  1.5068e+04  7.8909e+03  1.4442e+06  1.5018e+04  7.8909e+03  2.3388e+07  1.5064e+04  7.8911e+03  
180         1.2988e+10  8.8577e+07  1.5440e+04  7.8881e+03  1.7612e+06  4.6031e+03  7.8880e+03  2.1526e+07  1.5385e+04  7.8881e+03  1.4009e+06  1.5334e+04  7.8881e+03  2.2927e+07  1.5381e+04  7.8883e+03  
181         1.3040e+10  8.4892e+07  1.5765e+04  7.8846e+03  1.6705e+06  4.5917e+03  7.8846e+03  2.1111e+07  1.5712e+04  7.8847e+03  1.3586e+06  1.5661e+04  7.8847e+03  2.2469e+07  1.5708e+04  7.8848e+03  
182         1.3092e+10  8.1354e+07  1.6099e+04  7.8805e+03  1.5840e+06  4.5786e+03  7.8804e+03  2.0698e+07  1.6048e+04  7.8805e+03  1.3175e+06  1.5997e+04  7.8805e+03  2.2016e+07  1.6044e+04  7.8807e+03  
183         1.3145e+10  7.7956e+07  1.6443e+04  7.8756e+03  1.5018e+06  4.5637e+03  7.8756e+03  2.0288e+07  1.6394e+04  7.8757e+03  1.2774e+06  1.6343e+04  7.8757e+03  2.1566e+07  1.6390e+04  7.8758e+03  
184         1.3199e+10  7.4695e+07  1.6797e+04  7.8700e+03  1.4236e+06  4.5469e+03  7.8700e+03  1.9882e+07  1.6750e+04  7.8701e+03  1.2383e+06  1.6698e+04  7.8701e+03  2.1120e+07  1.6746e+04  7.8702e+03  
185         1.3254e+10  7.1566e+07  1.7161e+04  7.8637e+03  1.3492e+06  4.5280e+03  7.8637e+03  1.9479e+07  1.7116e+04  7.8638e+03  1.2003e+06  1.7063e+04  7.8638e+03  2.0679e+07  1.7112e+04  7.8639e+03  
186         1.3309e+10  6.8563e+07  1.7535e+04  7.8566e+03  1.2785e+06  4.5073e+03  7.8566e+03  1.9080e+07  1.7492e+04  7.8567e+03  1.1633e+06  1.7439e+04  7.8567e+03  2.0243e+07  1.7488e+04  7.8568e+03  
187         1.3366e+10  6.5681e+07  1.7920e+04  7.8487e+03  1.2112e+06  4.4846e+03  7.8487e+03  1.8684e+07  1.7879e+04  7.8488e+03  1.1273e+06  1.7826e+04  7.8488e+03  1.9811e+07  1.7875e+04  7.8489e+03  
188         1.3423e+10  6.2918e+07  1.8315e+04  7.8400e+03  1.1473e+06  4.4599e+03  7.8400e+03  1.8292e+07  1.8277e+04  7.8400e+03  1.0923e+06  1.8224e+04  7.8400e+03  1.9385e+07  1.8273e+04  7.8402e+03  
189         1.3481e+10  6.0267e+07  1.8722e+04  7.8304e+03  1.0867e+06  4.4328e+03  7.8304e+03  1.7905e+07  1.8686e+04  7.8304e+03  1.0583e+06  1.8633e+04  7.8304e+03  1.8963e+07  1.8682e+04  7.8306e+03  
190         1.3540e+10  5.7726e+07  1.9140e+04  7.8199e+03  1.0290e+06  4.4032e+03  7.8199e+03  1.7522e+07  1.9107e+04  7.8200e+03  1.0252e+06  1.9053e+04  7.8200e+03  1.8547e+07  1.9103e+04  7.8201e+03  
191         1.3599e+10  5.5289e+07  1.9569e+04  7.8086e+03  9.7431e+05  4.3706e+03  7.8086e+03  1.7143e+07  1.9539e+04  7.8086e+03  9.9301e+05  1.9485e+04  7.8086e+03  1.8136e+07  1.9535e+04  7.8088e+03  
192         1.3660e+10  5.2953e+07  2.0010e+04  7.7963e+03  9.2237e+05  4.3351e+03  7.7963e+03  1.6770e+07  1.9982e+04  7.7963e+03  9.6175e+05  1.9928e+04  7.7963e+03  1.7731e+07  1.9978e+04  7.7965e+03  
193         1.3722e+10  5.0714e+07  2.0462e+04  7.7831e+03  8.7306e+05  4.2964e+03  7.7831e+03  1.6401e+07  2.0438e+04  7.7831e+03  9.3139e+05  2.0383e+04  7.7831e+03  1.7332e+07  2.0434e+04  7.7833e+03  
194         1.3784e+10  4.8568e+07  2.0926e+04  7.7689e+03  8.2628e+05  4.2547e+03  7.7689e+03  1.6036e+07  2.0905e+04  7.7689e+03  9.0189e+05  2.0850e+04  7.7689e+03  1.6938e+07  2.0901e+04  7.7691e+03  
195         1.3847e+10  4.6512e+07  2.1403e+04  7.7537e+03  7.8190e+05  4.2097e+03  7.7537e+03  1.5677e+07  2.1385e+04  7.7537e+03  8.7325e+05  2.1329e+04  7.7537e+03  1.6550e+07  2.1381e+04  7.7539e+03  
196         1.3911e+10  4.4542e+07  2.1892e+04  7.7375e+03  7.3980e+05  4.1613e+03  7.7376e+03  1.5323e+07  2.1877e+04  7.7376e+03  8.4544e+05  2.1821e+04  7.7376e+03  1.6169e+07  2.1873e+04  7.7377e+03  
197         1.3977e+10  4.2654e+07  2.2393e+04  7.7203e+03  6.9987e+05  4.1092e+03  7.7204e+03  1.4974e+07  2.2382e+04  7.7203e+03  8.1844e+05  2.2326e+04  7.7203e+03  1.5793e+07  2.2378e+04  7.7205e+03  
198         1.4043e+10  4.0845e+07  2.2908e+04  7.7020e+03  6.6202e+05  4.0530e+03  7.7021e+03  1.4631e+07  2.2900e+04  7.7021e+03  7.9224e+05  2.2844e+04  7.7021e+03  1.5423e+07  2.2896e+04  7.7022e+03  
199         1.4110e+10  3.9113e+07  2.3435e+04  7.6826e+03  6.2612e+05  3.9928e+03  7.6828e+03  1.4293e+07  2.3431e+04  7.6827e+03  7.6681e+05  2.3375e+04  7.6827e+03  1.5060e+07  2.3428e+04  7.6829e+03  
200         1.4178e+10  3.7453e+07  2.3975e+04  7.6622e+03  5.9210e+05  3.9277e+03  7.6624e+03  1.3960e+07  2.3976e+04  7.6623e+03  7.4213e+05  2.3918e+04  7.6623e+03  1.4702e+07  2.3972e+04  7.6625e+03  
201         1.4247e+10  3.5864e+07  2.4530e+04  7.6407e+03  5.5985e+05  3.8593e+03  7.6409e+03  1.3633e+07  2.4534e+04  7.6408e+03  7.1820e+05  2.4477e+04  7.6408e+03  1.4351e+07  2.4531e+04  7.6410e+03  
202         1.4317e+10  3.4341e+07  2.5096e+04  7.6181e+03  5.2928e+05  3.7846e+03  7.6182e+03  1.3311e+07  2.5105e+04  7.6181e+03  6.9498e+05  2.5047e+04  7.6181e+03  1.4006e+07  2.5101e+04  7.6183e+03  
203         1.4388e+10  3.2883e+07  2.5678e+04  7.5943e+03  5.0032e+05  3.7060e+03  7.5945e+03  1.2994e+07  2.5691e+04  7.5944e+03  6.7245e+05  2.5633e+04  7.5944e+03  1.3667e+07  2.5687e+04  7.5945e+03  
204         1.4460e+10  3.1487e+07  2.6274e+04  7.5694e+03  4.7288e+05  3.6223e+03  7.5696e+03  1.2683e+07  2.6291e+04  7.5694e+03  6.5061e+05  2.6233e+04  7.5694e+03  1.3334e+07  2.6287e+04  7.5696e+03  
205         1.4533e+10  3.0150e+07  2.6884e+04  7.5433e+03  4.4688e+05  3.5332e+03  7.5435e+03  1.2378e+07  2.6906e+04  7.5434e+03  6.2943e+05  2.6847e+04  7.5434e+03  1.3007e+07  2.6902e+04  7.5435e+03  
206         1.4607e+10  2.8870e+07  2.7508e+04  7.5160e+03  4.2224e+05  3.4385e+03  7.5163e+03  1.2078e+07  2.7535e+04  7.5161e+03  6.0889e+05  2.7476e+04  7.5161e+03  1.2687e+07  2.7531e+04  7.5163e+03  
207         1.4683e+10  2.7644e+07  2.8147e+04  7.4876e+03  3.9891e+05  3.3378e+03  7.4880e+03  1.1784e+07  2.8179e+04  7.4877e+03  5.8898e+05  2.8120e+04  7.4877e+03  1.2373e+07  2.8176e+04  7.4879e+03  
208         1.4759e+10  2.6470e+07  2.8801e+04  7.4581e+03  3.7681e+05  3.2312e+03  7.4584e+03  1.1495e+07  2.8839e+04  7.4582e+03  5.6968e+05  2.8780e+04  7.4582e+03  1.2064e+07  2.8835e+04  7.4583e+03  
209         1.4837e+10  2.5345e+07  2.9471e+04  7.4273e+03  3.5587e+05  3.1184e+03  7.4277e+03  1.1211e+07  2.9514e+04  7.4274e+03  5.5096e+05  2.9454e+04  7.4274e+03  1.1762e+07  2.9510e+04  7.4276e+03  
210         1.4915e+10  2.4269e+07  3.0156e+04  7.3954e+03  3.3604e+05  2.9992e+03  7.3958e+03  1.0933e+07  3.0204e+04  7.3955e+03  5.3282e+05  3.0145e+04  7.3955e+03  1.1466e+07  3.0201e+04  7.3957e+03  
211         1.4995e+10  2.3238e+07  3.0857e+04  7.3624e+03  3.1726e+05  2.8733e+03  7.3628e+03  1.0660e+07  3.0911e+04  7.3625e+03  5.1524e+05  3.0851e+04  7.3625e+03  1.1175e+07  3.0908e+04  7.3626e+03  
212         1.5076e+10  2.2250e+07  3.1574e+04  7.3281e+03  2.9948e+05  2.7402e+03  7.3286e+03  1.0393e+07  3.1634e+04  7.3282e+03  4.9820e+05  3.1574e+04  7.3282e+03  1.0891e+07  3.1631e+04  7.3284e+03  
213         1.5158e+10  2.1305e+07  3.2308e+04  7.2927e+03  2.8263e+05  2.5998e+03  7.2933e+03  1.0130e+07  3.2374e+04  7.2928e+03  4.8168e+05  3.2314e+04  7.2928e+03  1.0612e+07  3.2370e+04  7.2930e+03  
214         1.5241e+10  2.0400e+07  3.3058e+04  7.2562e+03  2.6668e+05  2.4518e+03  7.2567e+03  9.8733e+06  3.3130e+04  7.2563e+03  4.6568e+05  3.3070e+04  7.2563e+03  1.0339e+07  3.3127e+04  7.2565e+03  
215         1.5326e+10  1.9532e+07  3.3825e+04  7.2185e+03  2.5158e+05  2.2962e+03  7.2191e+03  9.6214e+06  3.3904e+04  7.2186e+03  4.5016e+05  3.3844e+04  7.2186e+03  1.0072e+07  3.3900e+04  7.2188e+03  
216         1.5412e+10  1.8702e+07  3.4609e+04  7.1797e+03  2.3728e+05  2.1325e+03  7.1803e+03  9.3746e+06  3.4695e+04  7.1798e+03  4.3513e+05  3.4635e+04  7.1798e+03  9.8097e+06  3.4692e+04  7.1800e+03  
217         1.5499e+10  1.7907e+07  3.5411e+04  7.1397e+03  2.2374e+05  1.9604e+03  7.1405e+03  9.1328e+06  3.5505e+04  7.1399e+03  4.2056e+05  3.5444e+04  7.1399e+03  9.5534e+06  3.5501e+04  7.1400e+03  
218         1.5587e+10  1.7145e+07  3.6231e+04  7.0987e+03  2.1092e+05  1.7796e+03  7.0995e+03  8.8960e+06  3.6332e+04  7.0988e+03  4.0645e+05  3.6271e+04  7.0988e+03  9.3024e+06  3.6329e+04  7.0990e+03  
219         1.5677e+10  1.6415e+07  3.7070e+04  7.0566e+03  1.9878e+05  1.5899e+03  7.0574e+03  8.6640e+06  3.7178e+04  7.0567e+03  3.9277e+05  3.7117e+04  7.0567e+03  9.0568e+06  3.7175e+04  7.0569e+03  
220         1.5768e+10  1.5716e+07  3.7927e+04  7.0134e+03  1.8729e+05  1.3910e+03  7.0143e+03  8.4368e+06  3.8043e+04  7.0135e+03  3.7951e+05  3.7982e+04  7.0135e+03  8.8163e+06  3.8040e+04  7.0137e+03  
221         1.5860e+10  1.5047e+07  3.8804e+04  6.9692e+03  1.7641e+05  1.1826e+03  6.9701e+03  8.2144e+06  3.8928e+04  6.9693e+03  3.6667e+05  3.8867e+04  6.9693e+03  8.5811e+06  3.8924e+04  6.9695e+03  
222         1.5953e+10  1.4405e+07  3.9700e+04  6.9239e+03  1.6612e+05  9.6446e+02  6.9250e+03  7.9966e+06  3.9832e+04  6.9241e+03  3.5422e+05  3.9771e+04  6.9241e+03  8.3508e+06  3.9829e+04  6.9243e+03  
223         1.6048e+10  1.3791e+07  4.0617e+04  6.8777e+03  1.5637e+05  7.3616e+02  6.8788e+03  7.7834e+06  4.0758e+04  6.8779e+03  3.4216e+05  4.0696e+04  6.8779e+03  8.1256e+06  4.0754e+04  6.8780e+03  
224         1.6145e+10  1.3202e+07  4.1554e+04  6.8305e+03  1.4715e+05  4.9752e+02  6.8317e+03  7.5748e+06  4.1704e+04  6.8306e+03  3.3048e+05  4.1642e+04  6.8306e+03  7.9052e+06  4.1700e+04  6.8308e+03  
225         1.6242e+10  1.2638e+07  4.2512e+04  6.7823e+03  1.3842e+05  2.4793e+02  6.7836e+03  7.3705e+06  4.2671e+04  6.7825e+03  3.1916e+05  4.2610e+04  6.7825e+03  7.6897e+06  4.2668e+04  6.7827e+03  
226         1.6342e+10  1.2098e+07  4.3493e+04  6.7333e+03  1.3017e+05  -1.1879e+01 6.7346e+03  7.1706e+06  4.3661e+04  6.7334e+03  3.0819e+05  4.3600e+04  6.7334e+03  7.4788e+06  4.3658e+04  6.7336e+03  
227         1.6442e+10  1.1580e+07  4.4494e+04  6.6833e+03  1.2235e+05  -2.8397e+02 6.6847e+03  6.9750e+06  4.4672e+04  6.6835e+03  2.9756e+05  4.4611e+04  6.6835e+03  7.2726e+06  4.4669e+04  6.6836e+03  
228         1.6544e+10  1.1084e+07  4.5519e+04  6.6325e+03  1.1496e+05  -5.6709e+02 6.6340e+03  6.7837e+06  4.5708e+04  6.6326e+03  2.8727e+05  4.5647e+04  6.6326e+03  7.0709e+06  4.5704e+04  6.6328e+03  
229         1.6648e+10  1.0609e+07  4.6569e+04  6.5808e+03  1.0798e+05  -8.6193e+02 6.5824e+03  6.5965e+06  4.6767e+04  6.5810e+03  2.7729e+05  4.6706e+04  6.5810e+03  6.8738e+06  4.6764e+04  6.5811e+03  
230         1.6753e+10  1.0153e+07  4.7642e+04  6.5283e+03  1.0137e+05  -1.1689e+03 6.5300e+03  6.4133e+06  4.7851e+04  6.5285e+03  2.6763e+05  4.7790e+04  6.5285e+03  6.6809e+06  4.7848e+04  6.5287e+03  
231         1.6860e+10  9.7166e+06  4.8740e+04  6.4751e+03  9.5126e+04  -1.4883e+03 6.4769e+03  6.2342e+06  4.8961e+04  6.4753e+03  2.5827e+05  4.8900e+04  6.4753e+03  6.4925e+06  4.8958e+04  6.4754e+03  
232         1.6968e+10  9.2983e+06  4.9865e+04  6.4211e+03  8.9223e+04  -1.8204e+03 6.4230e+03  6.0590e+06  5.0096e+04  6.4213e+03  2.4920e+05  5.0036e+04  6.4213e+03  6.3082e+06  5.0093e+04  6.4214e+03  
233         1.7078e+10  8.8974e+06  5.1016e+04  6.3664e+03  8.3646e+04  -2.1656e+03 6.3684e+03  5.8877e+06  5.1259e+04  6.3666e+03  2.4042e+05  5.1199e+04  6.3666e+03  6.1281e+06  5.1256e+04  6.3667e+03  
234         1.7189e+10  8.5131e+06  5.2195e+04  6.3110e+03  7.8379e+04  -2.5242e+03 6.3131e+03  5.7201e+06  5.2450e+04  6.3112e+03  2.3191e+05  5.2390e+04  6.3112e+03  5.9521e+06  5.2447e+04  6.3114e+03  
235         1.7302e+10  8.1449e+06  5.3402e+04  6.2549e+03  7.3404e+04  -2.8967e+03 6.2572e+03  5.5564e+06  5.3670e+04  6.2551e+03  2.2368e+05  5.3609e+04  6.2551e+03  5.7800e+06  5.3667e+04  6.2553e+03  
236         1.7417e+10  7.7920e+06  5.4639e+04  6.1983e+03  6.8709e+04  -3.2836e+03 6.2007e+03  5.3963e+06  5.4919e+04  6.1985e+03  2.1570e+05  5.4859e+04  6.1985e+03  5.6119e+06  5.4916e+04  6.1986e+03  
237         1.7533e+10  7.4538e+06  5.5905e+04  6.1410e+03  6.4278e+04  -3.6854e+03 6.1436e+03  5.2398e+06  5.6199e+04  6.1412e+03  2.0797e+05  5.6139e+04  6.1412e+03  5.4477e+06  5.6196e+04  6.1414e+03  
238         1.7651e+10  7.1297e+06  5.7203e+04  6.0832e+03  6.0098e+04  -4.1026e+03 6.0859e+03  5.0868e+06  5.7511e+04  6.0834e+03  2.0049e+05  5.7451e+04  6.0834e+03  5.2873e+06  5.7508e+04  6.0836e+03  
239         1.7771e+10  6.8190e+06  5.8532e+04  6.0248e+03  5.6157e+04  -4.5356e+03 6.0277e+03  4.9373e+06  5.8854e+04  6.0251e+03  1.9325e+05  5.8794e+04  6.0251e+03  5.1306e+06  5.8851e+04  6.0252e+03  
240         1.7892e+10  6.5213e+06  5.9895e+04  5.9660e+03  5.2443e+04  -4.9851e+03 5.9690e+03  4.7913e+06  6.0231e+04  5.9662e+03  1.8624e+05  6.0171e+04  5.9662e+03  4.9776e+06  6.0228e+04  5.9664e+03  
241         1.8015e+10  6.2360e+06  6.1291e+04  5.9067e+03  4.8944e+04  -5.4514e+03 5.9099e+03  4.6487e+06  6.1642e+04  5.9069e+03  1.7946e+05  6.1583e+04  5.9069e+03  4.8281e+06  6.1639e+04  5.9071e+03  
242         1.8140e+10  5.9626e+06  6.2722e+04  5.8469e+03  4.5649e+04  -5.9352e+03 5.8503e+03  4.5093e+06  6.3089e+04  5.8471e+03  1.7289e+05  6.3029e+04  5.8471e+03  4.6822e+06  6.3086e+04  5.8473e+03  
243         1.8267e+10  5.7006e+06  6.4189e+04  5.7867e+03  4.2548e+04  -6.4369e+03 5.7903e+03  4.3732e+06  6.4572e+04  5.7869e+03  1.6653e+05  6.4512e+04  5.7869e+03  4.5398e+06  6.4569e+04  5.7871e+03  
244         1.8396e+10  5.4496e+06  6.5693e+04  5.7261e+03  3.9631e+04  -6.9571e+03 5.7299e+03  4.2404e+06  6.6092e+04  5.7264e+03  1.6038e+05  6.6033e+04  5.7264e+03  4.4007e+06  6.6089e+04  5.7265e+03  
245         1.8527e+10  5.2090e+06  6.7235e+04  5.6652e+03  3.6890e+04  -7.4962e+03 5.6692e+03  4.1106e+06  6.7651e+04  5.6654e+03  1.5443e+05  6.7593e+04  5.6654e+03  4.2651e+06  6.7649e+04  5.6656e+03  
246         1.8659e+10  4.9785e+06  6.8817e+04  5.6039e+03  3.4313e+04  -8.0550e+03 5.6081e+03  3.9840e+06  6.9251e+04  5.6042e+03  1.4868e+05  6.9192e+04  5.6042e+03  4.1327e+06  6.9248e+04  5.6044e+03  
247         1.8794e+10  4.7576e+06  7.0439e+04  5.5424e+03  3.1894e+04  -8.6338e+03 5.5468e+03  3.8604e+06  7.0891e+04  5.5426e+03  1.4311e+05  7.0833e+04  5.5426e+03  4.0035e+06  7.0889e+04  5.5428e+03  
248         1.8930e+10  4.5460e+06  7.2104e+04  5.4805e+03  2.9625e+04  -9.2332e+03 5.4852e+03  3.7398e+06  7.2575e+04  5.4808e+03  1.3773e+05  7.2517e+04  5.4808e+03  3.8776e+06  7.2572e+04  5.4810e+03  
249         1.9068e+10  4.3433e+06  7.3812e+04  5.4184e+03  2.7496e+04  -9.8537e+03 5.4233e+03  3.6222e+06  7.4302e+04  5.4187e+03  1.3252e+05  7.4245e+04  5.4187e+03  3.7547e+06  7.4300e+04  5.4189e+03  
250         1.9209e+10  4.1491e+06  7.5565e+04  5.3561e+03  2.5502e+04  -1.0496e+04 5.3612e+03  3.5074e+06  7.6075e+04  5.3564e+03  1.2749e+05  7.6018e+04  5.3564e+03  3.6349e+06  7.6073e+04  5.3566e+03  
251         1.9351e+10  3.9630e+06  7.7365e+04  5.2936e+03  2.3634e+04  -1.1160e+04 5.2990e+03  3.3955e+06  7.7896e+04  5.2939e+03  1.2262e+05  7.7839e+04  5.2939e+03  3.5181e+06  7.7893e+04  5.2941e+03  
252         1.9496e+10  3.7849e+06  7.9212e+04  5.2309e+03  2.1886e+04  -1.1848e+04 5.2366e+03  3.2864e+06  7.9764e+04  5.2312e+03  1.1792e+05  7.9707e+04  5.2312e+03  3.4043e+06  7.9761e+04  5.2314e+03  
253         1.9643e+10  3.6142e+06  8.1109e+04  5.1681e+03  2.0252e+04  -1.2558e+04 5.1741e+03  3.1801e+06  8.1682e+04  5.1684e+03  1.1338e+05  8.1626e+04  5.1684e+03  3.2934e+06  8.1680e+04  5.1686e+03  
254         1.9791e+10  3.4508e+06  8.3057e+04  5.1051e+03  1.8726e+04  -1.3292e+04 5.1114e+03  3.0764e+06  8.3653e+04  5.1055e+03  1.0899e+05  8.3597e+04  5.1055e+03  3.1854e+06  8.3651e+04  5.1056e+03  
255         1.9942e+10  3.2943e+06  8.5057e+04  5.0421e+03  1.7300e+04  -1.4049e+04 5.0487e+03  2.9754e+06  8.5677e+04  5.0424e+03  1.0475e+05  8.5621e+04  5.0424e+03  3.0802e+06  8.5675e+04  5.0426e+03  
256         2.0096e+10  3.1445e+06  8.7113e+04  4.9789e+03  1.5971e+04  -1.4831e+04 4.9859e+03  2.8770e+06  8.7756e+04  4.9793e+03  1.0066e+05  8.7701e+04  4.9793e+03  2.9777e+06  8.7754e+04  4.9795e+03  
257         2.0251e+10  3.0010e+06  8.9224e+04  4.9158e+03  1.4732e+04  -1.5637e+04 4.9230e+03  2.7812e+06  8.9893e+04  4.9162e+03  9.6704e+04  8.9838e+04  4.9161e+03  2.8779e+06  8.9891e+04  4.9163e+03  
258         2.0409e+10  2.8637e+06  9.1395e+04  4.8526e+03  1.3578e+04  -1.6467e+04 4.8602e+03  2.6879e+06  9.2089e+04  4.8530e+03  9.2888e+04  9.2034e+04  4.8530e+03  2.7808e+06  9.2087e+04  4.8531e+03  
259         2.0569e+10  2.7322e+06  9.3625e+04  4.7894e+03  1.2505e+04  -1.7322e+04 4.7973e+03  2.5971e+06  9.4346e+04  4.7898e+03  8.9205e+04  9.4291e+04  4.7898e+03  2.6863e+06  9.4344e+04  4.7900e+03  
260         2.0731e+10  2.6064e+06  9.5918e+04  4.7262e+03  1.1508e+04  -1.8201e+04 4.7345e+03  2.5087e+06  9.6667e+04  4.7266e+03  8.5650e+04  9.6612e+04  4.7266e+03  2.5943e+06  9.6664e+04  4.7268e+03  
261         2.0896e+10  2.4861e+06  9.8276e+04  4.6631e+03  1.0581e+04  -1.9103e+04 4.6717e+03  2.4227e+06  9.9053e+04  4.6635e+03  8.2221e+04  9.8998e+04  4.6635e+03  2.5049e+06  9.9050e+04  4.6637e+03  
262         2.1063e+10  2.3709e+06  1.0070e+05  4.6000e+03  9.7217e+03  -2.0029e+04 4.6090e+03  2.3390e+06  1.0151e+05  4.6005e+03  7.8914e+04  1.0145e+05  4.6005e+03  2.4179e+06  1.0150e+05  4.6006e+03  
263         2.1232e+10  2.2607e+06  1.0319e+05  4.5370e+03  8.9250e+03  -2.0978e+04 4.5464e+03  2.2576e+06  1.0403e+05  4.5375e+03  7.5724e+04  1.0398e+05  4.5375e+03  2.3334e+06  1.0403e+05  4.5377e+03  
264         2.1404e+10  2.1552e+06  1.0576e+05  4.4742e+03  8.1872e+03  -2.1948e+04 4.4839e+03  2.1785e+06  1.0663e+05  4.4747e+03  7.2649e+04  1.0657e+05  4.4746e+03  2.2512e+06  1.0662e+05  4.4748e+03  
265         2.1579e+10  2.0544e+06  1.0840e+05  4.4114e+03  7.5046e+03  -2.2938e+04 4.4215e+03  2.1017e+06  1.0930e+05  4.4119e+03  6.9684e+04  1.0925e+05  4.4119e+03  2.1713e+06  1.0930e+05  4.4121e+03  
266         2.1756e+10  1.9580e+06  1.1111e+05  4.3489e+03  6.8738e+03  -2.3948e+04 4.3592e+03  2.0270e+06  1.1205e+05  4.3494e+03  6.6827e+04  1.1199e+05  4.3494e+03  2.0938e+06  1.1205e+05  4.3495e+03  
267         2.1936e+10  1.8658e+06  1.1391e+05  4.2865e+03  6.2912e+03  -2.4974e+04 4.2971e+03  1.9544e+06  1.1488e+05  4.2870e+03  6.4074e+04  1.1483e+05  4.2870e+03  2.0185e+06  1.1488e+05  4.2872e+03  
268         2.2118e+10  1.7777e+06  1.1679e+05  4.2242e+03  5.7539e+03  -2.6015e+04 4.2352e+03  1.8839e+06  1.1779e+05  4.2248e+03  6.1422e+04  1.1774e+05  4.2248e+03  1.9453e+06  1.1779e+05  4.2250e+03  
269         2.2303e+10  1.6934e+06  1.1975e+05  4.1622e+03  5.2588e+03  -2.7069e+04 4.1734e+03  1.8155e+06  1.2079e+05  4.1628e+03  5.8868e+04  1.2074e+05  4.1628e+03  1.8744e+06  1.2079e+05  4.1630e+03  
270         2.2491e+10  1.6129e+06  1.2280e+05  4.1005e+03  4.8029e+03  -2.8131e+04 4.1118e+03  1.7491e+06  1.2388e+05  4.1011e+03  5.6409e+04  1.2383e+05  4.1011e+03  1.8055e+06  1.2388e+05  4.1012e+03  
271         2.2681e+10  1.5359e+06  1.2594e+05  4.0390e+03  4.3836e+03  -2.9198e+04 4.0504e+03  1.6847e+06  1.2706e+05  4.0396e+03  5.4042e+04  1.2701e+05  4.0396e+03  1.7387e+06  1.2706e+05  4.0398e+03  
272         2.2874e+10  1.4624e+06  1.2918e+05  3.9777e+03  3.9984e+03  -3.0265e+04 3.9893e+03  1.6222e+06  1.3034e+05  3.9784e+03  5.1764e+04  1.3029e+05  3.9784e+03  1.6739e+06  1.3033e+05  3.9785e+03  
273         2.3070e+10  1.3922e+06  1.3251e+05  3.9168e+03  3.6448e+03  -3.1328e+04 3.9283e+03  1.5616e+06  1.3371e+05  3.9175e+03  4.9571e+04  1.3366e+05  3.9175e+03  1.6111e+06  1.3371e+05  3.9176e+03  
274         2.3269e+10  1.3251e+06  1.3595e+05  3.8562e+03  3.3206e+03  -3.2382e+04 3.8676e+03  1.5028e+06  1.3719e+05  3.8569e+03  4.7462e+04  1.3714e+05  3.8569e+03  1.5503e+06  1.3719e+05  3.8570e+03  
275         2.3471e+10  1.2610e+06  1.3949e+05  3.7959e+03  3.0236e+03  -3.3418e+04 3.8071e+03  1.4459e+06  1.4077e+05  3.7966e+03  4.5434e+04  1.4072e+05  3.7966e+03  1.4913e+06  1.4077e+05  3.7968e+03  
276         2.3675e+10  1.1999e+06  1.4314e+05  3.7359e+03  2.7517e+03  -3.4431e+04 3.7468e+03  1.3907e+06  1.4447e+05  3.7367e+03  4.3484e+04  1.4442e+05  3.7367e+03  1.4342e+06  1.4447e+05  3.7368e+03  
277         2.3883e+10  1.1415e+06  1.4690e+05  3.6763e+03  2.5032e+03  -3.5411e+04 3.6867e+03  1.3373e+06  1.4828e+05  3.6771e+03  4.1610e+04  1.4823e+05  3.6771e+03  1.3789e+06  1.4828e+05  3.6773e+03  
278         2.4094e+10  1.0858e+06  1.5078e+05  3.6171e+03  2.2761e+03  -3.6350e+04 3.6268e+03  1.2856e+06  1.5220e+05  3.6180e+03  3.9808e+04  1.5216e+05  3.6180e+03  1.3254e+06  1.5220e+05  3.6181e+03  
279         2.4308e+10  1.0326e+06  1.5477e+05  3.5584e+03  2.0689e+03  -3.7237e+04 3.5671e+03  1.2356e+06  1.5625e+05  3.5592e+03  3.8077e+04  1.5620e+05  3.5592e+03  1.2737e+06  1.5625e+05  3.5594e+03  
280         2.4525e+10  9.8190e+05  1.5890e+05  3.5000e+03  1.8800e+03  -3.8061e+04 3.5076e+03  1.1872e+06  1.6043e+05  3.5009e+03  3.6414e+04  1.6038e+05  3.5009e+03  1.2236e+06  1.6042e+05  3.5011e+03  
281         2.4745e+10  9.3352e+05  1.6315e+05  3.4421e+03  1.7078e+03  -3.8809e+04 3.4482e+03  1.1404e+06  1.6473e+05  3.4430e+03  3.4817e+04  1.6468e+05  3.4430e+03  1.1752e+06  1.6473e+05  3.4432e+03  
282         2.4968e+10  8.8738e+05  1.6753e+05  3.3846e+03  1.5512e+03  -3.9466e+04 3.3890e+03  1.0951e+06  1.6917e+05  3.3855e+03  3.3284e+04  1.6912e+05  3.3855e+03  1.1284e+06  1.6917e+05  3.3857e+03  
283         2.5195e+10  8.4339e+05  1.7205e+05  3.3276e+03  1.4087e+03  -4.0019e+04 3.3300e+03  1.0513e+06  1.7375e+05  3.3286e+03  3.1812e+04  1.7370e+05  3.3286e+03  1.0832e+06  1.7374e+05  3.3288e+03  
284         2.5424e+10  8.0146e+05  1.7671e+05  3.2710e+03  1.2792e+03  -4.0451e+04 3.2710e+03  1.0091e+06  1.7847e+05  3.2721e+03  3.0400e+04  1.7842e+05  3.2721e+03  1.0395e+06  1.7846e+05  3.2723e+03  
285         2.5658e+10  7.6149e+05  1.8152e+05  3.2150e+03  1.1616e+03  -4.0744e+04 3.2122e+03  9.6826e+05  1.8334e+05  3.2161e+03  2.9045e+04  1.8329e+05  3.2161e+03  9.9730e+05  1.8333e+05  3.2163e+03  
286         2.5894e+10  7.2341e+05  1.8648e+05  3.1595e+03  1.0549e+03  -4.0880e+04 3.1534e+03  9.2885e+05  1.8836e+05  3.1607e+03  2.7745e+04  1.8831e+05  3.1606e+03  9.5660e+05  1.8836e+05  3.1608e+03  
287         2.6134e+10  6.8712e+05  1.9160e+05  3.1045e+03  9.5818e+02  -4.0839e+04 3.0947e+03  8.9082e+05  1.9354e+05  3.1057e+03  2.6499e+04  1.9349e+05  3.1057e+03  9.1732e+05  1.9354e+05  3.1059e+03  
288         2.6378e+10  6.5257e+05  1.9688e+05  3.0501e+03  8.7049e+02  -4.0601e+04 3.0360e+03  8.5413e+05  1.9888e+05  3.0514e+03  2.5304e+04  1.9884e+05  3.0513e+03  8.7943e+05  1.9888e+05  3.0515e+03  
289         2.6625e+10  6.1966e+05  2.0232e+05  2.9962e+03  7.9107e+02  -4.0143e+04 2.9774e+03  8.1874e+05  2.0440e+05  2.9975e+03  2.4159e+04  2.0435e+05  2.9975e+03  8.4290e+05  2.0440e+05  2.9977e+03  
290         2.6876e+10  5.8833e+05  2.0794e+05  2.9429e+03  7.1916e+02  -3.9444e+04 2.9188e+03  7.8463e+05  2.1008e+05  2.9443e+03  2.3062e+04  2.1004e+05  2.9443e+03  8.0769e+05  2.1008e+05  2.9445e+03  
291         2.7130e+10  5.5851e+05  2.1373e+05  2.8902e+03  6.5408e+02  -3.8482e+04 2.8603e+03  7.5176e+05  2.1595e+05  2.8916e+03  2.2011e+04  2.1591e+05  2.8916e+03  7.7377e+05  2.1595e+05  2.8918e+03  
292         2.7388e+10  5.3012e+05  2.1971e+05  2.8381e+03  5.9520e+02  -3.7232e+04 2.8018e+03  7.2009e+05  2.2200e+05  2.8396e+03  2.1004e+04  2.2196e+05  2.8396e+03  7.4109e+05  2.2200e+05  2.8398e+03  
293         2.7650e+10  5.0312e+05  2.2588e+05  2.7865e+03  5.4193e+02  -3.5674e+04 2.7434e+03  6.8959e+05  2.2824e+05  2.7881e+03  2.0041e+04  2.2820e+05  2.7881e+03  7.0963e+05  2.2824e+05  2.7883e+03  
294         2.7916e+10  4.7743e+05  2.3223e+05  2.7356e+03  4.9376e+02  -3.3783e+04 2.6851e+03  6.6023e+05  2.3468e+05  2.7373e+03  1.9118e+04  2.3464e+05  2.7373e+03  6.7935e+05  2.3468e+05  2.7375e+03  
295         2.8186e+10  4.5300e+05  2.3879e+05  2.6854e+03  4.5019e+02  -3.1537e+04 2.6269e+03  6.3199e+05  2.4132e+05  2.6871e+03  1.8235e+04  2.4127e+05  2.6871e+03  6.5022e+05  2.4131e+05  2.6873e+03  
296         2.8459e+10  4.2977e+05  2.4555e+05  2.6357e+03  4.1078e+02  -2.8915e+04 2.5689e+03  6.0481e+05  2.4816e+05  2.6376e+03  1.7391e+04  2.4812e+05  2.6376e+03  6.2220e+05  2.4816e+05  2.6378e+03  
297         2.8737e+10  4.0769e+05  2.5252e+05  2.5868e+03  3.7513e+02  -2.5896e+04 2.5111e+03  5.7868e+05  2.5522e+05  2.5887e+03  1.6583e+04  2.5518e+05  2.5887e+03  5.9527e+05  2.5521e+05  2.5889e+03  
298         2.9018e+10  3.8670e+05  2.5971e+05  2.5384e+03  3.4287e+02  -2.2461e+04 2.4536e+03  5.5357e+05  2.6249e+05  2.5405e+03  1.5810e+04  2.6245e+05  2.5405e+03  5.6938e+05  2.6249e+05  2.5407e+03  
299         2.9304e+10  3.6675e+05  2.6712e+05  2.4908e+03  3.1367e+02  -1.8591e+04 2.3964e+03  5.2944e+05  2.6999e+05  2.4929e+03  1.5071e+04  2.6995e+05  2.4929e+03  5.4451e+05  2.6999e+05  2.4931e+03  
300         2.9594e+10  3.4780e+05  2.7475e+05  2.4438e+03  2.8723e+02  -1.4270e+04 2.3397e+03  5.0626e+05  2.7771e+05  2.4461e+03  1.4365e+04  2.7767e+05  2.4460e+03  5.2062e+05  2.7771e+05  2.4463e+03  
301         2.9888e+10  3.2980e+05  2.8262e+05  2.3975e+03  2.6327e+02  -9.4828e+03 2.2835e+03  4.8400e+05  2.8567e+05  2.3999e+03  1.3691e+04  2.8564e+05  2.3999e+03  4.9769e+05  2.8567e+05  2.4001e+03  
302         3.0186e+10  3.1271e+05  2.9073e+05  2.3519e+03  2.4154e+02  -4.2152e+03 2.2278e+03  4.6264e+05  2.9388e+05  2.3544e+03  1.3046e+04  2.9384e+05  2.3544e+03  4.7568e+05  2.9388e+05  2.3546e+03  
303         3.0489e+10  2.9648e+05  2.9908e+05  2.3070e+03  2.2184e+02  1.5437e+03  2.1727e+03  4.4214e+05  3.0233e+05  2.3096e+03  1.2431e+04  3.0229e+05  2.3096e+03  4.5457e+05  3.0233e+05  2.3098e+03  
304         3.0796e+10  2.8107e+05  3.0769e+05  2.2628e+03  2.0395e+02  7.8042e+03  2.1183e+03  4.2248e+05  3.1104e+05  2.2655e+03  1.1843e+04  3.1100e+05  2.2655e+03  4.3432e+05  3.1103e+05  2.2657e+03  
305         3.1108e+10  2.6645e+05  3.1655e+05  2.2192e+03  1.8769e+02  1.4574e+04  2.0646e+03  4.0363e+05  3.2000e+05  2.2221e+03  1.1282e+04  3.1996e+05  2.2221e+03  4.1491e+05  3.2000e+05  2.2223e+03  
306         3.1424e+10  2.5257e+05  3.2567e+05  2.1764e+03  1.7290e+02  2.1861e+04  2.0117e+03  3.8556e+05  3.2923e+05  2.1795e+03  1.0747e+04  3.2919e+05  2.1795e+03  3.9630e+05  3.2923e+05  2.1797e+03  
307         3.1745e+10  2.3941e+05  3.3506e+05  2.1343e+03  1.5944e+02  2.9668e+04  1.9597e+03  3.6824e+05  3.3872e+05  2.1375e+03  1.0236e+04  3.3869e+05  2.1375e+03  3.7848e+05  3.3872e+05  2.1377e+03  
308         3.2070e+10  2.2692e+05  3.4472e+05  2.0929e+03  1.4718e+02  3.8001e+04  1.9086e+03  3.5166e+05  3.4849e+05  2.0963e+03  9.7486e+03  3.4846e+05  2.0963e+03  3.6141e+05  3.4849e+05  2.0965e+03  
309         3.2401e+10  2.1507e+05  3.5466e+05  2.0523e+03  1.3599e+02  4.6860e+04  1.8584e+03  3.3577e+05  3.5855e+05  2.0558e+03  9.2837e+03  3.5851e+05  2.0558e+03  3.4506e+05  3.5854e+05  2.0560e+03  
310         3.2736e+10  2.0384e+05  3.6489e+05  2.0123e+03  1.2578e+02  5.6247e+04  1.8091e+03  3.2057e+05  3.6888e+05  2.0160e+03  8.8405e+03  3.6885e+05  2.0160e+03  3.2941e+05  3.6888e+05  2.0162e+03  
311         3.3076e+10  1.9319e+05  3.7540e+05  1.9730e+03  1.1644e+02  6.6161e+04  1.7609e+03  3.0602e+05  3.7951e+05  1.9770e+03  8.4179e+03  3.7948e+05  1.9770e+03  3.1444e+05  3.7951e+05  1.9772e+03  
312         3.3420e+10  1.8310e+05  3.8621e+05  1.9345e+03  1.0790e+02  7.6602e+04  1.7137e+03  2.9210e+05  3.9044e+05  1.9386e+03  8.0151e+03  3.9041e+05  1.9386e+03  3.0012e+05  3.9044e+05  1.9389e+03  
313         3.3770e+10  1.7353e+05  3.9733e+05  1.8967e+03  1.0008e+02  8.7565e+04  1.6675e+03  2.7879e+05  4.0167e+05  1.9010e+03  7.6313e+03  4.0164e+05  1.9010e+03  2.8642e+05  4.0167e+05  1.9013e+03  
314         3.4126e+10  1.6446e+05  4.0874e+05  1.8596e+03  9.2909e+01  9.9049e+04  1.6224e+03  2.6606e+05  4.1321e+05  1.8642e+03  7.2655e+03  4.1318e+05  1.8642e+03  2.7332e+05  4.1321e+05  1.8644e+03  
315         3.4486e+10  1.5587e+05  4.2047e+05  1.8232e+03  8.6325e+01  1.1105e+05  1.5783e+03  2.5389e+05  4.2506e+05  1.8280e+03  6.9171e+03  4.2503e+05  1.8280e+03  2.6081e+05  4.2506e+05  1.8282e+03  
316         3.4851e+10  1.4772e+05  4.3251e+05  1.7875e+03  8.0276e+01  1.2356e+05  1.5353e+03  2.4226e+05  4.3723e+05  1.7926e+03  6.5853e+03  4.3720e+05  1.7926e+03  2.4885e+05  4.3723e+05  1.7928e+03  
317         3.5222e+10  1.4001e+05  4.4487e+05  1.7525e+03  7.4712e+01  1.3659e+05  1.4933e+03  2.3115e+05  4.4971e+05  1.7578e+03  6.2693e+03  4.4968e+05  1.7578e+03  2.3742e+05  4.4971e+05  1.7581e+03  
318         3.5598e+10  1.3270e+05  4.5755e+05  1.7182e+03  6.9589e+01  1.5011e+05  1.4524e+03  2.2054e+05  4.6252e+05  1.7238e+03  5.9684e+03  4.6249e+05  1.7238e+03  2.2650e+05  4.6252e+05  1.7241e+03  
319         3.5980e+10  1.2578e+05  4.7056e+05  1.6846e+03  6.4867e+01  1.6413e+05  1.4125e+03  2.1040e+05  4.7566e+05  1.6905e+03  5.6819e+03  4.7563e+05  1.6905e+03  2.1608e+05  4.7566e+05  1.6908e+03  
320         3.6367e+10  1.1923e+05  4.8390e+05  1.6517e+03  6.0511e+01  1.7865e+05  1.3737e+03  2.0072e+05  4.8914e+05  1.6579e+03  5.4092e+03  4.8911e+05  1.6579e+03  2.0613e+05  4.8914e+05  1.6582e+03  
321         3.6760e+10  1.1302e+05  4.9758e+05  1.6194e+03  5.6488e+01  1.9365e+05  1.3359e+03  1.9148e+05  5.0295e+05  1.6260e+03  5.1496e+03  5.0292e+05  1.6260e+03  1.9663e+05  5.0295e+05  1.6262e+03  
322         3.7159e+10  1.0714e+05  5.1160e+05  1.5878e+03  5.2770e+01  2.0913e+05  1.2991e+03  1.8267e+05  5.1710e+05  1.5948e+03  4.9026e+03  5.1708e+05  1.5948e+03  1.8757e+05  5.1710e+05  1.5950e+03  
323         3.7564e+10  1.0158e+05  5.2596e+05  1.5569e+03  4.9330e+01  2.2509e+05  1.2633e+03  1.7425e+05  5.3160e+05  1.5642e+03  4.6676e+03  5.3158e+05  1.5642e+03  1.7892e+05  5.3160e+05  1.5645e+03  
324         3.7974e+10  9.6308e+04  5.4067e+05  1.5267e+03  4.6144e+01  2.4152e+05  1.2285e+03  1.6622e+05  5.4645e+05  1.5344e+03  4.4440e+03  5.4643e+05  1.5344e+03  1.7067e+05  5.4645e+05  1.5346e+03  
325         3.8391e+10  9.1318e+04  5.5573e+05  1.4971e+03  4.3190e+01  2.5841e+05  1.1947e+03  1.5857e+05  5.6165e+05  1.5052e+03  4.2313e+03  5.6163e+05  1.5052e+03  1.6280e+05  5.6165e+05  1.5054e+03  
326         3.8813e+10  8.6594e+04  5.7114e+05  1.4681e+03  4.0451e+01  2.7577e+05  1.1618e+03  1.5126e+05  5.7721e+05  1.4766e+03  4.0289e+03  5.7718e+05  1.4766e+03  1.5529e+05  5.7721e+05  1.4769e+03  
327         3.9242e+10  8.2121e+04  5.8691e+05  1.4397e+03  3.7907e+01  2.9357e+05  1.1298e+03  1.4430e+05  5.9312e+05  1.4487e+03  3.8364e+03  5.9309e+05  1.4487e+03  1.4813e+05  5.9312e+05  1.4490e+03  
328         3.9677e+10  7.7886e+04  6.0303e+05  1.4120e+03  3.5544e+01  3.1183e+05  1.0987e+03  1.3766e+05  6.0939e+05  1.4215e+03  3.6533e+03  6.0936e+05  1.4215e+03  1.4131e+05  6.0939e+05  1.4218e+03  
329         4.0118e+10  7.3876e+04  6.1952e+05  1.3849e+03  3.3346e+01  3.3053e+05  1.0685e+03  1.3132e+05  6.2602e+05  1.3949e+03  3.4791e+03  6.2599e+05  1.3949e+03  1.3480e+05  6.2602e+05  1.3951e+03  
330         4.0566e+10  7.0080e+04  6.3637e+05  1.3584e+03  3.1301e+01  3.4967e+05  1.0391e+03  1.2529e+05  6.4302e+05  1.3689e+03  3.3135e+03  6.4299e+05  1.3689e+03  1.2860e+05  6.4301e+05  1.3692e+03  
331         4.1020e+10  6.6487e+04  6.5359e+05  1.3325e+03  2.9397e+01  3.6924e+05  1.0106e+03  1.1953e+05  6.6038e+05  1.3435e+03  3.1560e+03  6.6036e+05  1.3435e+03  1.2269e+05  6.6038e+05  1.3438e+03  
332         4.1481e+10  6.3084e+04  6.7118e+05  1.3071e+03  2.7622e+01  3.8925e+05  9.8293e+02  1.1405e+05  6.7812e+05  1.3187e+03  3.0062e+03  6.7810e+05  1.3187e+03  1.1705e+05  6.7812e+05  1.3190e+03  
333         4.1949e+10  5.9863e+04  6.8914e+05  1.2824e+03  2.5967e+01  4.0968e+05  9.5604e+02  1.0882e+05  6.9623e+05  1.2945e+03  2.8637e+03  6.9621e+05  1.2945e+03  1.1168e+05  6.9623e+05  1.2948e+03  
334         4.2423e+10  5.6812e+04  7.0747e+05  1.2581e+03  2.4422e+01  4.3053e+05  9.2991e+02  1.0383e+05  7.1471e+05  1.2709e+03  2.7282e+03  7.1469e+05  1.2709e+03  1.0656e+05  7.1471e+05  1.2712e+03  
335         4.2905e+10  5.3923e+04  7.2617e+05  1.2344e+03  2.2979e+01  4.5179e+05  9.0454e+02  9.9084e+04  7.3357e+05  1.2479e+03  2.5993e+03  7.3355e+05  1.2479e+03  1.0168e+05  7.3357e+05  1.2482e+03  
336         4.3393e+10  5.1186e+04  7.4525e+05  1.2113e+03  2.1631e+01  4.7347e+05  8.7990e+02  9.4556e+04  7.5280e+05  1.2254e+03  2.4767e+03  7.5278e+05  1.2254e+03  9.7033e+04  7.5280e+05  1.2257e+03  
337         4.3888e+10  4.8595e+04  7.6471e+05  1.1886e+03  2.0371e+01  4.9557e+05  8.5597e+02  9.0242e+04  7.7241e+05  1.2035e+03  2.3601e+03  7.7239e+05  1.2035e+03  9.2602e+04  7.7241e+05  1.2038e+03  
338         4.4391e+10  4.6141e+04  7.8455e+05  1.1665e+03  1.9192e+01  5.1806e+05  8.3273e+02  8.6131e+04  7.9241e+05  1.1821e+03  2.2493e+03  7.9239e+05  1.1821e+03  8.8380e+04  7.9241e+05  1.1824e+03  
339         4.4901e+10  4.3817e+04  8.0477e+05  1.1449e+03  1.8089e+01  5.4097e+05  8.1015e+02  8.2213e+04  8.1278e+05  1.1613e+03  2.1438e+03  8.1276e+05  1.1613e+03  8.4357e+04  8.1278e+05  1.1616e+03  
340         4.5419e+10  4.1615e+04  8.2538e+05  1.1237e+03  1.7055e+01  5.6427e+05  7.8823e+02  7.8480e+04  8.3355e+05  1.1409e+03  2.0435e+03  8.3352e+05  1.1409e+03  8.0523e+04  8.3355e+05  1.1413e+03  
341         4.5944e+10  3.9529e+04  8.4637e+05  1.1031e+03  1.6086e+01  5.8798e+05  7.6694e+02  7.4921e+04  8.5469e+05  1.1211e+03  1.9481e+03  8.5467e+05  1.1211e+03  7.6869e+04  8.5469e+05  1.1214e+03  
342         4.6477e+10  3.7552e+04  8.6774e+05  1.0829e+03  1.5178e+01  6.1208e+05  7.4626e+02  7.1530e+04  8.7622e+05  1.1018e+03  1.8574e+03  8.7620e+05  1.1018e+03  7.3387e+04  8.7622e+05  1.1021e+03  
343         4.7017e+10  3.5679e+04  8.8951e+05  1.0631e+03  1.4326e+01  6.3658e+05  7.2618e+02  6.8298e+04  8.9814e+05  1.0829e+03  1.7710e+03  8.9812e+05  1.0829e+03  7.0069e+04  8.9814e+05  1.0833e+03  
344         4.7566e+10  3.3904e+04  9.1165e+05  1.0438e+03  1.3526e+01  6.6147e+05  7.0667e+02  6.5217e+04  9.2045e+05  1.0645e+03  1.6888e+03  9.2043e+05  1.0645e+03  6.6906e+04  9.2045e+05  1.0649e+03  
345         4.8122e+10  3.2222e+04  9.3419e+05  1.0248e+03  1.2776e+01  6.8675e+05  6.8772e+02  6.2280e+04  9.4314e+05  1.0466e+03  1.6107e+03  9.4312e+05  1.0466e+03  6.3891e+04  9.4314e+05  1.0470e+03  
346         4.8687e+10  3.0627e+04  9.5713e+05  1.0064e+03  1.2070e+01  7.1242e+05  6.6931e+02  5.9481e+04  9.6623e+05  1.0292e+03  1.5363e+03  9.6621e+05  1.0291e+03  6.1017e+04  9.6623e+05  1.0295e+03  
347         4.9260e+10  2.9115e+04  9.8045e+05  9.8826e+02  1.1407e+01  7.3848e+05  6.5142e+02  5.6813e+04  9.8971e+05  1.0121e+03  1.4655e+03  9.8969e+05  1.0121e+03  5.8279e+04  9.8971e+05  1.0125e+03  
348         4.9841e+10  2.7681e+04  1.0042e+06  9.7056e+02  1.0784e+01  7.6493e+05  6.3404e+02  5.4270e+04  1.0136e+06  9.9554e+02  1.3981e+03  1.0136e+06  9.9552e+02  5.5668e+04  1.0136e+06  9.9591e+02  
349         5.0431e+10  2.6322e+04  1.0283e+06  9.5324e+02  1.0198e+01  7.9177e+05  6.1716e+02  5.1845e+04  1.0379e+06  9.7938e+02  1.3340e+03  1.0378e+06  9.7935e+02  5.3179e+04  1.0379e+06  9.7974e+02  
350         5.1029e+10  2.5033e+04  1.0528e+06  9.3629e+02  9.6459e+00  8.1899e+05  6.0075e+02  4.9533e+04  1.0625e+06  9.6362e+02  1.2729e+03  1.0625e+06  9.6360e+02  5.0806e+04  1.0625e+06  9.6399e+02  
351         5.1636e+10  2.3810e+04  1.0777e+06  9.1970e+02  9.1263e+00  8.4660e+05  5.8480e+02  4.7328e+04  1.0876e+06  9.4826e+02  1.2148e+03  1.0876e+06  9.4824e+02  4.8543e+04  1.0876e+06  9.4864e+02  
352         5.2252e+10  2.2649e+04  1.1030e+06  9.0345e+02  8.6371e+00  8.7460e+05  5.6930e+02  4.5226e+04  1.1131e+06  9.3329e+02  1.1594e+03  1.1130e+06  9.3327e+02  4.6385e+04  1.1131e+06  9.3367e+02  
353         5.2877e+10  2.1548e+04  1.1287e+06  8.8754e+02  8.1761e+00  9.0298e+05  5.5424e+02  4.3220e+04  1.1389e+06  9.1870e+02  1.1067e+03  1.1389e+06  9.1868e+02  4.4327e+04  1.1389e+06  9.1909e+02  
354         5.3511e+10  2.0504e+04  1.1548e+06  8.7196e+02  7.7416e+00  9.3176e+05  5.3960e+02  4.1308e+04  1.1652e+06  9.0448e+02  1.0565e+03  1.1652e+06  9.0445e+02  4.2364e+04  1.1652e+06  9.0488e+02  
355         5.4154e+10  1.9512e+04  1.1814e+06  8.5669e+02  7.3319e+00  9.6092e+05  5.2536e+02  3.9484e+04  1.1919e+06  8.9062e+02  1.0087e+03  1.1919e+06  8.9060e+02  4.0492e+04  1.1919e+06  8.9102e+02  
356         5.4807e+10  1.8571e+04  1.2083e+06  8.4173e+02  6.9455e+00  9.9047e+05  5.1152e+02  3.7743e+04  1.2190e+06  8.7712e+02  9.6317e+02  1.2190e+06  8.7709e+02  3.8707e+04  1.2190e+06  8.7753e+02  
357         5.5469e+10  1.7677e+04  1.2356e+06  8.2708e+02  6.5809e+00  1.0204e+06  4.9807e+02  3.6083e+04  1.2465e+06  8.6396e+02  9.1978e+02  1.2464e+06  8.6393e+02  3.7003e+04  1.2465e+06  8.6438e+02  
358         5.6141e+10  1.6829e+04  1.2634e+06  8.1271e+02  6.2368e+00  1.0507e+06  4.8498e+02  3.4499e+04  1.2744e+06  8.5114e+02  8.7843e+02  1.2744e+06  8.5111e+02  3.5378e+04  1.2744e+06  8.5156e+02  
359         5.6823e+10  1.6023e+04  1.2916e+06  7.9862e+02  5.9119e+00  1.0815e+06  4.7226e+02  3.2988e+04  1.3027e+06  8.3864e+02  8.3904e+02  1.3027e+06  8.3861e+02  3.3827e+04  1.3027e+06  8.3907e+02  
360         5.7514e+10  1.5258e+04  1.3201e+06  7.8480e+02  5.6051e+00  1.1126e+06  4.5988e+02  3.1545e+04  1.3314e+06  8.2646e+02  8.0149e+02  1.3314e+06  8.2643e+02  3.2347e+04  1.3314e+06  8.2690e+02  
361         5.8216e+10  1.4531e+04  1.3491e+06  7.7124e+02  5.3152e+00  1.1441e+06  4.4784e+02  3.0168e+04  1.3606e+06  8.1459e+02  7.6569e+02  1.3606e+06  8.1456e+02  3.0934e+04  1.3606e+06  8.1503e+02  
362         5.8928e+10  1.3840e+04  1.3786e+06  7.5794e+02  5.0413e+00  1.1760e+06  4.3613e+02  2.8854e+04  1.3902e+06  8.0301e+02  7.3156e+02  1.3901e+06  8.0298e+02  2.9586e+04  1.3902e+06  8.0347e+02  
363         5.9650e+10  1.3183e+04  1.4084e+06  7.4488e+02  4.7823e+00  1.2083e+06  4.2474e+02  2.7599e+04  1.4201e+06  7.9173e+02  6.9903e+02  1.4201e+06  7.9170e+02  2.8298e+04  1.4201e+06  7.9220e+02  
364         6.0383e+10  1.2560e+04  1.4387e+06  7.3206e+02  4.5375e+00  1.2410e+06  4.1366e+02  2.6401e+04  1.4506e+06  7.8074e+02  6.6800e+02  1.4505e+06  7.8071e+02  2.7069e+04  1.4506e+06  7.8121e+02  
365         6.1127e+10  1.1967e+04  1.4694e+06  7.1948e+02  4.3059e+00  1.2741e+06  4.0287e+02  2.5258e+04  1.4814e+06  7.7002e+02  6.3842e+02  1.4814e+06  7.6999e+02  2.5896e+04  1.4814e+06  7.7051e+02  
366         6.1881e+10  1.1403e+04  1.5005e+06  7.0713e+02  4.0869e+00  1.3077e+06  3.9238e+02  2.4165e+04  1.5127e+06  7.5958e+02  6.1020e+02  1.5127e+06  7.5955e+02  2.4776e+04  1.5127e+06  7.6007e+02  
367         6.2647e+10  1.0867e+04  1.5321e+06  6.9499e+02  3.8796e+00  1.3416e+06  3.8216e+02  2.3122e+04  1.5444e+06  7.4940e+02  5.8329e+02  1.5444e+06  7.4937e+02  2.3706e+04  1.5444e+06  7.4990e+02  
368         6.3423e+10  1.0357e+04  1.5641e+06  6.8306e+02  3.6834e+00  1.3759e+06  3.7222e+02  2.2126e+04  1.5766e+06  7.3948e+02  5.5761e+02  1.5765e+06  7.3945e+02  2.2684e+04  1.5766e+06  7.3999e+02  
369         6.4211e+10  9.8725e+03  1.5965e+06  6.7133e+02  3.4977e+00  1.4107e+06  3.6254e+02  2.1174e+04  1.6092e+06  7.2981e+02  5.3311e+02  1.6091e+06  7.2977e+02  2.1707e+04  1.6092e+06  7.3032e+02  
370         6.5011e+10  9.4113e+03  1.6294e+06  6.5981e+02  3.3218e+00  1.4459e+06  3.5312e+02  2.0265e+04  1.6422e+06  7.2037e+02  5.0973e+02  1.6422e+06  7.2034e+02  2.0775e+04  1.6422e+06  7.2090e+02  
371         6.5822e+10  8.9726e+03  1.6627e+06  6.4847e+02  3.1552e+00  1.4815e+06  3.4395e+02  1.9396e+04  1.6757e+06  7.1117e+02  4.8741e+02  1.6757e+06  7.1114e+02  1.9883e+04  1.6757e+06  7.1171e+02  
372         6.6645e+10  8.5551e+03  1.6965e+06  6.3732e+02  2.9973e+00  1.5175e+06  3.3502e+02  1.8566e+04  1.7096e+06  7.0220e+02  4.6611e+02  1.7096e+06  7.0217e+02  1.9032e+04  1.7096e+06  7.0275e+02  
373         6.7480e+10  8.1579e+03  1.7308e+06  6.2635e+02  2.8478e+00  1.5540e+06  3.2633e+02  1.7772e+04  1.7440e+06  6.9346e+02  4.4578e+02  1.7440e+06  6.9342e+02  1.8218e+04  1.7440e+06  6.9402e+02  
374         6.8327e+10  7.7799e+03  1.7655e+06  6.1556e+02  2.7060e+00  1.5909e+06  3.1786e+02  1.7014e+04  1.7788e+06  6.8493e+02  4.2636e+02  1.7788e+06  6.8489e+02  1.7440e+04  1.7788e+06  6.8550e+02  
375         6.9187e+10  7.4201e+03  1.8007e+06  6.0494e+02  2.5717e+00  1.6282e+06  3.0962e+02  1.6289e+04  1.8142e+06  6.7662e+02  4.0783e+02  1.8141e+06  6.7658e+02  1.6697e+04  1.8142e+06  6.7720e+02  
376         7.0059e+10  7.0775e+03  1.8363e+06  5.9449e+02  2.4443e+00  1.6660e+06  3.0159e+02  1.5596e+04  1.8499e+06  6.6851e+02  3.9014e+02  1.8499e+06  6.6847e+02  1.5986e+04  1.8499e+06  6.6910e+02  
377         7.0944e+10  6.7514e+03  1.8724e+06  5.8421e+02  2.3235e+00  1.7043e+06  2.9376e+02  1.4934e+04  1.8862e+06  6.6060e+02  3.7323e+02  1.8862e+06  6.6056e+02  1.5307e+04  1.8862e+06  6.6121e+02  
378         7.1841e+10  6.4408e+03  1.9090e+06  5.7408e+02  2.2089e+00  1.7429e+06  2.8614e+02  1.4301e+04  1.9229e+06  6.5289e+02  3.5709e+02  1.9229e+06  6.5285e+02  1.4658e+04  1.9229e+06  6.5351e+02  
379         7.2752e+10  6.1450e+03  1.9461e+06  5.6410e+02  2.1002e+00  1.7821e+06  2.7872e+02  1.3695e+04  1.9601e+06  6.4536e+02  3.4167e+02  1.9601e+06  6.4532e+02  1.4037e+04  1.9601e+06  6.4600e+02  
380         7.3676e+10  5.8633e+03  1.9836e+06  5.5427e+02  1.9970e+00  1.8217e+06  2.7148e+02  1.3116e+04  1.9978e+06  6.3802e+02  3.2694e+02  1.9978e+06  6.3798e+02  1.3443e+04  1.9978e+06  6.3867e+02  
381         7.4614e+10  5.5949e+03  2.0217e+06  5.4458e+02  1.8991e+00  1.8618e+06  2.6444e+02  1.2562e+04  2.0360e+06  6.3086e+02  3.1286e+02  2.0360e+06  6.3081e+02  1.2875e+04  2.0360e+06  6.3152e+02  
382         7.5566e+10  5.3392e+03  2.0602e+06  5.3504e+02  1.8062e+00  1.9023e+06  2.5757e+02  1.2032e+04  2.0747e+06  6.2387e+02  2.9941e+02  2.0747e+06  6.2382e+02  1.2331e+04  2.0747e+06  6.2454e+02  
383         7.6531e+10  5.0956e+03  2.0993e+06  5.2564e+02  1.7180e+00  1.9434e+06  2.5087e+02  1.1525e+04  2.1139e+06  6.1705e+02  2.8655e+02  2.1138e+06  6.1700e+02  1.1812e+04  2.1139e+06  6.1773e+02  
384         7.7510e+10  4.8634e+03  2.1389e+06  5.1637e+02  1.6343e+00  1.9849e+06  2.4435e+02  1.1040e+04  2.1535e+06  6.1039e+02  2.7427e+02  2.1535e+06  6.1034e+02  1.1314e+04  2.1535e+06  6.1109e+02  
385         7.8504e+10  4.6422e+03  2.1789e+06  5.0724e+02  1.5547e+00  2.0269e+06  2.3799e+02  1.0576e+04  2.1938e+06  6.0390e+02  2.6252e+02  2.1937e+06  6.0385e+02  1.0839e+04  2.1937e+06  6.0461e+02  
386         7.9512e+10  4.4314e+03  2.2195e+06  4.9823e+02  1.4792e+00  2.0694e+06  2.3179e+02  1.0132e+04  2.2345e+06  5.9756e+02  2.5130e+02  2.2345e+06  5.9750e+02  1.0384e+04  2.2345e+06  5.9829e+02  
387         8.0535e+10  4.2304e+03  2.2606e+06  4.8936e+02  1.4075e+00  2.1124e+06  2.2575e+02  9.7076e+03  2.2757e+06  5.9137e+02  2.4057e+02  2.2757e+06  5.9131e+02  9.9482e+03  2.2757e+06  5.9212e+02  
388         8.1573e+10  4.0388e+03  2.3023e+06  4.8061e+02  1.3394e+00  2.1559e+06  2.1986e+02  9.3011e+03  2.3175e+06  5.8533e+02  2.3031e+02  2.3175e+06  5.8527e+02  9.5314e+03  2.3175e+06  5.8609e+02  
389         8.2626e+10  3.8561e+03  2.3445e+06  4.7198e+02  1.2746e+00  2.1999e+06  2.1412e+02  8.9121e+03  2.3598e+06  5.7943e+02  2.2050e+02  2.3598e+06  5.7937e+02  9.1326e+03  2.3598e+06  5.8021e+02  
390         8.3694e+10  3.6819e+03  2.3872e+06  4.6347e+02  1.2131e+00  2.2445e+06  2.0852e+02  8.5397e+03  2.4027e+06  5.7367e+02  2.1112e+02  2.4026e+06  5.7361e+02  8.7508e+03  2.4027e+06  5.7447e+02  
391         8.4778e+10  3.5157e+03  2.4305e+06  4.5508e+02  1.1546e+00  2.2896e+06  2.0305e+02  8.1832e+03  2.4461e+06  5.6804e+02  2.0215e+02  2.4460e+06  5.6798e+02  8.3853e+03  2.4461e+06  5.6886e+02  
392         8.5878e+10  3.3573e+03  2.4743e+06  4.4680e+02  1.0991e+00  2.3352e+06  1.9773e+02  7.8419e+03  2.4900e+06  5.6254e+02  1.9356e+02  2.4900e+06  5.6248e+02  8.0355e+03  2.4900e+06  5.6338e+02  
393         8.6993e+10  3.2061e+03  2.5187e+06  4.3864e+02  1.0462e+00  2.3813e+06  1.9253e+02  7.5152e+03  2.5345e+06  5.5717e+02  1.8535e+02  2.5345e+06  5.5711e+02  7.7005e+03  2.5345e+06  5.5803e+02  
394         8.8125e+10  3.0620e+03  2.5637e+06  4.3059e+02  9.9601e-01  2.4280e+06  1.8747e+02  7.2024e+03  2.5796e+06  5.5193e+02  1.7750e+02  2.5796e+06  5.5186e+02  7.3799e+03  2.5796e+06  5.5280e+02  
395         8.9274e+10  2.9245e+03  2.6093e+06  4.2264e+02  9.4827e-01  2.4753e+06  1.8252e+02  6.9028e+03  2.6253e+06  5.4680e+02  1.6999e+02  2.6253e+06  5.4673e+02  7.0728e+03  2.6253e+06  5.4770e+02  
396         9.0439e+10  2.7933e+03  2.6554e+06  4.1481e+02  9.0286e-01  2.5231e+06  1.7770e+02  6.6160e+03  2.6715e+06  5.4179e+02  1.6280e+02  2.6715e+06  5.4172e+02  6.7788e+03  2.6715e+06  5.4271e+02  
397         9.1622e+10  2.6681e+03  2.7021e+06  4.0709e+02  8.5969e-01  2.5716e+06  1.7299e+02  6.3414e+03  2.7184e+06  5.3690e+02  1.5593e+02  2.7184e+06  5.3682e+02  6.4973e+03  2.7184e+06  5.3784e+02  
398         9.2821e+10  2.5487e+03  2.7495e+06  3.9947e+02  8.1862e-01  2.6205e+06  1.6840e+02  6.0783e+03  2.7658e+06  5.3211e+02  1.4935e+02  2.7658e+06  5.3203e+02  6.2277e+03  2.7658e+06  5.3307e+02  
399         9.4039e+10  2.4348e+03  2.7974e+06  3.9196e+02  7.7958e-01  2.6701e+06  1.6392e+02  5.8265e+03  2.8139e+06  5.2743e+02  1.4305e+02  2.8139e+06  5.2736e+02  5.9696e+03  2.8139e+06  5.2842e+02  
400         9.5274e+10  2.3258e+03  2.8460e+06  3.8455e+02  7.4238e-01  2.7203e+06  1.5956e+02  5.5850e+03  2.8625e+06  5.2285e+02  1.3702e+02  2.8625e+06  5.2277e+02  5.7220e+03  2.8625e+06  5.2386e+02  
401         9.6527e+10  2.2224e+03  2.8952e+06  3.7725e+02  7.0716e-01  2.7711e+06  1.5528e+02  5.3547e+03  2.9118e+06  5.1840e+02  1.3128e+02  2.9118e+06  5.1832e+02  5.4860e+03  2.9118e+06  5.1944e+02  
