I           X1          NDT_H       VX1_H       TMP_H       NDT_HE      VX1_HE      TMP_HE      NDT_H+      VX1_H+      TMP_H+      NDT_HE+     VX1_HE+     TMP_HE+     NDT_ELC     VX1_ELC     TMP_ELC     
2           9.7177e+09  9.8629e+12  -1.8898e+03 1.5001e+03  9.7434e+11  -1.8901e+03 1.5001e+03  1.3226e+08  -1.8898e+03 1.5001e+03  1.7368e+06  -1.8901e+03 1.5001e+03  1.3400e+08  -1.8898e+03 1.5003e+03  
3           9.7216e+09  9.5241e+12  -2.3802e+01 1.4996e+03  9.1301e+11  -2.4110e+01 1.4996e+03  1.3256e+08  -2.3817e+01 1.4996e+03  1.7427e+06  -2.5492e+01 1.4996e+03  1.3431e+08  -2.3839e+01 1.4997e+03  
4           9.7256e+09  9.2003e+12  3.9240e+01  1.5000e+03  8.5770e+11  3.8912e+01  1.5000e+03  1.3404e+08  3.9221e+01  1.5000e+03  1.7610e+06  3.6444e+01  1.5000e+03  1.3580e+08  3.9185e+01  1.5001e+03  
5           9.7296e+09  8.8871e+12  1.2719e+01  1.5000e+03  8.0729e+11  1.2367e+01  1.5000e+03  1.3586e+08  1.2699e+01  1.5000e+03  1.7892e+06  9.8148e+00  1.5000e+03  1.3765e+08  1.2662e+01  1.5002e+03  
6           9.7337e+09  8.5799e+12  1.2527e+01  1.5000e+03  7.6066e+11  1.2151e+01  1.5000e+03  1.3752e+08  1.2508e+01  1.5000e+03  1.8256e+06  9.9395e+00  1.5000e+03  1.3935e+08  1.2475e+01  1.5001e+03  
7           9.7379e+09  8.2789e+12  1.2314e+01  1.5000e+03  7.1758e+11  1.1911e+01  1.5000e+03  1.3881e+08  1.2297e+01  1.5000e+03  1.8691e+06  1.0212e+01  1.5000e+03  1.4068e+08  1.2269e+01  1.5001e+03  
8           9.7421e+09  7.9841e+12  1.2806e+01  1.5000e+03  6.7781e+11  1.2375e+01  1.5000e+03  1.3966e+08  1.2791e+01  1.5000e+03  1.9191e+06  1.1205e+01  1.5000e+03  1.4158e+08  1.2770e+01  1.5001e+03  
9           9.7463e+09  7.6954e+12  1.3216e+01  1.5000e+03  6.4108e+11  1.2755e+01  1.5000e+03  1.4012e+08  1.3202e+01  1.5000e+03  1.9752e+06  1.2032e+01  1.5000e+03  1.4209e+08  1.3186e+01  1.5001e+03  
10          9.7507e+09  7.4130e+12  1.3699e+01  1.5000e+03  6.0718e+11  1.3206e+01  1.5000e+03  1.4026e+08  1.3686e+01  1.5000e+03  2.0371e+06  1.2810e+01  1.5000e+03  1.4230e+08  1.3674e+01  1.5001e+03  
11          9.7551e+09  7.1366e+12  1.4199e+01  1.5000e+03  5.7588e+11  1.3673e+01  1.5000e+03  1.4018e+08  1.4187e+01  1.5000e+03  2.1050e+06  1.3479e+01  1.5000e+03  1.4229e+08  1.4176e+01  1.5001e+03  
12          9.7595e+09  6.8664e+12  1.4726e+01  1.5000e+03  5.4698e+11  1.4165e+01  1.5000e+03  1.3998e+08  1.4714e+01  1.5000e+03  2.1790e+06  1.4064e+01  1.5000e+03  1.4216e+08  1.4704e+01  1.5001e+03  
13          9.7641e+09  6.6023e+12  1.5280e+01  1.5000e+03  5.2027e+11  1.4681e+01  1.5000e+03  1.3973e+08  1.5268e+01  1.5000e+03  2.2593e+06  1.4590e+01  1.5000e+03  1.4199e+08  1.5257e+01  1.5001e+03  
14          9.7686e+09  6.3443e+12  1.5863e+01  1.5000e+03  4.9557e+11  1.5225e+01  1.5000e+03  1.3949e+08  1.5850e+01  1.5000e+03  2.3464e+06  1.5086e+01  1.5000e+03  1.4183e+08  1.5837e+01  1.5001e+03  
15          9.7733e+09  6.0924e+12  1.6477e+01  1.5000e+03  4.7271e+11  1.5797e+01  1.5000e+03  1.3928e+08  1.6463e+01  1.5000e+03  2.4407e+06  1.5578e+01  1.5000e+03  1.4172e+08  1.6447e+01  1.5001e+03  
16          9.7780e+09  5.8466e+12  1.7124e+01  1.5000e+03  4.5150e+11  1.6401e+01  1.5000e+03  1.3915e+08  1.7108e+01  1.5000e+03  2.5428e+06  1.6085e+01  1.5000e+03  1.4169e+08  1.7090e+01  1.5001e+03  
17          9.7828e+09  5.6070e+12  1.7806e+01  1.5000e+03  4.3181e+11  1.7038e+01  1.5000e+03  1.3909e+08  1.7789e+01  1.5000e+03  2.6533e+06  1.6625e+01  1.5000e+03  1.4174e+08  1.7767e+01  1.5001e+03  
18          9.7877e+09  5.3734e+12  1.8526e+01  1.5000e+03  4.1348e+11  1.7711e+01  1.5000e+03  1.3910e+08  1.8508e+01  1.5000e+03  2.7729e+06  1.7208e+01  1.5000e+03  1.4188e+08  1.8482e+01  1.5001e+03  
19          9.7926e+09  5.1459e+12  1.9287e+01  1.5000e+03  3.9638e+11  1.8422e+01  1.5000e+03  1.3920e+08  1.9267e+01  1.5000e+03  2.9023e+06  1.7841e+01  1.5000e+03  1.4210e+08  1.9238e+01  1.5001e+03  
20          9.7976e+09  4.9244e+12  2.0092e+01  1.5000e+03  3.8037e+11  1.9175e+01  1.5000e+03  1.3937e+08  2.0070e+01  1.5000e+03  3.0425e+06  1.8531e+01  1.5000e+03  1.4241e+08  2.0038e+01  1.5001e+03  
21          9.8027e+09  4.7090e+12  2.0944e+01  1.5000e+03  3.6533e+11  1.9974e+01  1.5000e+03  1.3960e+08  2.0921e+01  1.5000e+03  3.1943e+06  1.9280e+01  1.5000e+03  1.4279e+08  2.0884e+01  1.5001e+03  
22          9.8079e+09  4.4997e+12  2.1845e+01  1.5000e+03  3.5117e+11  2.0819e+01  1.5000e+03  1.3988e+08  2.1820e+01  1.5000e+03  3.3586e+06  2.0091e+01  1.5000e+03  1.4324e+08  2.1780e+01  1.5001e+03  
23          9.8131e+09  4.2963e+12  2.2808e+01  1.5000e+03  3.3777e+11  2.1724e+01  1.5000e+03  1.4022e+08  2.2781e+01  1.5000e+03  3.5365e+06  2.0975e+01  1.5000e+03  1.4376e+08  2.2737e+01  1.5001e+03  
24          9.8184e+09  4.0990e+12  2.3787e+01  1.5000e+03  3.2504e+11  2.2642e+01  1.5000e+03  1.4060e+08  2.3759e+01  1.5000e+03  3.7290e+06  2.1886e+01  1.5000e+03  1.4433e+08  2.3710e+01  1.5001e+03  
25          9.8238e+09  3.9077e+12  2.5046e+01  1.5000e+03  3.1291e+11  2.3839e+01  1.5000e+03  1.4101e+08  2.5016e+01  1.5000e+03  3.9372e+06  2.3087e+01  1.5000e+03  1.4495e+08  2.4964e+01  1.5001e+03  
26          9.8293e+09  3.7223e+12  2.5678e+01  1.5000e+03  3.0129e+11  2.4405e+01  1.5000e+03  1.4145e+08  2.5646e+01  1.5000e+03  4.1621e+06  2.3670e+01  1.5000e+03  1.4561e+08  2.5589e+01  1.5001e+03  
27          9.8348e+09  3.5429e+12  2.7645e+01  1.5000e+03  2.9013e+11  2.6304e+01  1.5000e+03  1.4190e+08  2.7611e+01  1.5000e+03  4.4048e+06  2.5596e+01  1.5000e+03  1.4631e+08  2.7550e+01  1.5002e+03  
28          9.8404e+09  3.3693e+12  2.8336e+01  1.5000e+03  2.7936e+11  2.6923e+01  1.5000e+03  1.4237e+08  2.8300e+01  1.5000e+03  4.6664e+06  2.6253e+01  1.5000e+03  1.4703e+08  2.8235e+01  1.5002e+03  
29          9.8461e+09  3.2016e+12  2.9951e+01  1.5000e+03  2.6892e+11  2.8463e+01  1.5000e+03  1.4283e+08  2.9913e+01  1.5000e+03  4.9480e+06  2.7841e+01  1.5000e+03  1.4778e+08  2.9843e+01  1.5002e+03  
30          9.8519e+09  3.0397e+12  3.1367e+01  1.5000e+03  2.5879e+11  2.9801e+01  1.5000e+03  1.4328e+08  3.1326e+01  1.5000e+03  5.2507e+06  2.9236e+01  1.5000e+03  1.4853e+08  3.1252e+01  1.5002e+03  
31          9.8578e+09  2.8836e+12  3.2942e+01  1.5000e+03  2.4891e+11  3.1294e+01  1.5000e+03  1.4372e+08  3.2899e+01  1.5000e+03  5.5755e+06  3.0795e+01  1.5000e+03  1.4929e+08  3.2820e+01  1.5002e+03  
32          9.8638e+09  2.7331e+12  3.4609e+01  1.5000e+03  2.3926e+11  3.2874e+01  1.5000e+03  1.4412e+08  3.4563e+01  1.5000e+03  5.9234e+06  3.2450e+01  1.5000e+03  1.5005e+08  3.4480e+01  1.5002e+03  
33          9.8698e+09  2.5883e+12  3.6392e+01  1.5000e+03  2.2982e+11  3.4566e+01  1.5000e+03  1.4449e+08  3.6343e+01  1.5000e+03  6.2953e+06  3.4224e+01  1.5000e+03  1.5078e+08  3.6255e+01  1.5002e+03  
34          9.8759e+09  2.4491e+12  3.8295e+01  1.5000e+03  2.2056e+11  3.6373e+01  1.5000e+03  1.4480e+08  3.8244e+01  1.5000e+03  6.6922e+06  3.6121e+01  1.5000e+03  1.5149e+08  3.8150e+01  1.5002e+03  
35          9.8822e+09  2.3153e+12  4.0330e+01  1.5000e+03  2.1147e+11  3.8307e+01  1.5000e+03  1.4504e+08  4.0276e+01  1.5000e+03  7.1147e+06  3.8151e+01  1.5000e+03  1.5216e+08  4.0177e+01  1.5002e+03  
36          9.8885e+09  2.1869e+12  4.2507e+01  1.5000e+03  2.0254e+11  4.0376e+01  1.5000e+03  1.4522e+08  4.2450e+01  1.5000e+03  7.5635e+06  4.0324e+01  1.5000e+03  1.5278e+08  4.2344e+01  1.5002e+03  
37          9.8949e+09  2.0638e+12  4.4837e+01  1.5000e+03  1.9377e+11  4.2592e+01  1.5000e+03  1.4531e+08  4.4776e+01  1.5000e+03  8.0391e+06  4.2651e+01  1.5000e+03  1.5335e+08  4.4665e+01  1.5002e+03  
38          9.9014e+09  1.9460e+12  4.7332e+01  1.5000e+03  1.8514e+11  4.4966e+01  1.5000e+03  1.4530e+08  4.7268e+01  1.5000e+03  8.5418e+06  4.5142e+01  1.5000e+03  1.5384e+08  4.7150e+01  1.5002e+03  
39          9.9080e+09  1.8332e+12  5.0007e+01  1.5000e+03  1.7667e+11  4.7512e+01  1.5000e+03  1.4519e+08  4.9940e+01  1.5000e+03  9.0718e+06  4.7812e+01  1.5000e+03  1.5426e+08  4.9814e+01  1.5002e+03  
40          9.9147e+09  1.7255e+12  5.2877e+01  1.5000e+03  1.6835e+11  5.0244e+01  1.5000e+03  1.4496e+08  5.2805e+01  1.5000e+03  9.6291e+06  5.0674e+01  1.5000e+03  1.5459e+08  5.2672e+01  1.5002e+03  
41          9.9215e+09  1.6226e+12  5.5956e+01  1.5000e+03  1.6020e+11  5.3177e+01  1.5000e+03  1.4461e+08  5.5880e+01  1.5000e+03  1.0213e+07  5.3745e+01  1.5000e+03  1.5483e+08  5.5739e+01  1.5002e+03  
42          9.9284e+09  1.5246e+12  5.9264e+01  1.5000e+03  1.5221e+11  5.6329e+01  1.5000e+03  1.4413e+08  5.9184e+01  1.5000e+03  1.0824e+07  5.7042e+01  1.5000e+03  1.5496e+08  5.9034e+01  1.5002e+03  
43          9.9353e+09  1.4311e+12  6.2820e+01  1.5000e+03  1.4439e+11  5.9717e+01  1.5000e+03  1.4351e+08  6.2735e+01  1.5000e+03  1.1461e+07  6.0584e+01  1.5000e+03  1.5498e+08  6.2576e+01  1.5002e+03  
44          9.9424e+09  1.3423e+12  6.6646e+01  1.5000e+03  1.3676e+11  6.3363e+01  1.5000e+03  1.4275e+08  6.6555e+01  1.5000e+03  1.2123e+07  6.4392e+01  1.5000e+03  1.5487e+08  6.6385e+01  1.5002e+03  
45          9.9496e+09  1.2578e+12  7.0765e+01  1.5000e+03  1.2933e+11  6.7288e+01  1.5000e+03  1.4184e+08  7.0668e+01  1.5000e+03  1.2809e+07  6.8490e+01  1.5000e+03  1.5465e+08  7.0487e+01  1.5002e+03  
46          9.9569e+09  1.1776e+12  7.5203e+01  1.5000e+03  1.2210e+11  7.1518e+01  1.5000e+03  1.4077e+08  7.5099e+01  1.5000e+03  1.3517e+07  7.2903e+01  1.5000e+03  1.5429e+08  7.4907e+01  1.5002e+03  
47          9.9643e+09  1.1015e+12  7.9989e+01  1.5000e+03  1.1508e+11  7.6079e+01  1.5000e+03  1.3955e+08  7.9877e+01  1.5000e+03  1.4246e+07  7.7659e+01  1.5000e+03  1.5380e+08  7.9672e+01  1.5002e+03  
48          9.9719e+09  1.0294e+12  8.5159e+01  1.5000e+03  1.0828e+11  8.1008e+01  1.5000e+03  1.3818e+08  8.5039e+01  1.5000e+03  1.4994e+07  8.2795e+01  1.5000e+03  1.5317e+08  8.4819e+01  1.5002e+03  
49          9.9795e+09  9.6121e+11  9.0710e+01  1.5000e+03  1.0172e+11  8.6297e+01  1.5000e+03  1.3665e+08  9.0580e+01  1.5000e+03  1.5760e+07  8.8304e+01  1.5000e+03  1.5241e+08  9.0345e+01  1.5002e+03  
50          9.9872e+09  8.9672e+11  9.6897e+01  1.5000e+03  9.5395e+10  9.2201e+01  1.5000e+03  1.3499e+08  9.6757e+01  1.5000e+03  1.6542e+07  9.4442e+01  1.5000e+03  1.5153e+08  9.6504e+01  1.5002e+03  
51          9.9951e+09  8.3581e+11  1.0298e+02  1.5000e+03  8.9314e+10  9.7980e+01  1.5000e+03  1.3319e+08  1.0283e+02  1.5000e+03  1.7340e+07  1.0047e+02  1.5000e+03  1.5053e+08  1.0256e+02  1.5002e+03  
52          1.0003e+10  7.7834e+11  1.1072e+02  1.5000e+03  8.3485e+10  1.0538e+02  1.5000e+03  1.3129e+08  1.1055e+02  1.5000e+03  1.8156e+07  1.0813e+02  1.5000e+03  1.4944e+08  1.1026e+02  1.5002e+03  
53          1.0011e+10  7.2417e+11  1.1783e+02  1.5000e+03  7.7913e+10  1.1213e+02  1.5000e+03  1.2931e+08  1.1764e+02  1.5000e+03  1.8995e+07  1.1515e+02  1.5000e+03  1.4830e+08  1.1732e+02  1.5002e+03  
54          1.0019e+10  6.7315e+11  1.2637e+02  1.5000e+03  7.2599e+10  1.2027e+02  1.5000e+03  1.2728e+08  1.2616e+02  1.5000e+03  1.9863e+07  1.2359e+02  1.5000e+03  1.4715e+08  1.2581e+02  1.5002e+03  
55          1.0028e+10  6.2516e+11  1.3535e+02  1.5000e+03  6.7548e+10  1.2882e+02  1.5000e+03  1.2527e+08  1.3510e+02  1.5000e+03  2.0777e+07  1.3243e+02  1.5000e+03  1.4604e+08  1.3472e+02  1.5002e+03  
56          1.0036e+10  5.8005e+11  1.4518e+02  1.5000e+03  6.2759e+10  1.3817e+02  1.5000e+03  1.2331e+08  1.4489e+02  1.5000e+03  2.1757e+07  1.4209e+02  1.5000e+03  1.4507e+08  1.4447e+02  1.5002e+03  
57          1.0045e+10  5.3769e+11  1.5585e+02  1.5000e+03  5.8234e+10  1.4831e+02  1.5000e+03  1.2147e+08  1.5551e+02  1.5000e+03  2.2833e+07  1.5256e+02  1.5000e+03  1.4431e+08  1.5504e+02  1.5002e+03  
58          1.0053e+10  4.9794e+11  1.6749e+02  1.5000e+03  5.3969e+10  1.5938e+02  1.5000e+03  1.1982e+08  1.6708e+02  1.5000e+03  2.4045e+07  1.6397e+02  1.5000e+03  1.4386e+08  1.6656e+02  1.5002e+03  
59          1.0062e+10  4.6067e+11  1.8009e+02  1.5000e+03  4.9964e+10  1.7134e+02  1.5000e+03  1.1840e+08  1.7959e+02  1.5000e+03  2.5443e+07  1.7630e+02  1.5000e+03  1.4385e+08  1.7901e+02  1.5002e+03  
60          1.0071e+10  4.2576e+11  1.9463e+02  1.5000e+03  4.6213e+10  1.8518e+02  1.5000e+03  1.1728e+08  1.9402e+02  1.5000e+03  2.7083e+07  1.9055e+02  1.5000e+03  1.4437e+08  1.9337e+02  1.5002e+03  
61          1.0080e+10  3.9307e+11  2.0628e+02  1.5000e+03  4.2711e+10  1.9603e+02  1.5000e+03  1.1649e+08  2.0552e+02  1.5000e+03  2.9029e+07  2.0186e+02  1.5000e+03  1.4552e+08  2.0479e+02  1.5002e+03  
62          1.0089e+10  3.6252e+11  2.4325e+02  1.5000e+03  3.9458e+10  2.3212e+02  1.5000e+03  1.1606e+08  2.4233e+02  1.5000e+03  3.1343e+07  2.3849e+02  1.5000e+03  1.4741e+08  2.4151e+02  1.5002e+03  
63          1.0099e+10  3.3392e+11  2.7595e+02  1.5000e+03  3.6431e+10  2.6387e+02  1.5000e+03  1.1597e+08  2.7482e+02  1.5000e+03  3.4076e+07  2.7083e+02  1.5000e+03  1.5005e+08  2.7391e+02  1.5002e+03  
64          1.0108e+10  3.0691e+11  2.7650e+02  1.5018e+03  3.3566e+10  2.6342e+02  1.5018e+03  1.1615e+08  2.7513e+02  1.5018e+03  3.7241e+07  2.7102e+02  1.5018e+03  1.5339e+08  2.7413e+02  1.5020e+03  
65          1.0118e+10  2.8117e+11  2.8510e+02  1.5072e+03  3.0803e+10  2.7095e+02  1.5072e+03  1.1649e+08  2.8343e+02  1.5072e+03  4.0825e+07  2.7921e+02  1.5072e+03  1.5731e+08  2.8233e+02  1.5074e+03  
66          1.0128e+10  2.5655e+11  2.9691e+02  1.5179e+03  2.8121e+10  2.8158e+02  1.5179e+03  1.1690e+08  2.9487e+02  1.5179e+03  4.4790e+07  2.9056e+02  1.5179e+03  1.6169e+08  2.9368e+02  1.5182e+03  
67          1.0137e+10  2.3303e+11  3.1620e+02  1.5354e+03  2.5516e+10  2.9956e+02  1.5354e+03  1.1731e+08  3.1374e+02  1.5354e+03  4.9068e+07  3.0932e+02  1.5354e+03  1.6638e+08  3.1244e+02  1.5357e+03  
68          1.0147e+10  2.1065e+11  3.4320e+02  1.5610e+03  2.3004e+10  3.2509e+02  1.5610e+03  1.1765e+08  3.4026e+02  1.5610e+03  5.3560e+07  3.3570e+02  1.5611e+03  1.7121e+08  3.3883e+02  1.5613e+03  
69          1.0158e+10  1.8950e+11  3.7970e+02  1.5960e+03  2.0604e+10  3.5991e+02  1.5960e+03  1.1786e+08  3.7618e+02  1.5960e+03  5.8146e+07  3.7146e+02  1.5960e+03  1.7601e+08  3.7462e+02  1.5963e+03  
70          1.0168e+10  1.6969e+11  4.2674e+02  1.6414e+03  1.8342e+10  4.0504e+02  1.6414e+03  1.1790e+08  4.2256e+02  1.6414e+03  6.2694e+07  4.1764e+02  1.6414e+03  1.8060e+08  4.2086e+02  1.6417e+03  
71          1.0178e+10  1.5132e+11  4.8546e+02  1.6979e+03  1.6239e+10  4.6158e+02  1.6979e+03  1.1774e+08  4.8052e+02  1.6979e+03  6.7074e+07  4.7535e+02  1.6979e+03  1.8482e+08  4.7864e+02  1.6982e+03  
72          1.0189e+10  1.3446e+11  5.5659e+02  1.7663e+03  1.4313e+10  5.3024e+02  1.7663e+03  1.1737e+08  5.5080e+02  1.7663e+03  7.1175e+07  5.4530e+02  1.7664e+03  1.8855e+08  5.4872e+02  1.7667e+03  
73          1.0200e+10  1.1915e+11  6.4059e+02  1.8471e+03  1.2573e+10  6.1143e+02  1.8471e+03  1.1680e+08  6.3384e+02  1.8471e+03  7.4909e+07  6.2794e+02  1.8471e+03  1.9170e+08  6.3153e+02  1.8475e+03  
74          1.0211e+10  1.0539e+11  7.3757e+02  1.9403e+03  1.1022e+10  7.0522e+02  1.9403e+03  1.1602e+08  7.2974e+02  1.9403e+03  7.8222e+07  7.2335e+02  1.9404e+03  1.9425e+08  7.2716e+02  1.9407e+03  
75          1.0222e+10  9.3140e+10  8.4730e+02  2.0460e+03  9.6543e+09  8.1137e+02  2.0460e+03  1.1508e+08  8.3828e+02  2.0460e+03  8.1093e+07  8.3131e+02  2.0460e+03  1.9618e+08  8.3540e+02  2.0464e+03  
76          1.0233e+10  8.2315e+10  9.6935e+02  2.1635e+03  8.4609e+09  9.2941e+02  2.1635e+03  1.1400e+08  9.5902e+02  2.1635e+03  8.3527e+07  9.5138e+02  2.1635e+03  1.9753e+08  9.5579e+02  2.1640e+03  
77          1.0245e+10  7.2821e+10  1.1031e+03  2.2923e+03  7.4277e+09  1.0587e+03  2.2923e+03  1.1281e+08  1.0913e+03  2.2923e+03  8.5552e+07  1.0829e+03  2.2923e+03  1.9836e+08  1.0877e+03  2.2927e+03  
78          1.0256e+10  6.4540e+10  1.2478e+03  2.4311e+03  6.5384e+09  1.1985e+03  2.4311e+03  1.1154e+08  1.2346e+03  2.4311e+03  8.7208e+07  1.2253e+03  2.4311e+03  1.9874e+08  1.2305e+03  2.4316e+03  
79          1.0268e+10  5.7350e+10  1.4028e+03  2.5788e+03  5.7761e+09  1.3483e+03  2.5788e+03  1.1021e+08  1.3880e+03  2.5788e+03  8.8544e+07  1.3778e+03  2.5788e+03  1.9876e+08  1.3834e+03  2.5793e+03  
80          1.0280e+10  5.1123e+10  1.5675e+03  2.7337e+03  5.1238e+09  1.5073e+03  2.7337e+03  1.0886e+08  1.5511e+03  2.7337e+03  8.9607e+07  1.5398e+03  2.7337e+03  1.9847e+08  1.5460e+03  2.7342e+03  
81          1.0292e+10  4.5741e+10  1.7413e+03  2.8942e+03  4.5659e+09  1.6751e+03  2.8942e+03  1.0751e+08  1.7232e+03  2.8942e+03  9.0442e+07  1.7108e+03  2.8942e+03  1.9795e+08  1.7176e+03  2.8948e+03  
82          1.0304e+10  4.1089e+10  1.9238e+03  3.0587e+03  4.0880e+09  1.8514e+03  3.0587e+03  1.0617e+08  1.9040e+03  3.0587e+03  9.1088e+07  1.8905e+03  3.0587e+03  1.9726e+08  1.8978e+03  3.0594e+03  
83          1.0317e+10  3.7066e+10  2.1146e+03  3.2256e+03  3.6777e+09  2.0358e+03  3.2256e+03  1.0486e+08  2.0932e+03  3.2256e+03  9.1577e+07  2.0785e+03  3.2256e+03  1.9644e+08  2.0863e+03  3.2263e+03  
84          1.0330e+10  3.3579e+10  2.3135e+03  3.3934e+03  3.3240e+09  2.2281e+03  3.3934e+03  1.0359e+08  2.2905e+03  3.3935e+03  9.1936e+07  2.2746e+03  3.3935e+03  1.9553e+08  2.2830e+03  3.3942e+03  
85          1.0342e+10  3.0549e+10  2.5203e+03  3.5610e+03  3.0177e+09  2.4284e+03  3.5610e+03  1.0236e+08  2.4958e+03  3.5610e+03  9.2186e+07  2.4786e+03  3.5610e+03  1.9455e+08  2.4877e+03  3.5617e+03  
86          1.0356e+10  2.7907e+10  2.7350e+03  3.7272e+03  2.7511e+09  2.6365e+03  3.7272e+03  1.0119e+08  2.7090e+03  3.7272e+03  9.2343e+07  2.6907e+03  3.7272e+03  1.9353e+08  2.7002e+03  3.7279e+03  
87          1.0369e+10  2.5593e+10  2.9576e+03  3.8912e+03  2.5179e+09  2.8525e+03  3.8912e+03  1.0006e+08  2.9301e+03  3.8912e+03  9.2420e+07  2.9106e+03  3.8912e+03  1.9248e+08  2.9208e+03  3.8920e+03  
88          1.0382e+10  2.3558e+10  3.1881e+03  4.0525e+03  2.3127e+09  3.0765e+03  4.0525e+03  9.8996e+07  3.1592e+03  4.0526e+03  9.2426e+07  3.1386e+03  4.0526e+03  1.9142e+08  3.1492e+03  4.0534e+03  
89          1.0396e+10  2.1759e+10  3.4266e+03  4.2108e+03  2.1311e+09  3.3085e+03  4.2108e+03  9.7983e+07  3.3963e+03  4.2108e+03  9.2368e+07  3.3746e+03  4.2108e+03  1.9035e+08  3.3858e+03  4.2117e+03  
90          1.0410e+10  2.0162e+10  3.6732e+03  4.3657e+03  1.9696e+09  3.5486e+03  4.3657e+03  9.7023e+07  3.6415e+03  4.3657e+03  9.2254e+07  3.6188e+03  4.3657e+03  1.8928e+08  3.6305e+03  4.3666e+03  
91          1.0424e+10  1.8737e+10  3.9281e+03  4.5172e+03  1.8253e+09  3.7969e+03  4.5172e+03  9.6115e+07  3.8951e+03  4.5173e+03  9.2088e+07  3.8713e+03  4.5173e+03  1.8820e+08  3.8834e+03  4.5182e+03  
92          1.0438e+10  1.7459e+10  4.1913e+03  4.6654e+03  1.6956e+09  4.0537e+03  4.6654e+03  9.5256e+07  4.1570e+03  4.6654e+03  9.1874e+07  4.1323e+03  4.6655e+03  1.8713e+08  4.1449e+03  4.6664e+03  
93          1.0452e+10  1.6308e+10  4.4632e+03  4.8103e+03  1.5785e+09  4.3191e+03  4.8103e+03  9.4444e+07  4.4275e+03  4.8103e+03  9.1618e+07  4.4019e+03  4.8103e+03  1.8606e+08  4.4149e+03  4.8113e+03  
94          1.0467e+10  1.5266e+10  4.7437e+03  4.9520e+03  1.4725e+09  4.5931e+03  4.9520e+03  9.3678e+07  4.7068e+03  4.9521e+03  9.1321e+07  4.6802e+03  4.9521e+03  1.8500e+08  4.6937e+03  4.9531e+03  
95          1.0482e+10  1.4320e+10  5.0333e+03  5.0908e+03  1.3761e+09  4.8761e+03  5.0907e+03  9.2956e+07  4.9951e+03  5.0908e+03  9.0987e+07  4.9676e+03  5.0908e+03  1.8394e+08  4.9815e+03  5.0918e+03  
96          1.0497e+10  1.3457e+10  5.3319e+03  5.2266e+03  1.2880e+09  5.1683e+03  5.2266e+03  9.2276e+07  5.2925e+03  5.2267e+03  9.0620e+07  5.2641e+03  5.2267e+03  1.8290e+08  5.2784e+03  5.2278e+03  
97          1.0512e+10  1.2667e+10  5.6400e+03  5.3599e+03  1.2074e+09  5.4697e+03  5.3599e+03  9.1637e+07  5.5993e+03  5.3599e+03  9.0220e+07  5.5700e+03  5.3599e+03  1.8186e+08  5.5848e+03  5.3610e+03  
98          1.0528e+10  1.1942e+10  5.9576e+03  5.4906e+03  1.1334e+09  5.7808e+03  5.4906e+03  9.1038e+07  5.9156e+03  5.4906e+03  8.9791e+07  5.8856e+03  5.4906e+03  1.8083e+08  5.9007e+03  5.4918e+03  
99          1.0543e+10  1.1274e+10  6.2850e+03  5.6189e+03  1.0653e+09  6.1015e+03  5.6189e+03  9.0481e+07  6.2418e+03  5.6189e+03  8.9333e+07  6.2109e+03  5.6190e+03  1.7981e+08  6.2265e+03  5.6201e+03  
100         1.0559e+10  1.0657e+10  6.6224e+03  5.7450e+03  1.0024e+09  6.4323e+03  5.7450e+03  8.9966e+07  6.5780e+03  5.7450e+03  8.8850e+07  6.5463e+03  5.7450e+03  1.7882e+08  6.5622e+03  5.7462e+03  
101         1.0576e+10  1.0086e+10  6.9701e+03  5.8689e+03  9.4414e+08  6.7733e+03  5.8689e+03  8.9495e+07  6.9244e+03  5.8689e+03  8.8340e+07  6.8920e+03  5.8690e+03  1.7784e+08  6.9083e+03  5.8702e+03  
102         1.0592e+10  9.5553e+09  7.3284e+03  5.9908e+03  8.9017e+08  7.1248e+03  5.9908e+03  8.9071e+07  7.2813e+03  5.9908e+03  8.7806e+07  7.2483e+03  5.9908e+03  1.7688e+08  7.2649e+03  5.9921e+03  
103         1.0609e+10  9.0621e+09  7.6973e+03  6.1107e+03  8.4004e+08  7.4870e+03  6.1107e+03  8.8696e+07  7.6490e+03  6.1107e+03  8.7248e+07  7.6152e+03  6.1108e+03  1.7594e+08  7.6322e+03  6.1120e+03  
104         1.0626e+10  8.6025e+09  8.0772e+03  6.2287e+03  7.9340e+08  7.8601e+03  6.2287e+03  8.8375e+07  8.0276e+03  6.2287e+03  8.6666e+07  7.9932e+03  6.2288e+03  1.7504e+08  8.0106e+03  6.2300e+03  
105         1.0643e+10  8.1732e+09  8.4684e+03  6.3448e+03  7.4992e+08  8.2445e+03  6.3448e+03  8.8112e+07  8.4175e+03  6.3449e+03  8.6060e+07  8.3825e+03  6.3449e+03  1.7417e+08  8.4002e+03  6.3462e+03  
106         1.0660e+10  7.7718e+09  8.8711e+03  6.4591e+03  7.0935e+08  8.6403e+03  6.4591e+03  8.7914e+07  8.8189e+03  6.4592e+03  8.5430e+07  8.7833e+03  6.4592e+03  1.7334e+08  8.8013e+03  6.4605e+03  
107         1.0678e+10  7.3957e+09  9.2855e+03  6.5716e+03  6.7142e+08  9.0478e+03  6.5716e+03  8.7786e+07  9.2319e+03  6.5717e+03  8.4776e+07  9.1958e+03  6.5717e+03  1.7256e+08  9.2142e+03  6.5730e+03  
108         1.0696e+10  7.0428e+09  9.7119e+03  6.6823e+03  6.3593e+08  9.4673e+03  6.6823e+03  8.7736e+07  9.6570e+03  6.6824e+03  8.4098e+07  9.6204e+03  6.6824e+03  1.7183e+08  9.6391e+03  6.6837e+03  
109         1.0714e+10  6.7112e+09  1.0151e+04  6.7912e+03  6.0267e+08  9.8990e+03  6.7911e+03  8.7770e+07  1.0094e+04  6.7912e+03  8.3395e+07  1.0057e+04  6.7912e+03  1.7117e+08  1.0076e+04  6.7926e+03  
110         1.0732e+10  6.3993e+09  1.0602e+04  6.8982e+03  5.7149e+08  1.0343e+04  6.8981e+03  8.7896e+07  1.0544e+04  6.8982e+03  8.2667e+07  1.0507e+04  6.8982e+03  1.7056e+08  1.0526e+04  6.8996e+03  
111         1.0751e+10  6.1055e+09  1.1066e+04  7.0033e+03  5.4221e+08  1.0800e+04  7.0032e+03  8.8123e+07  1.1007e+04  7.0033e+03  8.1913e+07  1.0969e+04  7.0033e+03  1.7004e+08  1.0988e+04  7.0047e+03  
112         1.0770e+10  5.8284e+09  1.1542e+04  7.1064e+03  5.1470e+08  1.1270e+04  7.1064e+03  8.8459e+07  1.1482e+04  7.1064e+03  8.1132e+07  1.1444e+04  7.1065e+03  1.6959e+08  1.1464e+04  7.1079e+03  
113         1.0789e+10  5.5668e+09  1.2033e+04  7.2075e+03  4.8884e+08  1.1753e+04  7.2075e+03  8.8913e+07  1.1971e+04  7.2076e+03  8.0324e+07  1.1933e+04  7.2076e+03  1.6924e+08  1.1953e+04  7.2090e+03  
114         1.0809e+10  5.3196e+09  1.2536e+04  7.3065e+03  4.6450e+08  1.2249e+04  7.3065e+03  8.9491e+07  1.2473e+04  7.3066e+03  7.9489e+07  1.2435e+04  7.3066e+03  1.6898e+08  1.2455e+04  7.3080e+03  
115         1.0829e+10  5.0858e+09  1.3053e+04  7.4033e+03  4.4158e+08  1.2759e+04  7.4033e+03  9.0203e+07  1.2989e+04  7.4034e+03  7.8625e+07  1.2950e+04  7.4034e+03  1.6883e+08  1.2971e+04  7.4048e+03  
116         1.0849e+10  4.8644e+09  1.3585e+04  7.4978e+03  4.1999e+08  1.3283e+04  7.4978e+03  9.1055e+07  1.3519e+04  7.4979e+03  7.7734e+07  1.3480e+04  7.4979e+03  1.6879e+08  1.3501e+04  7.4993e+03  
117         1.0869e+10  4.6545e+09  1.4130e+04  7.5899e+03  3.9964e+08  1.3820e+04  7.5899e+03  9.2053e+07  1.4063e+04  7.5900e+03  7.6814e+07  1.4024e+04  7.5900e+03  1.6887e+08  1.4045e+04  7.5914e+03  
118         1.0890e+10  4.4555e+09  1.4689e+04  7.6794e+03  3.8045e+08  1.4372e+04  7.6794e+03  9.3202e+07  1.4621e+04  7.6795e+03  7.5867e+07  1.4582e+04  7.6795e+03  1.6907e+08  1.4603e+04  7.6809e+03  
119         1.0911e+10  4.2665e+09  1.5263e+04  7.7662e+03  3.6234e+08  1.4939e+04  7.7662e+03  9.4505e+07  1.5193e+04  7.7663e+03  7.4892e+07  1.5155e+04  7.7663e+03  1.6940e+08  1.5176e+04  7.7677e+03  
120         1.0933e+10  4.0871e+09  1.5852e+04  7.8502e+03  3.4525e+08  1.5520e+04  7.8501e+03  9.5962e+07  1.5781e+04  7.8502e+03  7.3890e+07  1.5743e+04  7.8503e+03  1.6985e+08  1.5764e+04  7.8516e+03  
121         1.0954e+10  3.9164e+09  1.6455e+04  7.9312e+03  3.2912e+08  1.6115e+04  7.9311e+03  9.7572e+07  1.6383e+04  7.9312e+03  7.2862e+07  1.6345e+04  7.9312e+03  1.7043e+08  1.6367e+04  7.9326e+03  
122         1.0976e+10  3.7541e+09  1.7073e+04  8.0090e+03  3.1387e+08  1.6725e+04  8.0090e+03  9.9329e+07  1.7001e+04  8.0091e+03  7.1810e+07  1.6963e+04  8.0091e+03  1.7114e+08  1.6985e+04  8.0105e+03  
123         1.0998e+10  3.5996e+09  1.7707e+04  8.0836e+03  2.9947e+08  1.7351e+04  8.0836e+03  1.0123e+08  1.7633e+04  8.0837e+03  7.0735e+07  1.7596e+04  8.0837e+03  1.7196e+08  1.7618e+04  8.0851e+03  
124         1.1021e+10  3.4524e+09  1.8356e+04  8.1549e+03  2.8586e+08  1.7991e+04  8.1548e+03  1.0325e+08  1.8281e+04  8.1549e+03  6.9640e+07  1.8245e+04  8.1550e+03  1.7289e+08  1.8267e+04  8.1563e+03  
125         1.1044e+10  3.3121e+09  1.9020e+04  8.2227e+03  2.7298e+08  1.8647e+04  8.2226e+03  1.0539e+08  1.8945e+04  8.2228e+03  6.8528e+07  1.8909e+04  8.2228e+03  1.7392e+08  1.8931e+04  8.2241e+03  
126         1.1067e+10  3.1784e+09  1.9699e+04  8.2870e+03  2.6080e+08  1.9318e+04  8.2869e+03  1.0762e+08  1.9624e+04  8.2870e+03  6.7400e+07  1.9589e+04  8.2871e+03  1.7502e+08  1.9611e+04  8.2884e+03  
127         1.1091e+10  3.0508e+09  2.0394e+04  8.3477e+03  2.4926e+08  2.0004e+04  8.3477e+03  1.0992e+08  2.0319e+04  8.3478e+03  6.6261e+07  2.0285e+04  8.3478e+03  1.7618e+08  2.0306e+04  8.3491e+03  
128         1.1115e+10  2.9290e+09  2.1105e+04  8.4049e+03  2.3834e+08  2.0707e+04  8.4048e+03  1.1227e+08  2.1031e+04  8.4050e+03  6.5114e+07  2.0997e+04  8.4050e+03  1.7739e+08  2.1018e+04  8.4063e+03  
129         1.1139e+10  2.8127e+09  2.1833e+04  8.4586e+03  2.2799e+08  2.1425e+04  8.4585e+03  1.1464e+08  2.1758e+04  8.4586e+03  6.3962e+07  2.1726e+04  8.4586e+03  1.7861e+08  2.1747e+04  8.4599e+03  
130         1.1164e+10  2.7016e+09  2.2576e+04  8.5088e+03  2.1816e+08  2.2160e+04  8.5087e+03  1.1701e+08  2.2503e+04  8.5088e+03  6.2810e+07  2.2471e+04  8.5088e+03  1.7982e+08  2.2492e+04  8.5101e+03  
131         1.1189e+10  2.5954e+09  2.3336e+04  8.5556e+03  2.0884e+08  2.2911e+04  8.5555e+03  1.1934e+08  2.3264e+04  8.5557e+03  6.1660e+07  2.3233e+04  8.5557e+03  1.8100e+08  2.3253e+04  8.5569e+03  
132         1.1214e+10  2.4939e+09  2.4114e+04  8.5992e+03  1.9998e+08  2.3678e+04  8.5991e+03  1.2160e+08  2.4042e+04  8.5993e+03  6.0517e+07  2.4012e+04  8.5993e+03  1.8212e+08  2.4032e+04  8.6005e+03  
133         1.1240e+10  2.3969e+09  2.4908e+04  8.6398e+03  1.9156e+08  2.4464e+04  8.6397e+03  1.2377e+08  2.4838e+04  8.6398e+03  5.9384e+07  2.4809e+04  8.6398e+03  1.8316e+08  2.4829e+04  8.6410e+03  
134         1.1266e+10  2.3040e+09  2.5721e+04  8.6774e+03  1.8353e+08  2.5266e+04  8.6773e+03  1.2583e+08  2.5652e+04  8.6774e+03  5.8264e+07  2.5624e+04  8.6774e+03  1.8409e+08  2.5643e+04  8.6787e+03  
135         1.1293e+10  2.2152e+09  2.6551e+04  8.7123e+03  1.7589e+08  2.6087e+04  8.7122e+03  1.2774e+08  2.6485e+04  8.7124e+03  5.7160e+07  2.6457e+04  8.7124e+03  1.8490e+08  2.6476e+04  8.7136e+03  
136         1.1320e+10  2.1301e+09  2.7401e+04  8.7448e+03  1.6860e+08  2.6927e+04  8.7447e+03  1.2950e+08  2.7336e+04  8.7448e+03  5.6074e+07  2.7309e+04  8.7448e+03  1.8558e+08  2.7328e+04  8.7460e+03  
137         1.1347e+10  2.0486e+09  2.8270e+04  8.7749e+03  1.6163e+08  2.7786e+04  8.7748e+03  1.3109e+08  2.8207e+04  8.7750e+03  5.5009e+07  2.8181e+04  8.7750e+03  1.8610e+08  2.8199e+04  8.7762e+03  
138         1.1375e+10  1.9705e+09  2.9160e+04  8.8030e+03  1.5498e+08  2.8665e+04  8.8029e+03  1.3249e+08  2.9098e+04  8.8031e+03  5.3966e+07  2.9073e+04  8.8031e+03  1.8645e+08  2.9091e+04  8.8042e+03  
139         1.1403e+10  1.8957e+09  3.0070e+04  8.8292e+03  1.4861e+08  2.9565e+04  8.8291e+03  1.3369e+08  3.0010e+04  8.8293e+03  5.2946e+07  2.9986e+04  8.8293e+03  1.8664e+08  3.0003e+04  8.8305e+03  
140         1.1431e+10  1.8240e+09  3.1002e+04  8.8538e+03  1.4251e+08  3.0487e+04  8.8537e+03  1.3470e+08  3.0944e+04  8.8538e+03  5.1950e+07  3.0920e+04  8.8538e+03  1.8665e+08  3.0937e+04  8.8550e+03  
141         1.1460e+10  1.7552e+09  3.1956e+04  8.8769e+03  1.3666e+08  3.1431e+04  8.8767e+03  1.3550e+08  3.1900e+04  8.8769e+03  5.0978e+07  3.1877e+04  8.8769e+03  1.8648e+08  3.1894e+04  8.8781e+03  
142         1.1489e+10  1.6891e+09  3.2934e+04  8.8986e+03  1.3105e+08  3.2398e+04  8.8985e+03  1.3611e+08  3.2880e+04  8.8987e+03  5.0031e+07  3.2858e+04  8.8987e+03  1.8614e+08  3.2874e+04  8.8998e+03  
143         1.1519e+10  1.6258e+09  3.3936e+04  8.9192e+03  1.2566e+08  3.3389e+04  8.9191e+03  1.3653e+08  3.3884e+04  8.9193e+03  4.9108e+07  3.3862e+04  8.9193e+03  1.8563e+08  3.3878e+04  8.9204e+03  
144         1.1549e+10  1.5649e+09  3.4963e+04  8.9388e+03  1.2049e+08  3.4405e+04  8.9387e+03  1.3675e+08  3.4912e+04  8.9389e+03  4.8208e+07  3.4891e+04  8.9389e+03  1.8496e+08  3.4907e+04  8.9400e+03  
145         1.1580e+10  1.5064e+09  3.6016e+04  8.9575e+03  1.1551e+08  3.5447e+04  8.9573e+03  1.3680e+08  3.5967e+04  8.9575e+03  4.7332e+07  3.5947e+04  8.9575e+03  1.8413e+08  3.5962e+04  8.9587e+03  
146         1.1611e+10  1.4503e+09  3.7096e+04  8.9754e+03  1.1073e+08  3.6516e+04  8.9752e+03  1.3667e+08  3.7048e+04  8.9754e+03  4.6477e+07  3.7029e+04  8.9754e+03  1.8315e+08  3.7043e+04  8.9766e+03  
147         1.1643e+10  1.3962e+09  3.8204e+04  8.9926e+03  1.0614e+08  3.7612e+04  8.9924e+03  1.3638e+08  3.8158e+04  8.9926e+03  4.5644e+07  3.8139e+04  8.9926e+03  1.8202e+08  3.8153e+04  8.9938e+03  
148         1.1675e+10  1.3443e+09  3.9340e+04  9.0092e+03  1.0171e+08  3.8737e+04  9.0090e+03  1.3594e+08  3.9296e+04  9.0092e+03  4.4830e+07  3.9277e+04  9.0092e+03  1.8077e+08  3.9291e+04  9.0103e+03  
149         1.1707e+10  1.2944e+09  4.0507e+04  9.0252e+03  9.7457e+07  3.9892e+04  9.0250e+03  1.3535e+08  4.0464e+04  9.0252e+03  4.4034e+07  4.0446e+04  9.0252e+03  1.7939e+08  4.0459e+04  9.0264e+03  
150         1.1740e+10  1.2463e+09  4.1704e+04  9.0407e+03  9.3362e+07  4.1078e+04  9.0405e+03  1.3464e+08  4.1662e+04  9.0407e+03  4.3256e+07  4.1645e+04  9.0407e+03  1.7790e+08  4.1658e+04  9.0419e+03  
151         1.1774e+10  1.2000e+09  4.2933e+04  9.0558e+03  8.9422e+07  4.2295e+04  9.0556e+03  1.3381e+08  4.2892e+04  9.0558e+03  4.2494e+07  4.2875e+04  9.0558e+03  1.7630e+08  4.2888e+04  9.0570e+03  
152         1.1808e+10  1.1555e+09  4.4195e+04  9.0704e+03  8.5631e+07  4.3545e+04  9.0702e+03  1.3286e+08  4.4155e+04  9.0705e+03  4.1747e+07  4.4139e+04  9.0705e+03  1.7461e+08  4.4151e+04  9.0716e+03  
153         1.1842e+10  1.1127e+09  4.5490e+04  9.0847e+03  8.1983e+07  4.4828e+04  9.0845e+03  1.3182e+08  4.5452e+04  9.0848e+03  4.1014e+07  4.5435e+04  9.0848e+03  1.7283e+08  4.5448e+04  9.0859e+03  
154         1.1877e+10  1.0714e+09  4.6821e+04  9.0986e+03  7.8474e+07  4.6146e+04  9.0984e+03  1.3068e+08  4.6783e+04  9.0987e+03  4.0294e+07  4.6767e+04  9.0987e+03  1.7097e+08  4.6779e+04  9.0998e+03  
155         1.1912e+10  1.0316e+09  4.8187e+04  9.1122e+03  7.5099e+07  4.7499e+04  9.1120e+03  1.2946e+08  4.8150e+04  9.1123e+03  3.9586e+07  4.8134e+04  9.1123e+03  1.6905e+08  4.8146e+04  9.1134e+03  
156         1.1948e+10  9.9336e+08  4.9589e+04  9.1255e+03  7.1852e+07  4.8889e+04  9.1252e+03  1.2817e+08  4.9554e+04  9.1255e+03  3.8888e+07  4.9538e+04  9.1255e+03  1.6706e+08  4.9550e+04  9.1267e+03  
157         1.1985e+10  9.5648e+08  5.1029e+04  9.1384e+03  6.8731e+07  5.0317e+04  9.1381e+03  1.2681e+08  5.0995e+04  9.1385e+03  3.8201e+07  5.0980e+04  9.1385e+03  1.6501e+08  5.0991e+04  9.1396e+03  
158         1.2022e+10  9.2095e+08  5.2508e+04  9.1510e+03  6.5731e+07  5.1782e+04  9.1508e+03  1.2539e+08  5.2475e+04  9.1511e+03  3.7523e+07  5.2460e+04  9.1511e+03  1.6291e+08  5.2471e+04  9.1523e+03  
159         1.2059e+10  8.8673e+08  5.4027e+04  9.1634e+03  6.2848e+07  5.3288e+04  9.1631e+03  1.2392e+08  5.3994e+04  9.1634e+03  3.6853e+07  5.3979e+04  9.1634e+03  1.6077e+08  5.3991e+04  9.1646e+03  
160         1.2097e+10  8.5375e+08  5.5587e+04  9.1754e+03  6.0078e+07  5.4833e+04  9.1751e+03  1.2240e+08  5.5554e+04  9.1755e+03  3.6192e+07  5.5540e+04  9.1755e+03  1.5859e+08  5.5551e+04  9.1766e+03  
161         1.2136e+10  8.2198e+08  5.7188e+04  9.1871e+03  5.7418e+07  5.6421e+04  9.1868e+03  1.2084e+08  5.7156e+04  9.1872e+03  3.5538e+07  5.7142e+04  9.1872e+03  1.5638e+08  5.7153e+04  9.1884e+03  
162         1.2175e+10  7.9137e+08  5.8832e+04  9.1986e+03  5.4864e+07  5.8050e+04  9.1982e+03  1.1925e+08  5.8801e+04  9.1986e+03  3.4892e+07  5.8787e+04  9.1986e+03  1.5414e+08  5.8798e+04  9.1998e+03  
163         1.2215e+10  7.6187e+08  6.0519e+04  9.2097e+03  5.2412e+07  5.9723e+04  9.2093e+03  1.1763e+08  6.0489e+04  9.2098e+03  3.4252e+07  6.0476e+04  9.2098e+03  1.5188e+08  6.0486e+04  9.2109e+03  
164         1.2256e+10  7.3345e+08  6.2252e+04  9.2205e+03  5.0059e+07  6.1441e+04  9.2202e+03  1.1598e+08  6.2222e+04  9.2206e+03  3.3618e+07  6.2209e+04  9.2206e+03  1.4960e+08  6.2219e+04  9.2218e+03  
165         1.2297e+10  7.0606e+08  6.4030e+04  9.2310e+03  4.7802e+07  6.3204e+04  9.2307e+03  1.1431e+08  6.4001e+04  9.2311e+03  3.2991e+07  6.3988e+04  9.2311e+03  1.4730e+08  6.3998e+04  9.2323e+03  
166         1.2338e+10  6.7967e+08  6.5856e+04  9.2413e+03  4.5638e+07  6.5014e+04  9.2409e+03  1.1263e+08  6.5827e+04  9.2413e+03  3.2370e+07  6.5814e+04  9.2413e+03  1.4500e+08  6.5824e+04  9.2425e+03  
167         1.2380e+10  6.5424e+08  6.7729e+04  9.2511e+03  4.3563e+07  6.6872e+04  9.2507e+03  1.1093e+08  6.7701e+04  9.2512e+03  3.1754e+07  6.7688e+04  9.2512e+03  1.4268e+08  6.7698e+04  9.2524e+03  
168         1.2423e+10  6.2975e+08  6.9651e+04  9.2607e+03  4.1574e+07  6.8778e+04  9.2603e+03  1.0922e+08  6.9624e+04  9.2608e+03  3.1144e+07  6.9611e+04  9.2608e+03  1.4036e+08  6.9621e+04  9.2620e+03  
169         1.2466e+10  6.0614e+08  7.1624e+04  9.2700e+03  3.9669e+07  7.0734e+04  9.2695e+03  1.0750e+08  7.1597e+04  9.2700e+03  3.0540e+07  7.1585e+04  9.2700e+03  1.3804e+08  7.1594e+04  9.2712e+03  
170         1.2510e+10  5.8340e+08  7.3647e+04  9.2789e+03  3.7843e+07  7.2740e+04  9.2784e+03  1.0578e+08  7.3621e+04  9.2789e+03  2.9942e+07  7.3609e+04  9.2789e+03  1.3572e+08  7.3619e+04  9.2801e+03  
171         1.2555e+10  5.6148e+08  7.5723e+04  9.2874e+03  3.6096e+07  7.4799e+04  9.2870e+03  1.0406e+08  7.5698e+04  9.2875e+03  2.9349e+07  7.5686e+04  9.2875e+03  1.3341e+08  7.5695e+04  9.2887e+03  
172         1.2601e+10  5.4037e+08  7.7853e+04  9.2957e+03  3.4423e+07  7.6911e+04  9.2952e+03  1.0234e+08  7.7828e+04  9.2957e+03  2.8761e+07  7.7816e+04  9.2957e+03  1.3110e+08  7.7825e+04  9.2970e+03  
173         1.2647e+10  5.2003e+08  8.0037e+04  9.3036e+03  3.2822e+07  7.9077e+04  9.3030e+03  1.0062e+08  8.0013e+04  9.3036e+03  2.8180e+07  8.0001e+04  9.3036e+03  1.2880e+08  8.0010e+04  9.3049e+03  
174         1.2693e+10  5.0044e+08  8.2277e+04  9.3111e+03  3.1290e+07  8.1298e+04  9.3106e+03  9.8904e+07  8.2253e+04  9.3112e+03  2.7604e+07  8.2241e+04  9.3112e+03  1.2651e+08  8.2250e+04  9.3124e+03  
175         1.2741e+10  4.8156e+08  8.4573e+04  9.3183e+03  2.9824e+07  8.3575e+04  9.3177e+03  9.7197e+07  8.4550e+04  9.3183e+03  2.7033e+07  8.4539e+04  9.3183e+03  1.2423e+08  8.4548e+04  9.3196e+03  
176         1.2789e+10  4.6338e+08  8.6928e+04  9.3251e+03  2.8423e+07  8.5910e+04  9.3245e+03  9.5498e+07  8.6905e+04  9.3251e+03  2.6469e+07  8.6894e+04  9.3251e+03  1.2197e+08  8.6903e+04  9.3264e+03  
177         1.2837e+10  4.4587e+08  8.9342e+04  9.3315e+03  2.7084e+07  8.8304e+04  9.3309e+03  9.3809e+07  8.9320e+04  9.3316e+03  2.5911e+07  8.9308e+04  9.3316e+03  1.1972e+08  8.9317e+04  9.3328e+03  
178         1.2887e+10  4.2899e+08  9.1816e+04  9.3376e+03  2.5804e+07  9.0758e+04  9.3369e+03  9.2132e+07  9.1794e+04  9.3377e+03  2.5358e+07  9.1783e+04  9.3376e+03  1.1749e+08  9.1792e+04  9.3389e+03  
179         1.2937e+10  4.1274e+08  9.4352e+04  9.3432e+03  2.4581e+07  9.3272e+04  9.3426e+03  9.0467e+07  9.4331e+04  9.3433e+03  2.4812e+07  9.4320e+04  9.3433e+03  1.1528e+08  9.4328e+04  9.3446e+03  
180         1.2988e+10  3.9709e+08  9.6950e+04  9.3485e+03  2.3412e+07  9.5849e+04  9.3479e+03  8.8816e+07  9.6930e+04  9.3486e+03  2.4272e+07  9.6919e+04  9.3486e+03  1.1309e+08  9.6927e+04  9.3499e+03  
181         1.3040e+10  3.8201e+08  9.9612e+04  9.3534e+03  2.2296e+07  9.8489e+04  9.3527e+03  8.7180e+07  9.9592e+04  9.3535e+03  2.3739e+07  9.9582e+04  9.3535e+03  1.1092e+08  9.9590e+04  9.3548e+03  
182         1.3092e+10  3.6749e+08  1.0234e+05  9.3579e+03  2.1231e+07  1.0119e+05  9.3572e+03  8.5560e+07  1.0232e+05  9.3580e+03  2.3212e+07  1.0231e+05  9.3580e+03  1.0877e+08  1.0232e+05  9.3593e+03  
183         1.3145e+10  3.5351e+08  1.0513e+05  9.3620e+03  2.0214e+07  1.0396e+05  9.3613e+03  8.3957e+07  1.0511e+05  9.3622e+03  2.2691e+07  1.0510e+05  9.3621e+03  1.0665e+08  1.0511e+05  9.3634e+03  
184         1.3199e+10  3.4004e+08  1.0800e+05  9.3657e+03  1.9243e+07  1.0680e+05  9.3650e+03  8.2371e+07  1.0798e+05  9.3658e+03  2.2178e+07  1.0797e+05  9.3658e+03  1.0455e+08  1.0797e+05  9.3671e+03  
185         1.3254e+10  3.2707e+08  1.1093e+05  9.3690e+03  1.8317e+07  1.0971e+05  9.3682e+03  8.0803e+07  1.1091e+05  9.3691e+03  2.1671e+07  1.1090e+05  9.3691e+03  1.0247e+08  1.1091e+05  9.3704e+03  
186         1.3309e+10  3.1458e+08  1.1393e+05  9.3719e+03  1.7433e+07  1.1268e+05  9.3711e+03  7.9254e+07  1.1391e+05  9.3720e+03  2.1171e+07  1.1390e+05  9.3720e+03  1.0043e+08  1.1391e+05  9.3733e+03  
187         1.3366e+10  3.0256e+08  1.1700e+05  9.3743e+03  1.6591e+07  1.1573e+05  9.3735e+03  7.7725e+07  1.1698e+05  9.3745e+03  2.0678e+07  1.1697e+05  9.3745e+03  9.8403e+07  1.1698e+05  9.3758e+03  
188         1.3423e+10  2.9098e+08  1.2014e+05  9.3764e+03  1.5787e+07  1.1885e+05  9.3755e+03  7.6215e+07  1.2012e+05  9.3765e+03  2.0193e+07  1.2011e+05  9.3765e+03  9.6407e+07  1.2012e+05  9.3778e+03  
189         1.3481e+10  2.7983e+08  1.2336e+05  9.3779e+03  1.5021e+07  1.2204e+05  9.3770e+03  7.4725e+07  1.2334e+05  9.3781e+03  1.9715e+07  1.2333e+05  9.3781e+03  9.4439e+07  1.2334e+05  9.3794e+03  
190         1.3540e+10  2.6909e+08  1.2665e+05  9.3791e+03  1.4291e+07  1.2530e+05  9.3781e+03  7.3255e+07  1.2664e+05  9.3792e+03  1.9244e+07  1.2663e+05  9.3792e+03  9.2499e+07  1.2663e+05  9.3805e+03  
191         1.3599e+10  2.5876e+08  1.3002e+05  9.3798e+03  1.3594e+07  1.2864e+05  9.3788e+03  7.1806e+07  1.3000e+05  9.3799e+03  1.8780e+07  1.3000e+05  9.3799e+03  9.0586e+07  1.3000e+05  9.3813e+03  
192         1.3660e+10  2.4881e+08  1.3347e+05  9.3801e+03  1.2931e+07  1.3206e+05  9.3790e+03  7.0378e+07  1.3345e+05  9.3802e+03  1.8324e+07  1.3344e+05  9.3802e+03  8.8702e+07  1.3345e+05  9.3815e+03  
193         1.3722e+10  2.3923e+08  1.3699e+05  9.3799e+03  1.2299e+07  1.3555e+05  9.3788e+03  6.8972e+07  1.3698e+05  9.3800e+03  1.7875e+07  1.3697e+05  9.3800e+03  8.6847e+07  1.3697e+05  9.3814e+03  
194         1.3784e+10  2.3001e+08  1.4059e+05  9.3793e+03  1.1697e+07  1.3913e+05  9.3781e+03  6.7586e+07  1.4058e+05  9.3794e+03  1.7434e+07  1.4057e+05  9.3794e+03  8.5020e+07  1.4058e+05  9.3807e+03  
195         1.3847e+10  2.2114e+08  1.4428e+05  9.3782e+03  1.1124e+07  1.4278e+05  9.3770e+03  6.6222e+07  1.4427e+05  9.3783e+03  1.7001e+07  1.4426e+05  9.3783e+03  8.3223e+07  1.4427e+05  9.3797e+03  
196         1.3911e+10  2.1260e+08  1.4805e+05  9.3766e+03  1.0578e+07  1.4652e+05  9.3754e+03  6.4879e+07  1.4804e+05  9.3768e+03  1.6576e+07  1.4803e+05  9.3768e+03  8.1454e+07  1.4803e+05  9.3781e+03  
197         1.3977e+10  2.0437e+08  1.5190e+05  9.3746e+03  1.0058e+07  1.5033e+05  9.3733e+03  6.3557e+07  1.5189e+05  9.3747e+03  1.6158e+07  1.5188e+05  9.3747e+03  7.9715e+07  1.5189e+05  9.3761e+03  
198         1.4043e+10  1.9646e+08  1.5583e+05  9.3721e+03  9.5634e+06  1.5423e+05  9.3708e+03  6.2257e+07  1.5582e+05  9.3722e+03  1.5747e+07  1.5581e+05  9.3722e+03  7.8004e+07  1.5582e+05  9.3736e+03  
199         1.4110e+10  1.8885e+08  1.5985e+05  9.3691e+03  9.0923e+06  1.5822e+05  9.3677e+03  6.0978e+07  1.5984e+05  9.3693e+03  1.5345e+07  1.5984e+05  9.3693e+03  7.6323e+07  1.5984e+05  9.3707e+03  
200         1.4178e+10  1.8152e+08  1.6396e+05  9.3657e+03  8.6440e+06  1.6229e+05  9.3642e+03  5.9720e+07  1.6395e+05  9.3658e+03  1.4950e+07  1.6394e+05  9.3658e+03  7.4671e+07  1.6395e+05  9.3672e+03  
201         1.4247e+10  1.7447e+08  1.6816e+05  9.3617e+03  8.2173e+06  1.6645e+05  9.3603e+03  5.8484e+07  1.6815e+05  9.3619e+03  1.4563e+07  1.6814e+05  9.3619e+03  7.3047e+07  1.6815e+05  9.3633e+03  
202         1.4317e+10  1.6768e+08  1.7244e+05  9.3573e+03  7.8114e+06  1.7070e+05  9.3558e+03  5.7269e+07  1.7243e+05  9.3575e+03  1.4184e+07  1.7243e+05  9.3575e+03  7.1452e+07  1.7243e+05  9.3589e+03  
203         1.4388e+10  1.6115e+08  1.7682e+05  9.3524e+03  7.4251e+06  1.7503e+05  9.3508e+03  5.6074e+07  1.7681e+05  9.3526e+03  1.3812e+07  1.7680e+05  9.3526e+03  6.9886e+07  1.7681e+05  9.3540e+03  
204         1.4460e+10  1.5487e+08  1.8128e+05  9.3470e+03  7.0577e+06  1.7946e+05  9.3454e+03  5.4900e+07  1.8128e+05  9.3472e+03  1.3448e+07  1.8127e+05  9.3472e+03  6.8348e+07  1.8128e+05  9.3486e+03  
205         1.4533e+10  1.4883e+08  1.8584e+05  9.3411e+03  6.7082e+06  1.8398e+05  9.3394e+03  5.3747e+07  1.8584e+05  9.3413e+03  1.3092e+07  1.8583e+05  9.3413e+03  6.6839e+07  1.8583e+05  9.3427e+03  
206         1.4607e+10  1.4302e+08  1.9049e+05  9.3347e+03  6.3757e+06  1.8859e+05  9.3329e+03  5.2614e+07  1.9049e+05  9.3349e+03  1.2743e+07  1.9048e+05  9.3349e+03  6.5357e+07  1.9049e+05  9.3363e+03  
207         1.4683e+10  1.3743e+08  1.9524e+05  9.3278e+03  6.0596e+06  1.9329e+05  9.3260e+03  5.1502e+07  1.9523e+05  9.3280e+03  1.2402e+07  1.9523e+05  9.3280e+03  6.3903e+07  1.9523e+05  9.3294e+03  
208         1.4759e+10  1.3205e+08  2.0008e+05  9.3204e+03  5.7590e+06  1.9809e+05  9.3185e+03  5.0409e+07  2.0007e+05  9.3206e+03  1.2068e+07  2.0007e+05  9.3206e+03  6.2477e+07  2.0007e+05  9.3221e+03  
209         1.4837e+10  1.2688e+08  2.0501e+05  9.3125e+03  5.4731e+06  2.0298e+05  9.3105e+03  4.9336e+07  2.0501e+05  9.3127e+03  1.1741e+07  2.0500e+05  9.3127e+03  6.1078e+07  2.0501e+05  9.3142e+03  
210         1.4915e+10  1.2190e+08  2.1005e+05  9.3041e+03  5.2013e+06  2.0797e+05  9.3020e+03  4.8283e+07  2.1005e+05  9.3043e+03  1.1422e+07  2.1004e+05  9.3043e+03  5.9705e+07  2.1004e+05  9.3057e+03  
211         1.4995e+10  1.1712e+08  2.1518e+05  9.2951e+03  4.9429e+06  2.1305e+05  9.2930e+03  4.7249e+07  2.1518e+05  9.2954e+03  1.1110e+07  2.1517e+05  9.2954e+03  5.8360e+07  2.1518e+05  9.2968e+03  
212         1.5076e+10  1.1251e+08  2.2041e+05  9.2857e+03  4.6973e+06  2.1823e+05  9.2835e+03  4.6234e+07  2.2041e+05  9.2859e+03  1.0806e+07  2.2040e+05  9.2859e+03  5.7040e+07  2.2041e+05  9.2874e+03  
213         1.5158e+10  1.0809e+08  2.2574e+05  9.2757e+03  4.4638e+06  2.2351e+05  9.2734e+03  4.5239e+07  2.2574e+05  9.2759e+03  1.0508e+07  2.2573e+05  9.2759e+03  5.5747e+07  2.2574e+05  9.2774e+03  
214         1.5241e+10  1.0384e+08  2.3117e+05  9.2652e+03  4.2418e+06  2.2889e+05  9.2628e+03  4.4261e+07  2.3117e+05  9.2655e+03  1.0218e+07  2.3116e+05  9.2654e+03  5.4479e+07  2.3117e+05  9.2669e+03  
215         1.5326e+10  9.9745e+07  2.3670e+05  9.2542e+03  4.0308e+06  2.3437e+05  9.2517e+03  4.3302e+07  2.3670e+05  9.2544e+03  9.9343e+06  2.3669e+05  9.2544e+03  5.3237e+07  2.3670e+05  9.2559e+03  
216         1.5412e+10  9.5813e+07  2.4233e+05  9.2427e+03  3.8303e+06  2.3995e+05  9.2401e+03  4.2362e+07  2.4233e+05  9.2429e+03  9.6576e+06  2.4233e+05  9.2429e+03  5.2019e+07  2.4233e+05  9.2444e+03  
217         1.5499e+10  9.2032e+07  2.4807e+05  9.2306e+03  3.6398e+06  2.4563e+05  9.2279e+03  4.1439e+07  2.4807e+05  9.2309e+03  9.3877e+06  2.4806e+05  9.2308e+03  5.0826e+07  2.4807e+05  9.2323e+03  
218         1.5587e+10  8.8397e+07  2.5390e+05  9.2180e+03  3.4587e+06  2.5141e+05  9.2153e+03  4.0534e+07  2.5391e+05  9.2183e+03  9.1243e+06  2.5390e+05  9.2183e+03  4.9658e+07  2.5391e+05  9.2198e+03  
219         1.5677e+10  8.4903e+07  2.5985e+05  9.2049e+03  3.2866e+06  2.5730e+05  9.2020e+03  3.9646e+07  2.5985e+05  9.2052e+03  8.8676e+06  2.5985e+05  9.2052e+03  4.8513e+07  2.5985e+05  9.2067e+03  
220         1.5768e+10  8.1544e+07  2.6589e+05  9.1912e+03  3.1230e+06  2.6329e+05  9.1883e+03  3.8775e+07  2.6590e+05  9.1915e+03  8.6172e+06  2.6589e+05  9.1915e+03  4.7392e+07  2.6590e+05  9.1930e+03  
221         1.5860e+10  7.8316e+07  2.7204e+05  9.1771e+03  2.9676e+06  2.6938e+05  9.1740e+03  3.7921e+07  2.7205e+05  9.1774e+03  8.3732e+06  2.7204e+05  9.1774e+03  4.6294e+07  2.7205e+05  9.1789e+03  
222         1.5953e+10  7.5213e+07  2.7830e+05  9.1624e+03  2.8200e+06  2.7557e+05  9.1592e+03  3.7083e+07  2.7831e+05  9.1627e+03  8.1353e+06  2.7830e+05  9.1627e+03  4.5219e+07  2.7831e+05  9.1642e+03  
223         1.6048e+10  7.2230e+07  2.8466e+05  9.1472e+03  2.6796e+06  2.8187e+05  9.1439e+03  3.6262e+07  2.8467e+05  9.1475e+03  7.9036e+06  2.8466e+05  9.1475e+03  4.4166e+07  2.8467e+05  9.1490e+03  
224         1.6145e+10  6.9364e+07  2.9113e+05  9.1314e+03  2.5463e+06  2.8828e+05  9.1280e+03  3.5457e+07  2.9114e+05  9.1317e+03  7.6779e+06  2.9113e+05  9.1317e+03  4.3135e+07  2.9114e+05  9.1333e+03  
225         1.6242e+10  6.6610e+07  2.9770e+05  9.1151e+03  2.4196e+06  2.9479e+05  9.1117e+03  3.4668e+07  2.9772e+05  9.1155e+03  7.4580e+06  2.9771e+05  9.1155e+03  4.2126e+07  2.9771e+05  9.1170e+03  
226         1.6342e+10  6.3963e+07  3.0438e+05  9.0983e+03  2.2993e+06  3.0140e+05  9.0947e+03  3.3894e+07  3.0440e+05  9.0987e+03  7.2439e+06  3.0439e+05  9.0987e+03  4.1138e+07  3.0440e+05  9.1002e+03  
227         1.6442e+10  6.1420e+07  3.1117e+05  9.0810e+03  2.1849e+06  3.0812e+05  9.0773e+03  3.3136e+07  3.1119e+05  9.0814e+03  7.0355e+06  3.1118e+05  9.0814e+03  4.0172e+07  3.1119e+05  9.0829e+03  
228         1.6544e+10  5.8976e+07  3.1807e+05  9.0632e+03  2.0762e+06  3.1495e+05  9.0593e+03  3.2393e+07  3.1809e+05  9.0635e+03  6.8326e+06  3.1808e+05  9.0635e+03  3.9225e+07  3.1809e+05  9.0651e+03  
229         1.6648e+10  5.6627e+07  3.2508e+05  9.0448e+03  1.9730e+06  3.2189e+05  9.0408e+03  3.1664e+07  3.2510e+05  9.0452e+03  6.6351e+06  3.2509e+05  9.0452e+03  3.8299e+07  3.2509e+05  9.0467e+03  
230         1.6753e+10  5.4371e+07  3.3219e+05  9.0260e+03  1.8749e+06  3.2893e+05  9.0218e+03  3.0950e+07  3.3221e+05  9.0263e+03  6.4429e+06  3.3221e+05  9.0263e+03  3.7393e+07  3.3221e+05  9.0279e+03  
231         1.6860e+10  5.2203e+07  3.3941e+05  9.0066e+03  1.7817e+06  3.3607e+05  9.0023e+03  3.0251e+07  3.3943e+05  9.0070e+03  6.2559e+06  3.3943e+05  9.0069e+03  3.6507e+07  3.3943e+05  9.0085e+03  
232         1.6968e+10  5.0121e+07  3.4675e+05  8.9867e+03  1.6931e+06  3.4333e+05  8.9823e+03  2.9565e+07  3.4677e+05  8.9871e+03  6.0740e+06  3.4676e+05  8.9871e+03  3.5639e+07  3.4677e+05  8.9886e+03  
233         1.7078e+10  4.8120e+07  3.5419e+05  8.9663e+03  1.6090e+06  3.5069e+05  8.9617e+03  2.8893e+07  3.5421e+05  8.9667e+03  5.8970e+06  3.5421e+05  8.9667e+03  3.4790e+07  3.5421e+05  8.9682e+03  
234         1.7189e+10  4.6198e+07  3.6174e+05  8.9454e+03  1.5290e+06  3.5816e+05  8.9407e+03  2.8235e+07  3.6176e+05  8.9458e+03  5.7249e+06  3.6176e+05  8.9458e+03  3.3960e+07  3.6176e+05  8.9473e+03  
235         1.7302e+10  4.4351e+07  3.6940e+05  8.9240e+03  1.4531e+06  3.6574e+05  8.9191e+03  2.7590e+07  3.6942e+05  8.9244e+03  5.5575e+06  3.6942e+05  8.9244e+03  3.3148e+07  3.6942e+05  8.9260e+03  
236         1.7417e+10  4.2577e+07  3.7716e+05  8.9021e+03  1.3809e+06  3.7343e+05  8.8971e+03  2.6959e+07  3.7719e+05  8.9025e+03  5.3947e+06  3.7719e+05  8.9025e+03  3.2354e+07  3.7719e+05  8.9041e+03  
237         1.7533e+10  4.0873e+07  3.8504e+05  8.8797e+03  1.3123e+06  3.8122e+05  8.8745e+03  2.6340e+07  3.8507e+05  8.8801e+03  5.2364e+06  3.8507e+05  8.8801e+03  3.1576e+07  3.8507e+05  8.8817e+03  
238         1.7651e+10  3.9236e+07  3.9303e+05  8.8568e+03  1.2472e+06  3.8912e+05  8.8515e+03  2.5734e+07  3.9306e+05  8.8572e+03  5.0826e+06  3.9306e+05  8.8572e+03  3.0817e+07  3.9306e+05  8.8588e+03  
239         1.7771e+10  3.7664e+07  4.0113e+05  8.8334e+03  1.1852e+06  3.9713e+05  8.8279e+03  2.5140e+07  4.0116e+05  8.8339e+03  4.9331e+06  4.0116e+05  8.8339e+03  3.0073e+07  4.0116e+05  8.8355e+03  
240         1.7892e+10  3.6154e+07  4.0934e+05  8.8096e+03  1.1264e+06  4.0525e+05  8.8039e+03  2.4559e+07  4.0937e+05  8.8101e+03  4.7877e+06  4.0937e+05  8.8100e+03  2.9346e+07  4.0937e+05  8.8116e+03  
241         1.8015e+10  3.4704e+07  4.1766e+05  8.7853e+03  1.0705e+06  4.1348e+05  8.7794e+03  2.3989e+07  4.1769e+05  8.7857e+03  4.6464e+06  4.1769e+05  8.7857e+03  2.8636e+07  4.1769e+05  8.7873e+03  
242         1.8140e+10  3.3311e+07  4.2608e+05  8.7605e+03  1.0173e+06  4.2181e+05  8.7544e+03  2.3432e+07  4.2612e+05  8.7610e+03  4.5092e+06  4.2612e+05  8.7610e+03  2.7941e+07  4.2612e+05  8.7626e+03  
243         1.8267e+10  3.1973e+07  4.3462e+05  8.7352e+03  9.6686e+05  4.3025e+05  8.7290e+03  2.2886e+07  4.3466e+05  8.7357e+03  4.3758e+06  4.3466e+05  8.7357e+03  2.7261e+07  4.3466e+05  8.7374e+03  
244         1.8396e+10  3.0688e+07  4.4327e+05  8.7095e+03  9.1887e+05  4.3880e+05  8.7031e+03  2.2351e+07  4.4331e+05  8.7101e+03  4.2461e+06  4.4331e+05  8.7100e+03  2.6597e+07  4.4331e+05  8.7117e+03  
245         1.8527e+10  2.9453e+07  4.5203e+05  8.6834e+03  8.7328e+05  4.4746e+05  8.6768e+03  2.1827e+07  4.5207e+05  8.6839e+03  4.1202e+06  4.5207e+05  8.6839e+03  2.5947e+07  4.5207e+05  8.6855e+03  
246         1.8659e+10  2.8268e+07  4.6089e+05  8.6568e+03  8.2994e+05  4.5622e+05  8.6500e+03  2.1315e+07  4.6094e+05  8.6574e+03  3.9979e+06  4.6093e+05  8.6573e+03  2.5313e+07  4.6094e+05  8.6590e+03  
247         1.8794e+10  2.7130e+07  4.6987e+05  8.6298e+03  7.8876e+05  4.6509e+05  8.6228e+03  2.0813e+07  4.6992e+05  8.6303e+03  3.8790e+06  4.6991e+05  8.6303e+03  2.4692e+07  4.6992e+05  8.6320e+03  
248         1.8930e+10  2.6037e+07  4.7896e+05  8.6023e+03  7.4962e+05  4.7407e+05  8.5951e+03  2.0321e+07  4.7900e+05  8.6029e+03  3.7636e+06  4.7900e+05  8.6029e+03  2.4085e+07  4.7900e+05  8.6045e+03  
249         1.9068e+10  2.4987e+07  4.8815e+05  8.5745e+03  7.1242e+05  4.8316e+05  8.5670e+03  1.9841e+07  4.8820e+05  8.5750e+03  3.6515e+06  4.8820e+05  8.5750e+03  2.3492e+07  4.8820e+05  8.5767e+03  
250         1.9209e+10  2.3979e+07  4.9746e+05  8.5462e+03  6.7706e+05  4.9236e+05  8.5385e+03  1.9370e+07  4.9751e+05  8.5468e+03  3.5426e+06  4.9751e+05  8.5467e+03  2.2912e+07  4.9751e+05  8.5484e+03  
251         1.9351e+10  2.3011e+07  5.0687e+05  8.5175e+03  6.4346e+05  5.0166e+05  8.5096e+03  1.8909e+07  5.0693e+05  8.5181e+03  3.4368e+06  5.0692e+05  8.5181e+03  2.2346e+07  5.0693e+05  8.5197e+03  
252         1.9496e+10  2.2081e+07  5.1640e+05  8.4884e+03  6.1152e+05  5.1107e+05  8.4802e+03  1.8458e+07  5.1645e+05  8.4890e+03  3.3341e+06  5.1645e+05  8.4890e+03  2.1792e+07  5.1645e+05  8.4906e+03  
253         1.9643e+10  2.1188e+07  5.2603e+05  8.4589e+03  5.8116e+05  5.2058e+05  8.4505e+03  1.8016e+07  5.2609e+05  8.4595e+03  3.2344e+06  5.2609e+05  8.4595e+03  2.1251e+07  5.2609e+05  8.4612e+03  
254         1.9791e+10  2.0331e+07  5.3577e+05  8.4290e+03  5.5230e+05  5.3020e+05  8.4204e+03  1.7584e+07  5.3583e+05  8.4296e+03  3.1375e+06  5.3583e+05  8.4296e+03  2.0722e+07  5.3583e+05  8.4313e+03  
255         1.9942e+10  1.9508e+07  5.4562e+05  8.3987e+03  5.2487e+05  5.3993e+05  8.3898e+03  1.7162e+07  5.4568e+05  8.3994e+03  3.0435e+06  5.4568e+05  8.3994e+03  2.0205e+07  5.4568e+05  8.4010e+03  
256         2.0096e+10  1.8718e+07  5.5558e+05  8.3681e+03  4.9880e+05  5.4977e+05  8.3589e+03  1.6748e+07  5.5565e+05  8.3688e+03  2.9522e+06  5.5564e+05  8.3687e+03  1.9700e+07  5.5565e+05  8.3704e+03  
257         2.0251e+10  1.7959e+07  5.6565e+05  8.3371e+03  4.7401e+05  5.5971e+05  8.3277e+03  1.6343e+07  5.6572e+05  8.3378e+03  2.8635e+06  5.6572e+05  8.3378e+03  1.9207e+07  5.6572e+05  8.3394e+03  
258         2.0409e+10  1.7230e+07  5.7583e+05  8.3057e+03  4.5045e+05  5.6975e+05  8.2961e+03  1.5947e+07  5.7590e+05  8.3065e+03  2.7775e+06  5.7590e+05  8.3064e+03  1.8725e+07  5.7590e+05  8.3081e+03  
259         2.0569e+10  1.6531e+07  5.8611e+05  8.2740e+03  4.2805e+05  5.7991e+05  8.2641e+03  1.5560e+07  5.8618e+05  8.2748e+03  2.6939e+06  5.8618e+05  8.2747e+03  1.8254e+07  5.8618e+05  8.2764e+03  
260         2.0731e+10  1.5859e+07  5.9651e+05  8.2420e+03  4.0676e+05  5.9017e+05  8.2317e+03  1.5181e+07  5.9658e+05  8.2428e+03  2.6128e+06  5.9658e+05  8.2427e+03  1.7794e+07  5.9658e+05  8.2444e+03  
261         2.0896e+10  1.5214e+07  6.0701e+05  8.2096e+03  3.8652e+05  6.0053e+05  8.1991e+03  1.4810e+07  6.0709e+05  8.2104e+03  2.5341e+06  6.0708e+05  8.2104e+03  1.7344e+07  6.0709e+05  8.2121e+03  
262         2.1063e+10  1.4595e+07  6.1762e+05  8.1769e+03  3.6728e+05  6.1100e+05  8.1661e+03  1.4447e+07  6.1770e+05  8.1777e+03  2.4576e+06  6.1770e+05  8.1777e+03  1.6905e+07  6.1770e+05  8.1794e+03  
263         2.1232e+10  1.4000e+07  6.2834e+05  8.1439e+03  3.4899e+05  6.2158e+05  8.1328e+03  1.4093e+07  6.2842e+05  8.1447e+03  2.3834e+06  6.2842e+05  8.1447e+03  1.6476e+07  6.2842e+05  8.1464e+03  
264         2.1404e+10  1.3429e+07  6.3916e+05  8.1106e+03  3.3160e+05  6.3226e+05  8.0991e+03  1.3746e+07  6.3925e+05  8.1114e+03  2.3114e+06  6.3925e+05  8.1114e+03  1.6057e+07  6.3925e+05  8.1131e+03  
265         2.1579e+10  1.2881e+07  6.5010e+05  8.0770e+03  3.1507e+05  6.4305e+05  8.0652e+03  1.3406e+07  6.5019e+05  8.0778e+03  2.2415e+06  6.5019e+05  8.0778e+03  1.5648e+07  6.5019e+05  8.0795e+03  
266         2.1756e+10  1.2355e+07  6.6114e+05  8.0430e+03  2.9935e+05  6.5394e+05  8.0309e+03  1.3074e+07  6.6123e+05  8.0439e+03  2.1736e+06  6.6123e+05  8.0439e+03  1.5248e+07  6.6123e+05  8.0456e+03  
267         2.1936e+10  1.1850e+07  6.7229e+05  8.0088e+03  2.8441e+05  6.6494e+05  7.9964e+03  1.2750e+07  6.7239e+05  8.0097e+03  2.1077e+06  6.7239e+05  8.0097e+03  1.4858e+07  6.7239e+05  8.0114e+03  
268         2.2118e+10  1.1366e+07  6.8355e+05  7.9744e+03  2.7020e+05  6.7604e+05  7.9616e+03  1.2433e+07  6.8365e+05  7.9753e+03  2.0438e+06  6.8365e+05  7.9752e+03  1.4476e+07  6.8365e+05  7.9769e+03  
269         2.2303e+10  1.0900e+07  6.9492e+05  7.9396e+03  2.5670e+05  6.8724e+05  7.9265e+03  1.2122e+07  6.9502e+05  7.9405e+03  1.9817e+06  6.9502e+05  7.9405e+03  1.4104e+07  6.9502e+05  7.9422e+03  
270         2.2491e+10  1.0453e+07  7.0639e+05  7.9046e+03  2.4386e+05  6.9856e+05  7.8911e+03  1.1819e+07  7.0649e+05  7.9056e+03  1.9215e+06  7.0649e+05  7.9055e+03  1.3740e+07  7.0649e+05  7.9072e+03  
271         2.2681e+10  1.0024e+07  7.1798e+05  7.8694e+03  2.3165e+05  7.0997e+05  7.8555e+03  1.1522e+07  7.1808e+05  7.8703e+03  1.8631e+06  7.1808e+05  7.8703e+03  1.3385e+07  7.1808e+05  7.8720e+03  
272         2.2874e+10  9.6127e+06  7.2967e+05  7.8338e+03  2.2005e+05  7.2150e+05  7.8196e+03  1.1232e+07  7.2977e+05  7.8348e+03  1.8064e+06  7.2977e+05  7.8348e+03  1.3039e+07  7.2977e+05  7.8365e+03  
273         2.3070e+10  9.2175e+06  7.4146e+05  7.7981e+03  2.0902e+05  7.3312e+05  7.7834e+03  1.0949e+07  7.4158e+05  7.7991e+03  1.7513e+06  7.4158e+05  7.7991e+03  1.2700e+07  7.4158e+05  7.8008e+03  
274         2.3269e+10  8.8382e+06  7.5337e+05  7.7621e+03  1.9853e+05  7.4485e+05  7.7471e+03  1.0672e+07  7.5349e+05  7.7631e+03  1.6979e+06  7.5349e+05  7.7631e+03  1.2370e+07  7.5349e+05  7.7648e+03  
275         2.3471e+10  8.4741e+06  7.6539e+05  7.7259e+03  1.8856e+05  7.5669e+05  7.7105e+03  1.0401e+07  7.6550e+05  7.7270e+03  1.6461e+06  7.6550e+05  7.7269e+03  1.2047e+07  7.6550e+05  7.7287e+03  
276         2.3675e+10  8.1246e+06  7.7751e+05  7.6895e+03  1.7908e+05  7.6863e+05  7.6736e+03  1.0137e+07  7.7763e+05  7.6906e+03  1.5958e+06  7.7763e+05  7.6905e+03  1.1732e+07  7.7763e+05  7.6923e+03  
277         2.3883e+10  7.7892e+06  7.8974e+05  7.6529e+03  1.7007e+05  7.8068e+05  7.6366e+03  9.8780e+06  7.8986e+05  7.6540e+03  1.5469e+06  7.8986e+05  7.6539e+03  1.1425e+07  7.8986e+05  7.6557e+03  
278         2.4094e+10  7.4673e+06  8.0208e+05  7.6161e+03  1.6150e+05  7.9283e+05  7.5993e+03  9.6253e+06  8.0221e+05  7.6172e+03  1.4996e+06  8.0221e+05  7.6171e+03  1.1125e+07  8.0221e+05  7.6189e+03  
279         2.4308e+10  7.1583e+06  8.1453e+05  7.5791e+03  1.5335e+05  8.0509e+05  7.5618e+03  9.3783e+06  8.1466e+05  7.5802e+03  1.4536e+06  8.1466e+05  7.5801e+03  1.0832e+07  8.1466e+05  7.5819e+03  
280         2.4525e+10  6.8618e+06  8.2709e+05  7.5418e+03  1.4561e+05  8.1745e+05  7.5242e+03  9.1371e+06  8.2722e+05  7.5430e+03  1.4090e+06  8.2722e+05  7.5430e+03  1.0546e+07  8.2722e+05  7.5447e+03  
281         2.4745e+10  6.5772e+06  8.3976e+05  7.5045e+03  1.3825e+05  8.2992e+05  7.4863e+03  8.9014e+06  8.3989e+05  7.5057e+03  1.3657e+06  8.3989e+05  7.5056e+03  1.0267e+07  8.3989e+05  7.5074e+03  
282         2.4968e+10  6.3041e+06  8.5253e+05  7.4669e+03  1.3126e+05  8.4250e+05  7.4483e+03  8.6711e+06  8.5267e+05  7.4681e+03  1.3237e+06  8.5267e+05  7.4681e+03  9.9948e+06  8.5267e+05  7.4698e+03  
283         2.5195e+10  6.0420e+06  8.6542e+05  7.4292e+03  1.2461e+05  8.5518e+05  7.4101e+03  8.4462e+06  8.6556e+05  7.4304e+03  1.2830e+06  8.6556e+05  7.4304e+03  9.7292e+06  8.6556e+05  7.4321e+03  
284         2.5424e+10  5.7905e+06  8.7842e+05  7.3913e+03  1.1829e+05  8.6797e+05  7.3717e+03  8.2265e+06  8.7856e+05  7.3926e+03  1.2435e+06  8.7857e+05  7.3925e+03  9.4699e+06  8.7856e+05  7.3943e+03  
285         2.5658e+10  5.5492e+06  8.9153e+05  7.3533e+03  1.1228e+05  8.8086e+05  7.3332e+03  8.0119e+06  8.9168e+05  7.3546e+03  1.2051e+06  8.9168e+05  7.3545e+03  9.2170e+06  8.9168e+05  7.3563e+03  
286         2.5894e+10  5.3176e+06  9.0474e+05  7.3151e+03  1.0657e+05  8.9386e+05  7.2945e+03  7.8023e+06  9.0490e+05  7.3164e+03  1.1679e+06  9.0490e+05  7.3164e+03  8.9702e+06  9.0490e+05  7.3182e+03  
287         2.6134e+10  5.0954e+06  9.1807e+05  7.2768e+03  1.0114e+05  9.0697e+05  7.2556e+03  7.5976e+06  9.1823e+05  7.2782e+03  1.1318e+06  9.1823e+05  7.2781e+03  8.7294e+06  9.1823e+05  7.2799e+03  
288         2.6378e+10  4.8823e+06  9.3151e+05  7.2384e+03  9.5986e+04  9.2019e+05  7.2166e+03  7.3977e+06  9.3168e+05  7.2398e+03  1.0968e+06  9.3168e+05  7.2397e+03  8.4945e+06  9.3168e+05  7.2415e+03  
289         2.6625e+10  4.6777e+06  9.4507e+05  7.1998e+03  9.1084e+04  9.3351e+05  7.1775e+03  7.2026e+06  9.4523e+05  7.2012e+03  1.0628e+06  9.4523e+05  7.2012e+03  8.2654e+06  9.4523e+05  7.2029e+03  
290         2.6876e+10  4.4815e+06  9.5873e+05  7.1611e+03  8.6426e+04  9.4695e+05  7.1382e+03  7.0120e+06  9.5890e+05  7.1626e+03  1.0298e+06  9.5891e+05  7.1625e+03  8.0419e+06  9.5890e+05  7.1643e+03  
291         2.7130e+10  4.2932e+06  9.7251e+05  7.1223e+03  8.2000e+04  9.6049e+05  7.0988e+03  6.8260e+06  9.7269e+05  7.1238e+03  9.9784e+05  9.7269e+05  7.1237e+03  7.8238e+06  9.7269e+05  7.1255e+03  
292         2.7388e+10  4.1126e+06  9.8641e+05  7.0834e+03  7.7794e+04  9.7415e+05  7.0593e+03  6.6444e+06  9.8658e+05  7.0849e+03  9.6682e+05  9.8659e+05  7.0849e+03  7.6112e+06  9.8658e+05  7.0866e+03  
293         2.7650e+10  3.9394e+06  1.0004e+06  7.0444e+03  7.3797e+04  9.8791e+05  7.0197e+03  6.4671e+06  1.0006e+06  7.0459e+03  9.3672e+05  1.0006e+06  7.0459e+03  7.4039e+06  1.0006e+06  7.0477e+03  
294         2.7916e+10  3.7732e+06  1.0145e+06  7.0053e+03  7.0000e+04  1.0018e+06  6.9799e+03  6.2941e+06  1.0147e+06  7.0069e+03  9.0753e+05  1.0147e+06  7.0068e+03  7.2016e+06  1.0147e+06  7.0086e+03  
295         2.8186e+10  3.6138e+06  1.0288e+06  6.9661e+03  6.6392e+04  1.0158e+06  6.9401e+03  6.1252e+06  1.0290e+06  6.9677e+03  8.7922e+05  1.0290e+06  6.9677e+03  7.0044e+06  1.0290e+06  6.9694e+03  
296         2.8459e+10  3.4609e+06  1.0431e+06  6.9268e+03  6.2965e+04  1.0299e+06  6.9001e+03  5.9604e+06  1.0433e+06  6.9285e+03  8.5175e+05  1.0433e+06  6.9284e+03  6.8122e+06  1.0433e+06  6.9302e+03  
297         2.8737e+10  3.3142e+06  1.0576e+06  6.8875e+03  5.9709e+04  1.0441e+06  6.8601e+03  5.7996e+06  1.0578e+06  6.8891e+03  8.2511e+05  1.0578e+06  6.8891e+03  6.6247e+06  1.0578e+06  6.8909e+03  
298         2.9018e+10  3.1736e+06  1.0722e+06  6.8480e+03  5.6616e+04  1.0584e+06  6.8200e+03  5.6427e+06  1.0724e+06  6.8497e+03  7.9927e+05  1.0724e+06  6.8497e+03  6.4419e+06  1.0724e+06  6.8515e+03  
299         2.9304e+10  3.0387e+06  1.0869e+06  6.8085e+03  5.3679e+04  1.0728e+06  6.7797e+03  5.4895e+06  1.0871e+06  6.8103e+03  7.7420e+05  1.0871e+06  6.8102e+03  6.2637e+06  1.0871e+06  6.8120e+03  
300         2.9594e+10  2.9093e+06  1.1017e+06  6.7690e+03  5.0889e+04  1.0874e+06  6.7394e+03  5.3402e+06  1.1019e+06  6.7708e+03  7.4989e+05  1.1019e+06  6.7707e+03  6.0900e+06  1.1019e+06  6.7725e+03  
301         2.9888e+10  2.7853e+06  1.1167e+06  6.7293e+03  4.8239e+04  1.1021e+06  6.6991e+03  5.1944e+06  1.1169e+06  6.7312e+03  7.2632e+05  1.1169e+06  6.7311e+03  5.9207e+06  1.1169e+06  6.7329e+03  
302         3.0186e+10  2.6663e+06  1.1318e+06  6.6897e+03  4.5722e+04  1.1169e+06  6.6586e+03  5.0523e+06  1.1320e+06  6.6915e+03  7.0345e+05  1.1320e+06  6.6915e+03  5.7557e+06  1.1320e+06  6.6933e+03  
303         3.0489e+10  2.5523e+06  1.1470e+06  6.6500e+03  4.3332e+04  1.1318e+06  6.6181e+03  4.9136e+06  1.1472e+06  6.6519e+03  6.8128e+05  1.1472e+06  6.6518e+03  5.5949e+06  1.1472e+06  6.6536e+03  
304         3.0796e+10  2.4429e+06  1.1623e+06  6.6102e+03  4.1063e+04  1.1468e+06  6.5775e+03  4.7784e+06  1.1625e+06  6.6121e+03  6.5977e+05  1.1625e+06  6.6121e+03  5.4381e+06  1.1625e+06  6.6139e+03  
305         3.1108e+10  2.3381e+06  1.1777e+06  6.5704e+03  3.8909e+04  1.1619e+06  6.5369e+03  4.6465e+06  1.1779e+06  6.5724e+03  6.3892e+05  1.1780e+06  6.5723e+03  5.2854e+06  1.1779e+06  6.5741e+03  
306         3.1424e+10  2.2376e+06  1.1933e+06  6.5305e+03  3.6864e+04  1.1772e+06  6.4962e+03  4.5179e+06  1.1935e+06  6.5326e+03  6.1870e+05  1.1935e+06  6.5325e+03  5.1366e+06  1.1935e+06  6.5343e+03  
307         3.1745e+10  2.1412e+06  1.2090e+06  6.4907e+03  3.4922e+04  1.1926e+06  6.4555e+03  4.3925e+06  1.2092e+06  6.4928e+03  5.9909e+05  1.2092e+06  6.4927e+03  4.9915e+06  1.2092e+06  6.4945e+03  
308         3.2070e+10  2.0489e+06  1.2248e+06  6.4508e+03  3.3079e+04  1.2081e+06  6.4147e+03  4.2702e+06  1.2251e+06  6.4529e+03  5.8007e+05  1.2251e+06  6.4529e+03  4.8503e+06  1.2251e+06  6.4547e+03  
309         3.2401e+10  1.9603e+06  1.2408e+06  6.4109e+03  3.1330e+04  1.2237e+06  6.3739e+03  4.1510e+06  1.2410e+06  6.4131e+03  5.6164e+05  1.2410e+06  6.4130e+03  4.7126e+06  1.2410e+06  6.4148e+03  
310         3.2736e+10  1.8755e+06  1.2569e+06  6.3709e+03  2.9670e+04  1.2395e+06  6.3330e+03  4.0348e+06  1.2571e+06  6.3732e+03  5.4376e+05  1.2571e+06  6.3731e+03  4.5785e+06  1.2571e+06  6.3749e+03  
311         3.3076e+10  1.7942e+06  1.2731e+06  6.3310e+03  2.8095e+04  1.2554e+06  6.2922e+03  3.9215e+06  1.2733e+06  6.3333e+03  5.2643e+05  1.2733e+06  6.3332e+03  4.4479e+06  1.2733e+06  6.3350e+03  
312         3.3420e+10  1.7162e+06  1.2894e+06  6.2910e+03  2.6600e+04  1.2714e+06  6.2512e+03  3.8111e+06  1.2897e+06  6.2934e+03  5.0962e+05  1.2897e+06  6.2933e+03  4.3207e+06  1.2897e+06  6.2951e+03  
313         3.3770e+10  1.6415e+06  1.3059e+06  6.2511e+03  2.5181e+04  1.2876e+06  6.2103e+03  3.7035e+06  1.3062e+06  6.2535e+03  4.9333e+05  1.3062e+06  6.2534e+03  4.1968e+06  1.3062e+06  6.2552e+03  
314         3.4126e+10  1.5700e+06  1.3225e+06  6.2111e+03  2.3836e+04  1.3039e+06  6.1693e+03  3.5986e+06  1.3228e+06  6.2136e+03  4.7754e+05  1.3228e+06  6.2135e+03  4.0762e+06  1.3228e+06  6.2153e+03  
315         3.4486e+10  1.5014e+06  1.3393e+06  6.1712e+03  2.2560e+04  1.3203e+06  6.1283e+03  3.4964e+06  1.3396e+06  6.1737e+03  4.6223e+05  1.3396e+06  6.1736e+03  3.9587e+06  1.3396e+06  6.1754e+03  
316         3.4851e+10  1.4357e+06  1.3562e+06  6.1312e+03  2.1349e+04  1.3368e+06  6.0873e+03  3.3969e+06  1.3565e+06  6.1338e+03  4.4739e+05  1.3565e+06  6.1337e+03  3.8443e+06  1.3565e+06  6.1355e+03  
317         3.5222e+10  1.3728e+06  1.3733e+06  6.0913e+03  2.0201e+04  1.3535e+06  6.0463e+03  3.2999e+06  1.3736e+06  6.0939e+03  4.3300e+05  1.3736e+06  6.0938e+03  3.7329e+06  1.3736e+06  6.0956e+03  
318         3.5598e+10  1.3125e+06  1.3905e+06  6.0513e+03  1.9112e+04  1.3704e+06  6.0052e+03  3.2054e+06  1.3908e+06  6.0540e+03  4.1905e+05  1.3908e+06  6.0539e+03  3.6244e+06  1.3908e+06  6.0558e+03  
319         3.5980e+10  1.2547e+06  1.4078e+06  6.0114e+03  1.8079e+04  1.3873e+06  5.9642e+03  3.1133e+06  1.4081e+06  6.0142e+03  4.0554e+05  1.4081e+06  6.0141e+03  3.5189e+06  1.4081e+06  6.0159e+03  
320         3.6367e+10  1.1994e+06  1.4253e+06  5.9715e+03  1.7100e+04  1.4044e+06  5.9231e+03  3.0237e+06  1.4256e+06  5.9743e+03  3.9244e+05  1.4256e+06  5.9743e+03  3.4161e+06  1.4256e+06  5.9761e+03  
321         3.6760e+10  1.1464e+06  1.4429e+06  5.9317e+03  1.6172e+04  1.4217e+06  5.8820e+03  2.9363e+06  1.4432e+06  5.9345e+03  3.7974e+05  1.4433e+06  5.9345e+03  3.3161e+06  1.4432e+06  5.9363e+03  
322         3.7159e+10  1.0957e+06  1.4607e+06  5.8918e+03  1.5293e+04  1.4391e+06  5.8410e+03  2.8513e+06  1.4610e+06  5.8947e+03  3.6743e+05  1.4610e+06  5.8947e+03  3.2187e+06  1.4610e+06  5.8965e+03  
323         3.7564e+10  1.0471e+06  1.4787e+06  5.8520e+03  1.4459e+04  1.4567e+06  5.7999e+03  2.7685e+06  1.4790e+06  5.8550e+03  3.5551e+05  1.4790e+06  5.8549e+03  3.1240e+06  1.4790e+06  5.8568e+03  
324         3.7974e+10  1.0006e+06  1.4968e+06  5.8122e+03  1.3669e+04  1.4744e+06  5.7588e+03  2.6878e+06  1.4971e+06  5.8153e+03  3.4395e+05  1.4971e+06  5.8152e+03  3.0318e+06  1.4971e+06  5.8171e+03  
325         3.8391e+10  9.5602e+05  1.5150e+06  5.7725e+03  1.2920e+04  1.4922e+06  5.7178e+03  2.6093e+06  1.5154e+06  5.7756e+03  3.3275e+05  1.5154e+06  5.7755e+03  2.9421e+06  1.5154e+06  5.7774e+03  
326         3.8813e+10  9.1337e+05  1.5335e+06  5.7328e+03  1.2211e+04  1.5102e+06  5.6767e+03  2.5329e+06  1.5338e+06  5.7360e+03  3.2190e+05  1.5338e+06  5.7359e+03  2.8548e+06  1.5338e+06  5.7377e+03  
327         3.9242e+10  8.7254e+05  1.5520e+06  5.6931e+03  1.1539e+04  1.5284e+06  5.6357e+03  2.4585e+06  1.5524e+06  5.6964e+03  3.1138e+05  1.5524e+06  5.6963e+03  2.7699e+06  1.5524e+06  5.6982e+03  
328         3.9677e+10  8.3346e+05  1.5708e+06  5.6535e+03  1.0902e+04  1.5468e+06  5.5947e+03  2.3861e+06  1.5711e+06  5.6568e+03  3.0119e+05  1.5711e+06  5.6567e+03  2.6873e+06  1.5711e+06  5.6586e+03  
329         4.0118e+10  7.9605e+05  1.5897e+06  5.6139e+03  1.0299e+04  1.5652e+06  5.5536e+03  2.3156e+06  1.5901e+06  5.6173e+03  2.9132e+05  1.5901e+06  5.6172e+03  2.6069e+06  1.5901e+06  5.6191e+03  
330         4.0566e+10  7.6025e+05  1.6088e+06  5.5744e+03  9.7285e+03  1.5839e+06  5.5126e+03  2.2470e+06  1.6092e+06  5.5779e+03  2.8176e+05  1.6092e+06  5.5778e+03  2.5287e+06  1.6092e+06  5.5797e+03  
331         4.1020e+10  7.2599e+05  1.6281e+06  5.5349e+03  9.1879e+03  1.6027e+06  5.4716e+03  2.1802e+06  1.6284e+06  5.5385e+03  2.7249e+05  1.6284e+06  5.5384e+03  2.4527e+06  1.6284e+06  5.5403e+03  
332         4.1481e+10  6.9320e+05  1.6475e+06  5.4954e+03  8.6762e+03  1.6217e+06  5.4307e+03  2.1153e+06  1.6479e+06  5.4991e+03  2.6352e+05  1.6479e+06  5.4990e+03  2.3788e+06  1.6479e+06  5.5009e+03  
333         4.1949e+10  6.6183e+05  1.6671e+06  5.4561e+03  8.1917e+03  1.6409e+06  5.3897e+03  2.0521e+06  1.6675e+06  5.4598e+03  2.5483e+05  1.6675e+06  5.4597e+03  2.3069e+06  1.6675e+06  5.4616e+03  
334         4.2423e+10  6.3181e+05  1.6869e+06  5.4168e+03  7.7332e+03  1.6603e+06  5.3488e+03  1.9906e+06  1.6873e+06  5.4206e+03  2.4640e+05  1.6873e+06  5.4205e+03  2.2370e+06  1.6873e+06  5.4224e+03  
335         4.2905e+10  6.0310e+05  1.7069e+06  5.3775e+03  7.2992e+03  1.6798e+06  5.3079e+03  1.9308e+06  1.7073e+06  5.3814e+03  2.3825e+05  1.7073e+06  5.3813e+03  2.1690e+06  1.7073e+06  5.3832e+03  
336         4.3393e+10  5.7563e+05  1.7271e+06  5.3383e+03  6.8886e+03  1.6995e+06  5.2670e+03  1.8726e+06  1.7275e+06  5.3423e+03  2.3035e+05  1.7275e+06  5.3422e+03  2.1030e+06  1.7275e+06  5.3441e+03  
337         4.3888e+10  5.4936e+05  1.7475e+06  5.2992e+03  6.5002e+03  1.7194e+06  5.2262e+03  1.8160e+06  1.7479e+06  5.3033e+03  2.2270e+05  1.7479e+06  5.3032e+03  2.0387e+06  1.7479e+06  5.3051e+03  
338         4.4391e+10  5.2423e+05  1.7680e+06  5.2601e+03  6.1327e+03  1.7395e+06  5.1853e+03  1.7610e+06  1.7684e+06  5.2643e+03  2.1529e+05  1.7684e+06  5.2642e+03  1.9763e+06  1.7684e+06  5.2661e+03  
339         4.4901e+10  5.0020e+05  1.7888e+06  5.2211e+03  5.7851e+03  1.7598e+06  5.1445e+03  1.7075e+06  1.7892e+06  5.2254e+03  2.0811e+05  1.7892e+06  5.2253e+03  1.9156e+06  1.7892e+06  5.2273e+03  
340         4.5419e+10  4.7722e+05  1.8097e+06  5.1822e+03  5.4564e+03  1.7803e+06  5.1038e+03  1.6555e+06  1.8102e+06  5.1866e+03  2.0116e+05  1.8102e+06  5.1865e+03  1.8566e+06  1.8102e+06  5.1884e+03  
341         4.5944e+10  4.5525e+05  1.8309e+06  5.1433e+03  5.1456e+03  1.8010e+06  5.0630e+03  1.6049e+06  1.8313e+06  5.1479e+03  1.9444e+05  1.8313e+06  5.1478e+03  1.7993e+06  1.8313e+06  5.1497e+03  
342         4.6477e+10  4.3425e+05  1.8523e+06  5.1046e+03  4.8517e+03  1.8219e+06  5.0223e+03  1.5557e+06  1.8527e+06  5.1092e+03  1.8792e+05  1.8527e+06  5.1091e+03  1.7436e+06  1.8527e+06  5.1110e+03  
343         4.7017e+10  4.1417e+05  1.8739e+06  5.0658e+03  4.5740e+03  1.8429e+06  4.9816e+03  1.5079e+06  1.8743e+06  5.0706e+03  1.8162e+05  1.8743e+06  5.0705e+03  1.6895e+06  1.8743e+06  5.0724e+03  
344         4.7566e+10  3.9498e+05  1.8957e+06  5.0272e+03  4.3114e+03  1.8643e+06  4.9410e+03  1.4614e+06  1.8961e+06  5.0321e+03  1.7551e+05  1.8961e+06  5.0320e+03  1.6370e+06  1.8961e+06  5.0339e+03  
345         4.8122e+10  3.7663e+05  1.9177e+06  4.9887e+03  4.0633e+03  1.8858e+06  4.9004e+03  1.4163e+06  1.9181e+06  4.9937e+03  1.6960e+05  1.9182e+06  4.9936e+03  1.5859e+06  1.9181e+06  4.9955e+03  
346         4.8687e+10  3.5910e+05  1.9399e+06  4.9502e+03  3.8289e+03  1.9075e+06  4.8598e+03  1.3724e+06  1.9404e+06  4.9553e+03  1.6388e+05  1.9404e+06  4.9552e+03  1.5363e+06  1.9404e+06  4.9572e+03  
347         4.9260e+10  3.4235e+05  1.9624e+06  4.9118e+03  3.6075e+03  1.9295e+06  4.8193e+03  1.3298e+06  1.9629e+06  4.9171e+03  1.5834e+05  1.9629e+06  4.9170e+03  1.4881e+06  1.9629e+06  4.9189e+03  
348         4.9841e+10  3.2635e+05  1.9851e+06  4.8735e+03  3.3983e+03  1.9517e+06  4.7788e+03  1.2883e+06  1.9856e+06  4.8789e+03  1.5298e+05  1.9856e+06  4.8788e+03  1.4413e+06  1.9856e+06  4.8808e+03  
349         5.0431e+10  3.1105e+05  2.0080e+06  4.8353e+03  3.2007e+03  1.9741e+06  4.7383e+03  1.2481e+06  2.0085e+06  4.8408e+03  1.4779e+05  2.0085e+06  4.8407e+03  1.3959e+06  2.0085e+06  4.8427e+03  
350         5.1029e+10  2.9645e+05  2.0312e+06  4.7972e+03  3.0142e+03  1.9967e+06  4.6979e+03  1.2090e+06  2.0317e+06  4.8028e+03  1.4277e+05  2.0317e+06  4.8027e+03  1.3518e+06  2.0317e+06  4.8047e+03  
351         5.1636e+10  2.8249e+05  2.0546e+06  4.7592e+03  2.8380e+03  2.0196e+06  4.6575e+03  1.1710e+06  2.0551e+06  4.7649e+03  1.3791e+05  2.0551e+06  4.7648e+03  1.3089e+06  2.0551e+06  4.7668e+03  
352         5.2252e+10  2.6917e+05  2.0783e+06  4.7212e+03  2.6718e+03  2.0428e+06  4.6172e+03  1.1341e+06  2.0788e+06  4.7271e+03  1.3320e+05  2.0788e+06  4.7270e+03  1.2673e+06  2.0788e+06  4.7290e+03  
353         5.2877e+10  2.5644e+05  2.1022e+06  4.6834e+03  2.5149e+03  2.0662e+06  4.5769e+03  1.0983e+06  2.1027e+06  4.6894e+03  1.2865e+05  2.1027e+06  4.6893e+03  1.2269e+06  2.1027e+06  4.6913e+03  
354         5.3511e+10  2.4429e+05  2.1264e+06  4.6456e+03  2.3668e+03  2.0898e+06  4.5366e+03  1.0635e+06  2.1269e+06  4.6518e+03  1.2425e+05  2.1269e+06  4.6517e+03  1.1877e+06  2.1269e+06  4.6537e+03  
355         5.4154e+10  2.3269e+05  2.1508e+06  4.6080e+03  2.2271e+03  2.1137e+06  4.4964e+03  1.0297e+06  2.1514e+06  4.6143e+03  1.1999e+05  2.1514e+06  4.6142e+03  1.1497e+06  2.1514e+06  4.6162e+03  
356         5.4807e+10  2.2161e+05  2.1755e+06  4.5704e+03  2.0953e+03  2.1379e+06  4.4562e+03  9.9691e+05  2.1761e+06  4.5769e+03  1.1587e+05  2.1761e+06  4.5768e+03  1.1128e+06  2.1761e+06  4.5788e+03  
357         5.5469e+10  2.1104e+05  2.2005e+06  4.5330e+03  1.9709e+03  2.1623e+06  4.4161e+03  9.6507e+05  2.2011e+06  4.5396e+03  1.1188e+05  2.2011e+06  4.5395e+03  1.0770e+06  2.2011e+06  4.5415e+03  
358         5.6141e+10  2.0095e+05  2.2258e+06  4.4956e+03  1.8537e+03  2.1871e+06  4.3760e+03  9.3417e+05  2.2263e+06  4.5024e+03  1.0802e+05  2.2263e+06  4.5023e+03  1.0422e+06  2.2263e+06  4.5043e+03  
359         5.6823e+10  1.9132e+05  2.2513e+06  4.4583e+03  1.7431e+03  2.2121e+06  4.3359e+03  9.0417e+05  2.2519e+06  4.4654e+03  1.0429e+05  2.2519e+06  4.4652e+03  1.0085e+06  2.2519e+06  4.4673e+03  
360         5.7514e+10  1.8213e+05  2.2771e+06  4.4212e+03  1.6389e+03  2.2373e+06  4.2960e+03  8.7505e+05  2.2777e+06  4.4284e+03  1.0069e+05  2.2777e+06  4.4283e+03  9.7574e+05  2.2777e+06  4.4303e+03  
361         5.8216e+10  1.7336e+05  2.3032e+06  4.3841e+03  1.5407e+03  2.2629e+06  4.2560e+03  8.4680e+05  2.3038e+06  4.3915e+03  9.7195e+04  2.3038e+06  4.3914e+03  9.4399e+05  2.3038e+06  4.3934e+03  
362         5.8928e+10  1.6499e+05  2.3296e+06  4.3472e+03  1.4481e+03  2.2888e+06  4.2161e+03  8.1938e+05  2.3302e+06  4.3547e+03  9.3820e+04  2.3303e+06  4.3546e+03  9.1320e+05  2.3302e+06  4.3567e+03  
363         5.9650e+10  1.5701e+05  2.3564e+06  4.3103e+03  1.3608e+03  2.3150e+06  4.1763e+03  7.9278e+05  2.3570e+06  4.3181e+03  9.0556e+04  2.3570e+06  4.3180e+03  8.8334e+05  2.3570e+06  4.3200e+03  
364         6.0383e+10  1.4940e+05  2.3834e+06  4.2736e+03  1.2786e+03  2.3414e+06  4.1365e+03  7.6697e+05  2.3840e+06  4.2816e+03  8.7400e+04  2.3840e+06  4.2814e+03  8.5437e+05  2.3840e+06  4.2835e+03  
365         6.1127e+10  1.4214e+05  2.4107e+06  4.2370e+03  1.2012e+03  2.3682e+06  4.0967e+03  7.4194e+05  2.4113e+06  4.2451e+03  8.4349e+04  2.4113e+06  4.2450e+03  8.2629e+05  2.4113e+06  4.2471e+03  
366         6.1881e+10  1.3522e+05  2.4384e+06  4.2005e+03  1.1283e+03  2.3954e+06  4.0570e+03  7.1766e+05  2.4390e+06  4.2088e+03  8.1398e+04  2.4390e+06  4.2087e+03  7.9906e+05  2.4390e+06  4.2108e+03  
367         6.2647e+10  1.2862e+05  2.4664e+06  4.1641e+03  1.0596e+03  2.4228e+06  4.0174e+03  6.9411e+05  2.4670e+06  4.1726e+03  7.8546e+04  2.4670e+06  4.1725e+03  7.7265e+05  2.4670e+06  4.1746e+03  
368         6.3423e+10  1.2233e+05  2.4947e+06  4.1278e+03  9.9499e+02  2.4506e+06  3.9778e+03  6.7127e+05  2.4953e+06  4.1366e+03  7.5788e+04  2.4953e+06  4.1365e+03  7.4706e+05  2.4953e+06  4.1385e+03  
369         6.4211e+10  1.1633e+05  2.5233e+06  4.0916e+03  9.3414e+02  2.4787e+06  3.9383e+03  6.4912e+05  2.5240e+06  4.1006e+03  7.3123e+04  2.5240e+06  4.1005e+03  7.2225e+05  2.5240e+06  4.1026e+03  
370         6.5011e+10  1.1062e+05  2.5523e+06  4.0556e+03  8.7687e+02  2.5072e+06  3.8988e+03  6.2765e+05  2.5530e+06  4.0648e+03  7.0546e+04  2.5530e+06  4.0647e+03  6.9820e+05  2.5530e+06  4.0668e+03  
371         6.5822e+10  1.0517e+05  2.5817e+06  4.0196e+03  8.2297e+02  2.5360e+06  3.8594e+03  6.0683e+05  2.5823e+06  4.0291e+03  6.8056e+04  2.5824e+06  4.0290e+03  6.7489e+05  2.5824e+06  4.0311e+03  
372         6.6645e+10  9.9978e+04  2.6114e+06  3.9838e+03  7.7227e+02  2.5652e+06  3.8201e+03  5.8666e+05  2.6121e+06  3.9935e+03  6.5649e+04  2.6121e+06  3.9934e+03  6.5230e+05  2.6121e+06  3.9955e+03  
373         6.7480e+10  9.5032e+04  2.6415e+06  3.9481e+03  7.2457e+02  2.5948e+06  3.7808e+03  5.6710e+05  2.6421e+06  3.9581e+03  6.3323e+04  2.6421e+06  3.9580e+03  6.3042e+05  2.6421e+06  3.9600e+03  
374         6.8327e+10  9.0320e+04  2.6719e+06  3.9125e+03  6.7971e+02  2.6247e+06  3.7415e+03  5.4814e+05  2.6726e+06  3.9228e+03  6.1075e+04  2.6726e+06  3.9226e+03  6.0921e+05  2.6726e+06  3.9247e+03  
375         6.9187e+10  8.5831e+04  2.7027e+06  3.8770e+03  6.3753e+02  2.6550e+06  3.7024e+03  5.2977e+05  2.7034e+06  3.8876e+03  5.8903e+04  2.7034e+06  3.8874e+03  5.8867e+05  2.7034e+06  3.8895e+03  
376         7.0059e+10  8.1556e+04  2.7339e+06  3.8417e+03  5.9786e+02  2.6857e+06  3.6633e+03  5.1196e+05  2.7346e+06  3.8525e+03  5.6805e+04  2.7346e+06  3.8524e+03  5.6877e+05  2.7346e+06  3.8545e+03  
377         7.0944e+10  7.7485e+04  2.7655e+06  3.8065e+03  5.6058e+02  2.7168e+06  3.6243e+03  4.9472e+05  2.7662e+06  3.8176e+03  5.4778e+04  2.7662e+06  3.8174e+03  5.4949e+05  2.7662e+06  3.8196e+03  
378         7.1841e+10  7.3608e+04  2.7975e+06  3.7714e+03  5.2554e+02  2.7483e+06  3.5853e+03  4.7801e+05  2.7982e+06  3.7828e+03  5.2819e+04  2.7982e+06  3.7826e+03  5.3082e+05  2.7982e+06  3.7848e+03  
379         7.2752e+10  6.9917e+04  2.8299e+06  3.7364e+03  4.9261e+02  2.7802e+06  3.5465e+03  4.6182e+05  2.8306e+06  3.7481e+03  5.0927e+04  2.8306e+06  3.7480e+03  5.1275e+05  2.8306e+06  3.7501e+03  
380         7.3676e+10  6.6403e+04  2.8627e+06  3.7016e+03  4.6167e+02  2.8126e+06  3.5077e+03  4.4614e+05  2.8634e+06  3.7136e+03  4.9100e+04  2.8634e+06  3.7135e+03  4.9524e+05  2.8634e+06  3.7156e+03  
381         7.4614e+10  6.3058e+04  2.8959e+06  3.6669e+03  4.3261e+02  2.8454e+06  3.4690e+03  4.3095e+05  2.8967e+06  3.6792e+03  4.7335e+04  2.8967e+06  3.6791e+03  4.7829e+05  2.8967e+06  3.6812e+03  
382         7.5566e+10  5.9875e+04  2.9296e+06  3.6323e+03  4.0531e+02  2.8786e+06  3.4303e+03  4.1625e+05  2.9303e+06  3.6449e+03  4.5630e+04  2.9304e+06  3.6448e+03  4.6188e+05  2.9303e+06  3.6470e+03  
383         7.6531e+10  5.6846e+04  2.9637e+06  3.5979e+03  3.7968e+02  2.9122e+06  3.3918e+03  4.0201e+05  2.9644e+06  3.6108e+03  4.3984e+04  2.9645e+06  3.6107e+03  4.4599e+05  2.9644e+06  3.6129e+03  
384         7.7510e+10  5.3964e+04  2.9982e+06  3.5636e+03  3.5561e+02  2.9463e+06  3.3533e+03  3.8822e+05  2.9990e+06  3.5769e+03  4.2394e+04  2.9990e+06  3.5767e+03  4.3061e+05  2.9990e+06  3.5789e+03  
385         7.8504e+10  5.1222e+04  3.0332e+06  3.5294e+03  3.3302e+02  2.9809e+06  3.3150e+03  3.7487e+05  3.0340e+06  3.5430e+03  4.0859e+04  3.0340e+06  3.5429e+03  4.1573e+05  3.0340e+06  3.5451e+03  
386         7.9512e+10  4.8613e+04  3.0687e+06  3.4954e+03  3.1182e+02  3.0159e+06  3.2767e+03  3.6195e+05  3.0694e+06  3.5094e+03  3.9377e+04  3.0694e+06  3.5092e+03  4.0132e+05  3.0694e+06  3.5114e+03  
387         8.0535e+10  4.6132e+04  3.1046e+06  3.4614e+03  2.9192e+02  3.0514e+06  3.2386e+03  3.4944e+05  3.1054e+06  3.4758e+03  3.7946e+04  3.1054e+06  3.4757e+03  3.8739e+05  3.1054e+06  3.4779e+03  
388         8.1573e+10  4.3773e+04  3.1410e+06  3.4277e+03  2.7325e+02  3.0874e+06  3.2005e+03  3.3733e+05  3.1418e+06  3.4424e+03  3.6565e+04  3.1418e+06  3.4423e+03  3.7390e+05  3.1418e+06  3.4445e+03  
389         8.2626e+10  4.1529e+04  3.1779e+06  3.3940e+03  2.5573e+02  3.1239e+06  3.1626e+03  3.2562e+05  3.1787e+06  3.4092e+03  3.5231e+04  3.1787e+06  3.4091e+03  3.6085e+05  3.1787e+06  3.4113e+03  
390         8.3694e+10  3.9396e+04  3.2152e+06  3.3605e+03  2.3931e+02  3.1609e+06  3.1247e+03  3.1428e+05  3.2160e+06  3.3761e+03  3.3944e+04  3.2160e+06  3.3760e+03  3.4823e+05  3.2160e+06  3.3782e+03  
391         8.4778e+10  3.7368e+04  3.2531e+06  3.3272e+03  2.2390e+02  3.1985e+06  3.0870e+03  3.0332e+05  3.2539e+06  3.3432e+03  3.2702e+04  3.2539e+06  3.3430e+03  3.3602e+05  3.2539e+06  3.3453e+03  
392         8.5878e+10  3.5440e+04  3.2915e+06  3.2940e+03  2.0946e+02  3.2365e+06  3.0494e+03  2.9271e+05  3.2923e+06  3.3104e+03  3.1503e+04  3.2923e+06  3.3103e+03  3.2421e+05  3.2923e+06  3.3125e+03  
393         8.6993e+10  3.3608e+04  3.3304e+06  3.2609e+03  1.9591e+02  3.2751e+06  3.0120e+03  2.8244e+05  3.3312e+06  3.2778e+03  3.0346e+04  3.3312e+06  3.2776e+03  3.1279e+05  3.3312e+06  3.2799e+03  
394         8.8125e+10  3.1867e+04  3.3698e+06  3.2280e+03  1.8322e+02  3.3142e+06  2.9746e+03  2.7252e+05  3.3707e+06  3.2453e+03  2.9230e+04  3.3707e+06  3.2452e+03  3.0175e+05  3.3707e+06  3.2474e+03  
395         8.9274e+10  3.0213e+04  3.4098e+06  3.1952e+03  1.7133e+02  3.3539e+06  2.9375e+03  2.6291e+05  3.4106e+06  3.2130e+03  2.8153e+04  3.4106e+06  3.2128e+03  2.9107e+05  3.4106e+06  3.2151e+03  
396         9.0439e+10  2.8641e+04  3.4503e+06  3.1625e+03  1.6018e+02  3.3941e+06  2.9004e+03  2.5363e+05  3.4512e+06  3.1808e+03  2.7114e+04  3.4512e+06  3.1807e+03  2.8074e+05  3.4512e+06  3.1829e+03  
397         9.1622e+10  2.7148e+04  3.4914e+06  3.1301e+03  1.4974e+02  3.4350e+06  2.8635e+03  2.4465e+05  3.4923e+06  3.1488e+03  2.6111e+04  3.4923e+06  3.1487e+03  2.7076e+05  3.4923e+06  3.1510e+03  
398         9.2821e+10  2.5730e+04  3.5331e+06  3.0977e+03  1.3996e+02  3.4764e+06  2.8268e+03  2.3597e+05  3.5339e+06  3.1170e+03  2.5144e+04  3.5339e+06  3.1168e+03  2.6111e+05  3.5339e+06  3.1191e+03  
399         9.4039e+10  2.4383e+04  3.5753e+06  3.0655e+03  1.3080e+02  3.5183e+06  2.7902e+03  2.2758e+05  3.5761e+06  3.0853e+03  2.4211e+04  3.5761e+06  3.0852e+03  2.5179e+05  3.5761e+06  3.0875e+03  
400         9.5274e+10  2.3103e+04  3.6181e+06  3.0334e+03  1.2222e+02  3.5609e+06  2.7537e+03  2.1946e+05  3.6190e+06  3.0538e+03  2.3311e+04  3.6190e+06  3.0536e+03  2.4277e+05  3.6190e+06  3.0559e+03  
401         9.6527e+10  2.1892e+04  3.6615e+06  3.0016e+03  1.1421e+02  3.6042e+06  2.7175e+03  2.1164e+05  3.6624e+06  3.0225e+03  2.2445e+04  3.6624e+06  3.0224e+03  2.3409e+05  3.6624e+06  3.0247e+03  
