I           X1          NDT_H       VX1_H       TMP_H       NDT_HE      VX1_HE      TMP_HE      NDT_H+      VX1_H+      TMP_H+      NDT_HE+     VX1_HE+     TMP_HE+     NDT_ELC     VX1_ELC     TMP_ELC     
2           2.6729e+09  9.0129e+12  -4.3338e+02 6.4992e+02  8.9397e+11  -4.3367e+02 6.4992e+02  5.6121e+06  -4.3339e+02 6.4992e+02  5.6117e+04  -4.2464e+02 6.4991e+02  5.6681e+06  -4.3317e+02 6.5014e+02  
3           2.6740e+09  8.8594e+12  4.3559e-01  6.4991e+02  8.6502e+11  1.2949e-01  6.4991e+02  5.6430e+06  4.0697e-01  6.4991e+02  2.2947e+04  1.2076e+01  6.4990e+02  5.6660e+06  3.3316e-01  6.5011e+02  
4           2.6751e+09  8.7107e+12  1.1793e+01  6.5000e+02  8.3794e+11  1.1475e+01  6.5000e+02  5.7200e+06  1.1754e+01  6.5000e+02  9.9721e+03  1.7136e+01  6.5000e+02  5.7300e+06  1.1747e+01  6.5023e+02  
5           2.6762e+09  8.5641e+12  1.9793e+00  6.5001e+02  8.1213e+11  1.6489e+00  6.5001e+02  5.8278e+06  1.9337e+00  6.5001e+02  9.7481e+03  -1.0817e-01 6.5000e+02  5.8377e+06  1.9730e+00  6.5020e+02  
6           2.6773e+09  8.4174e+12  2.2420e+00  6.5000e+02  7.8715e+11  1.8992e+00  6.5000e+02  5.9540e+06  2.1932e+00  6.5000e+02  9.9151e+03  1.4944e+00  6.5000e+02  5.9639e+06  2.1728e+00  6.5020e+02  
7           2.6785e+09  8.2709e+12  1.4927e+00  6.5000e+02  7.6298e+11  1.1373e+00  6.5000e+02  6.0889e+06  1.4432e+00  6.5000e+02  9.9192e+03  7.7491e-01  6.5000e+02  6.0988e+06  1.4474e+00  6.5019e+02  
8           2.6797e+09  8.1245e+12  1.7858e+00  6.5000e+02  7.3959e+11  1.4176e+00  6.5000e+02  6.2248e+06  1.7375e+00  6.5000e+02  9.9203e+03  1.0402e+00  6.5000e+02  6.2347e+06  1.7388e+00  6.5018e+02  
9           2.6808e+09  7.9783e+12  1.7562e+00  6.5000e+02  7.1694e+11  1.3750e+00  6.5000e+02  6.3556e+06  1.7104e+00  6.5000e+02  9.9220e+03  9.8884e-01  6.5000e+02  6.3656e+06  1.7116e+00  6.5017e+02  
10          2.6821e+09  7.8324e+12  1.8026e+00  6.5000e+02  6.9501e+11  1.4081e+00  6.5000e+02  6.4768e+06  1.7600e+00  6.5000e+02  9.9236e+03  1.0130e+00  6.5000e+02  6.4868e+06  1.7613e+00  6.5016e+02  
11          2.6833e+09  7.6868e+12  1.8344e+00  6.5000e+02  6.7377e+11  1.4264e+00  6.5000e+02  6.5850e+06  1.7956e+00  6.5000e+02  9.9253e+03  1.0222e+00  6.5000e+02  6.5950e+06  1.7968e+00  6.5015e+02  
12          2.6845e+09  7.5415e+12  1.8719e+00  6.5000e+02  6.5319e+11  1.4501e+00  6.5000e+02  6.6781e+06  1.8371e+00  6.5000e+02  9.9270e+03  1.0366e+00  6.5000e+02  6.6880e+06  1.8383e+00  6.5015e+02  
13          2.6858e+09  7.3968e+12  1.9096e+00  6.5000e+02  6.3325e+11  1.4736e+00  6.5000e+02  6.7547e+06  1.8789e+00  6.5000e+02  9.9288e+03  1.0507e+00  6.5000e+02  6.7647e+06  1.8801e+00  6.5014e+02  
14          2.6871e+09  7.2525e+12  1.9489e+00  6.5000e+02  6.1391e+11  1.4985e+00  6.5000e+02  6.8145e+06  1.9221e+00  6.5000e+02  9.9305e+03  1.0658e+00  6.5000e+02  6.8245e+06  1.9233e+00  6.5014e+02  
15          2.6884e+09  7.1087e+12  1.9895e+00  6.5000e+02  5.9516e+11  1.5244e+00  6.5000e+02  6.8576e+06  1.9666e+00  6.5000e+02  9.9322e+03  1.0816e+00  6.5000e+02  6.8675e+06  1.9677e+00  6.5013e+02  
16          2.6898e+09  6.9656e+12  2.0316e+00  6.5000e+02  5.7698e+11  1.5515e+00  6.5000e+02  6.8845e+06  2.0123e+00  6.5000e+02  9.9339e+03  1.0983e+00  6.5000e+02  6.8944e+06  2.0133e+00  6.5013e+02  
17          2.6911e+09  6.8231e+12  2.0753e+00  6.5000e+02  5.5934e+11  1.5797e+00  6.5000e+02  6.8962e+06  2.0592e+00  6.5000e+02  9.9357e+03  1.1158e+00  6.5000e+02  6.9062e+06  2.0602e+00  6.5013e+02  
18          2.6925e+09  6.6813e+12  2.1206e+00  6.5000e+02  5.4221e+11  1.6092e+00  6.5000e+02  6.8940e+06  2.1075e+00  6.5000e+02  9.9374e+03  1.1341e+00  6.5000e+02  6.9040e+06  2.1085e+00  6.5013e+02  
19          2.6939e+09  6.5402e+12  2.1676e+00  6.5000e+02  5.2560e+11  1.6400e+00  6.5000e+02  6.8792e+06  2.1571e+00  6.5000e+02  9.9391e+03  1.1534e+00  6.5000e+02  6.8891e+06  2.1581e+00  6.5013e+02  
20          2.6954e+09  6.4000e+12  2.2163e+00  6.5000e+02  5.0946e+11  1.6722e+00  6.5000e+02  6.8531e+06  2.2083e+00  6.5000e+02  9.9409e+03  1.1737e+00  6.5000e+02  6.8631e+06  2.2091e+00  6.5013e+02  
21          2.6968e+09  6.2606e+12  2.2671e+00  6.5000e+02  4.9380e+11  1.7059e+00  6.5000e+02  6.8172e+06  2.2611e+00  6.5000e+02  9.9426e+03  1.1951e+00  6.5000e+02  6.8272e+06  2.2619e+00  6.5013e+02  
22          2.6983e+09  6.1221e+12  2.3194e+00  6.5000e+02  4.7858e+11  1.7406e+00  6.5000e+02  6.7730e+06  2.3151e+00  6.5000e+02  9.9444e+03  1.2170e+00  6.5000e+02  6.7829e+06  2.3159e+00  6.5013e+02  
23          2.6998e+09  5.9845e+12  2.3760e+00  6.5000e+02  4.6379e+11  1.7792e+00  6.5000e+02  6.7216e+06  2.3732e+00  6.5000e+02  9.9461e+03  1.2425e+00  6.5000e+02  6.7315e+06  2.3740e+00  6.5013e+02  
24          2.7013e+09  5.8480e+12  2.4232e+00  6.5000e+02  4.4942e+11  1.8078e+00  6.5000e+02  6.6642e+06  2.4217e+00  6.5000e+02  9.9478e+03  1.2577e+00  6.5000e+02  6.6742e+06  2.4218e+00  6.5013e+02  
25          2.7029e+09  5.7124e+12  2.5326e+00  6.5000e+02  4.3546e+11  1.8981e+00  6.5000e+02  6.6021e+06  2.5321e+00  6.5000e+02  9.9493e+03  1.3364e+00  6.5000e+02  6.6120e+06  2.5345e+00  6.5013e+02  
26          2.7045e+09  5.5780e+12  2.4577e+00  6.5000e+02  4.2189e+11  1.8036e+00  6.5000e+02  6.5360e+06  2.4580e+00  6.5000e+02  9.9520e+03  1.2023e+00  6.5000e+02  6.5460e+06  2.4558e+00  6.5013e+02  
27          2.7061e+09  5.4447e+12  2.7349e+00  6.5000e+02  4.0869e+11  2.0605e+00  6.5000e+02  6.4669e+06  2.7359e+00  6.5000e+02  9.9537e+03  1.4898e+00  6.5000e+02  6.4769e+06  2.7345e+00  6.5013e+02  
28          2.7077e+09  5.3126e+12  2.6223e+00  6.5000e+02  3.9586e+11  1.9270e+00  6.5000e+02  6.3955e+06  2.6238e+00  6.5000e+02  9.9544e+03  1.3147e+00  6.5000e+02  6.4055e+06  2.6246e+00  6.5013e+02  
29          2.7094e+09  5.1817e+12  2.7585e+00  6.5000e+02  3.8337e+11  2.0416e+00  6.5000e+02  6.3223e+06  2.7604e+00  6.5000e+02  9.9564e+03  1.4162e+00  6.5000e+02  6.3323e+06  2.7608e+00  6.5013e+02  
30          2.7111e+09  5.0521e+12  2.8169e+00  6.5000e+02  3.7123e+11  2.0776e+00  6.5000e+02  6.2479e+06  2.8191e+00  6.5000e+02  9.9581e+03  1.4361e+00  6.5000e+02  6.2579e+06  2.8192e+00  6.5014e+02  
31          2.7128e+09  4.9238e+12  2.8956e+00  6.5000e+02  3.5942e+11  2.1333e+00  6.5000e+02  6.1726e+06  2.8980e+00  6.5000e+02  9.9597e+03  1.4748e+00  6.5000e+02  6.1825e+06  2.8981e+00  6.5014e+02  
32          2.7145e+09  4.7968e+12  2.9740e+00  6.5000e+02  3.4793e+11  2.1877e+00  6.5000e+02  6.0967e+06  2.9764e+00  6.5000e+02  9.9614e+03  1.5119e+00  6.5000e+02  6.1067e+06  2.9764e+00  6.5014e+02  
33          2.7163e+09  4.6712e+12  3.0566e+00  6.5000e+02  3.3674e+11  2.2457e+00  6.5000e+02  6.0206e+06  3.0592e+00  6.5000e+02  9.9631e+03  1.5520e+00  6.5000e+02  6.0306e+06  3.0590e+00  6.5014e+02  
34          2.7181e+09  4.5471e+12  3.1428e+00  6.5000e+02  3.2586e+11  2.3062e+00  6.5000e+02  5.9445e+06  3.1453e+00  6.5000e+02  9.9647e+03  1.5941e+00  6.5000e+02  5.9544e+06  3.1450e+00  6.5014e+02  
35          2.7200e+09  4.4244e+12  3.2328e+00  6.5000e+02  3.1527e+11  2.3697e+00  6.5000e+02  5.8685e+06  3.2352e+00  6.5000e+02  9.9664e+03  1.6387e+00  6.5000e+02  5.8785e+06  3.2349e+00  6.5015e+02  
36          2.7218e+09  4.3032e+12  3.3269e+00  6.5000e+02  3.0496e+11  2.4362e+00  6.5000e+02  5.7929e+06  3.3292e+00  6.5000e+02  9.9680e+03  1.6858e+00  6.5000e+02  5.8029e+06  3.3287e+00  6.5015e+02  
37          2.7238e+09  4.1835e+12  3.4254e+00  6.5000e+02  2.9492e+11  2.5060e+00  6.5000e+02  5.7179e+06  3.4273e+00  6.5000e+02  9.9696e+03  1.7356e+00  6.5000e+02  5.7279e+06  3.4267e+00  6.5015e+02  
38          2.7257e+09  4.0654e+12  3.5283e+00  6.5000e+02  2.8515e+11  2.5793e+00  6.5000e+02  5.6439e+06  3.5299e+00  6.5000e+02  9.9713e+03  1.7883e+00  6.5000e+02  5.6539e+06  3.5291e+00  6.5015e+02  
39          2.7277e+09  3.9489e+12  3.6360e+00  6.5000e+02  2.7565e+11  2.6561e+00  6.5000e+02  5.5710e+06  3.6371e+00  6.5000e+02  9.9729e+03  1.8440e+00  6.5000e+02  5.5810e+06  3.6362e+00  6.5015e+02  
40          2.7297e+09  3.8340e+12  3.7488e+00  6.5000e+02  2.6639e+11  2.7368e+00  6.5000e+02  5.4998e+06  3.7491e+00  6.5000e+02  9.9745e+03  1.9029e+00  6.5000e+02  5.5098e+06  3.7481e+00  6.5016e+02  
41          2.7317e+09  3.7208e+12  3.8669e+00  6.5000e+02  2.5738e+11  2.8215e+00  6.5000e+02  5.4307e+06  3.8662e+00  6.5000e+02  9.9761e+03  1.9653e+00  6.5000e+02  5.4407e+06  3.8651e+00  6.5016e+02  
42          2.7338e+09  3.6093e+12  3.9906e+00  6.5000e+02  2.4861e+11  2.9104e+00  6.5000e+02  5.3643e+06  3.9887e+00  6.5000e+02  9.9778e+03  2.0314e+00  6.5000e+02  5.3743e+06  3.9873e+00  6.5016e+02  
43          2.7359e+09  3.4995e+12  4.1203e+00  6.5000e+02  2.4007e+11  3.0038e+00  6.5000e+02  5.3014e+06  4.1166e+00  6.5000e+02  9.9794e+03  2.1015e+00  6.5000e+02  5.3114e+06  4.1151e+00  6.5016e+02  
44          2.7380e+09  3.3915e+12  4.2562e+00  6.5000e+02  2.3176e+11  3.1020e+00  6.5000e+02  5.2428e+06  4.2504e+00  6.5000e+02  9.9811e+03  2.1758e+00  6.5000e+02  5.2528e+06  4.2487e+00  6.5017e+02  
45          2.7402e+09  3.2852e+12  4.3988e+00  6.5000e+02  2.2367e+11  3.2051e+00  6.5000e+02  5.1896e+06  4.3901e+00  6.5000e+02  9.9828e+03  2.2548e+00  6.5000e+02  5.1995e+06  4.3883e+00  6.5017e+02  
46          2.7424e+09  3.1807e+12  4.5485e+00  6.5000e+02  2.1580e+11  3.3137e+00  6.5000e+02  5.1428e+06  4.5363e+00  6.5000e+02  9.9846e+03  2.3388e+00  6.5000e+02  5.1528e+06  4.5343e+00  6.5017e+02  
47          2.7446e+09  3.0781e+12  4.7052e+00  6.5000e+02  2.0815e+11  3.4274e+00  6.5000e+02  5.1038e+06  4.6887e+00  6.5000e+02  9.9864e+03  2.4279e+00  6.5000e+02  5.1138e+06  4.6866e+00  6.5017e+02  
48          2.7469e+09  2.9772e+12  4.8717e+00  6.5000e+02  2.0069e+11  3.5490e+00  6.5000e+02  5.0741e+06  4.8500e+00  6.5000e+02  9.9882e+03  2.5248e+00  6.5000e+02  5.0841e+06  4.8477e+00  6.5017e+02  
49          2.7493e+09  2.8783e+12  5.0356e+00  6.5000e+02  1.9344e+11  3.6660e+00  6.5000e+02  5.0551e+06  5.0077e+00  6.5000e+02  9.9902e+03  2.6174e+00  6.5000e+02  5.0651e+06  5.0051e+00  6.5017e+02  
50          2.7516e+09  2.7812e+12  5.2644e+00  6.5000e+02  1.8639e+11  3.8457e+00  6.5000e+02  5.0486e+06  5.2292e+00  6.5000e+02  9.9922e+03  2.7739e+00  6.5000e+02  5.0586e+06  5.2275e+00  6.5017e+02  
51          2.7540e+09  2.6859e+12  5.3301e+00  6.5000e+02  1.7953e+11  3.8600e+00  6.5000e+02  5.0562e+06  5.2865e+00  6.5000e+02  9.9936e+03  2.7879e+00  6.5000e+02  5.0662e+06  5.2822e+00  6.5017e+02  
52          2.7565e+09  2.5926e+12  5.7302e+00  6.5000e+02  1.7287e+11  4.2061e+00  6.5000e+02  5.0797e+06  5.6770e+00  6.5000e+02  9.9964e+03  2.9951e+00  6.5000e+02  5.0897e+06  5.6727e+00  6.5017e+02  
53          2.7590e+09  2.5012e+12  5.7728e+00  6.5000e+02  1.6638e+11  4.1923e+00  6.5000e+02  5.1205e+06  5.7091e+00  6.5000e+02  1.0135e+04  2.4185e+00  6.5000e+02  5.1306e+06  5.7052e+00  6.5017e+02  
54          2.7615e+09  2.4118e+12  6.0596e+00  6.5000e+02  1.6008e+11  4.4199e+00  6.5000e+02  5.1802e+06  5.9846e+00  6.5000e+02  1.0575e+04  1.9470e+00  6.5000e+02  5.1908e+06  5.9787e+00  6.5017e+02  
55          2.7641e+09  2.3242e+12  6.2801e+00  6.5000e+02  1.5396e+11  4.5782e+00  6.5000e+02  5.2601e+06  6.1931e+00  6.5000e+02  1.1299e+04  1.6162e+00  6.5000e+02  5.2714e+06  6.1855e+00  6.5016e+02  
56          2.7667e+09  2.2386e+12  6.5297e+00  6.5000e+02  1.4801e+11  4.7626e+00  6.5000e+02  5.3609e+06  6.4303e+00  6.5000e+02  1.2251e+04  1.5031e+00  6.5000e+02  5.3731e+06  6.4213e+00  6.5016e+02  
57          2.7693e+09  2.1550e+12  6.7892e+00  6.5000e+02  1.4223e+11  4.9536e+00  6.5000e+02  5.4834e+06  6.6773e+00  6.5000e+02  1.3398e+04  1.5032e+00  6.5000e+02  5.4968e+06  6.6669e+00  6.5016e+02  
58          2.7720e+09  2.0732e+12  7.0634e+00  6.5000e+02  1.3662e+11  5.1558e+00  6.5000e+02  5.6280e+06  6.9390e+00  6.5000e+02  1.4737e+04  1.5584e+00  6.5000e+02  5.6428e+06  6.9271e+00  6.5015e+02  
59          2.7748e+09  1.9935e+12  7.3525e+00  6.5000e+02  1.3117e+11  5.3691e+00  6.5000e+02  5.7950e+06  7.2156e+00  6.5000e+02  1.6291e+04  1.6406e+00  6.5000e+02  5.8113e+06  7.2022e+00  6.5015e+02  
60          2.7776e+09  1.9157e+12  7.6575e+00  6.5000e+02  1.2588e+11  5.5943e+00  6.5000e+02  5.9845e+06  7.5084e+00  6.5000e+02  1.8096e+04  1.7452e+00  6.5000e+02  6.0026e+06  7.4932e+00  6.5014e+02  
61          2.7804e+09  1.8398e+12  7.9794e+00  6.5000e+02  1.2075e+11  5.8323e+00  6.5000e+02  6.1964e+06  7.8184e+00  6.5000e+02  2.0196e+04  1.8763e+00  6.5000e+02  6.2166e+06  7.8013e+00  6.5014e+02  
62          2.7833e+09  1.7659e+12  8.3192e+00  6.5000e+02  1.1578e+11  6.0836e+00  6.5000e+02  6.4306e+06  8.1468e+00  6.5000e+02  2.2641e+04  2.0405e+00  6.5000e+02  6.4533e+06  8.1276e+00  6.5013e+02  
63          2.7862e+09  1.6940e+12  8.6782e+00  6.5000e+02  1.1096e+11  6.3493e+00  6.5000e+02  6.6868e+06  8.4948e+00  6.5000e+02  2.5485e+04  2.2430e+00  6.5000e+02  6.7123e+06  8.4733e+00  6.5013e+02  
64          2.7892e+09  1.6239e+12  9.0576e+00  6.5000e+02  1.0629e+11  6.6303e+00  6.5000e+02  6.9647e+06  8.8636e+00  6.5000e+02  2.8792e+04  2.4879e+00  6.5000e+02  6.9935e+06  8.8396e+00  6.5012e+02  
65          2.7923e+09  1.5558e+12  9.4587e+00  6.5000e+02  1.0176e+11  6.9275e+00  6.5000e+02  7.2638e+06  9.2545e+00  6.5000e+02  3.2630e+04  2.7779e+00  6.5000e+02  7.2964e+06  9.2277e+00  6.5012e+02  
66          2.7954e+09  1.4896e+12  9.8829e+00  6.5000e+02  9.7373e+10  7.2420e+00  6.5000e+02  7.5836e+06  9.6690e+00  6.5000e+02  3.7077e+04  3.1147e+00  6.5000e+02  7.6206e+06  9.6393e+00  6.5011e+02  
67          2.7985e+09  1.4254e+12  1.0332e+01  6.5000e+02  9.3129e+10  7.5749e+00  6.5000e+02  7.9235e+06  1.0108e+01  6.5000e+02  4.2221e+04  3.4998e+00  6.5000e+02  7.9657e+06  1.0076e+01  6.5011e+02  
68          2.8017e+09  1.3630e+12  1.0807e+01  6.5000e+02  8.9023e+10  7.9275e+00  6.5000e+02  8.2828e+06  1.0575e+01  6.5000e+02  4.8158e+04  3.9340e+00  6.5000e+02  8.3310e+06  1.0538e+01  6.5011e+02  
69          2.8050e+09  1.3025e+12  1.1310e+01  6.5000e+02  8.5051e+10  8.3010e+00  6.5000e+02  8.6610e+06  1.1069e+01  6.5000e+02  5.5000e+04  4.4181e+00  6.5000e+02  8.7160e+06  1.1029e+01  6.5010e+02  
70          2.8083e+09  1.2438e+12  1.1843e+01  6.5000e+02  8.1211e+10  8.6970e+00  6.5000e+02  9.0572e+06  1.1594e+01  6.5000e+02  6.2867e+04  4.9525e+00  6.5000e+02  9.1200e+06  1.1550e+01  6.5010e+02  
71          2.8116e+09  1.1870e+12  1.2409e+01  6.5000e+02  7.7501e+10  9.1168e+00  6.5000e+02  9.4706e+06  1.2150e+01  6.5000e+02  7.1898e+04  5.5379e+00  6.5000e+02  9.5425e+06  1.2103e+01  6.5010e+02  
72          2.8150e+09  1.1320e+12  1.3008e+01  6.5000e+02  7.3918e+10  9.5620e+00  6.5000e+02  9.9004e+06  1.2741e+01  6.5000e+02  8.2244e+04  6.1745e+00  6.5000e+02  9.9826e+06  1.2689e+01  6.5010e+02  
73          2.8185e+09  1.0789e+12  1.3646e+01  6.5000e+02  7.0459e+10  1.0036e+01  6.5000e+02  1.0346e+07  1.3370e+01  6.5000e+02  9.4075e+04  6.8647e+00  6.5000e+02  1.0440e+07  1.3314e+01  6.5010e+02  
74          2.8220e+09  1.0275e+12  1.4314e+01  6.5000e+02  6.7122e+10  1.0530e+01  6.5000e+02  1.0806e+07  1.4029e+01  6.5000e+02  1.0758e+05  7.5983e+00  6.5000e+02  1.0913e+07  1.3968e+01  6.5009e+02  
75          2.8256e+09  9.7783e+11  1.5073e+01  6.5000e+02  6.3903e+10  1.1104e+01  6.5000e+02  1.1279e+07  1.4779e+01  6.5000e+02  1.2296e+05  8.4350e+00  6.5000e+02  1.1402e+07  1.4713e+01  6.5009e+02  
76          2.8293e+09  9.2993e+11  1.5724e+01  6.5000e+02  6.0801e+10  1.1560e+01  6.5000e+02  1.1766e+07  1.5422e+01  6.5000e+02  1.4046e+05  9.1745e+00  6.5000e+02  1.1906e+07  1.5349e+01  6.5009e+02  
77          2.8330e+09  8.8375e+11  1.6716e+01  6.5000e+02  5.7813e+10  1.2343e+01  6.5000e+02  1.2264e+07  1.6403e+01  6.5000e+02  1.6033e+05  1.0262e+01  6.5000e+02  1.2425e+07  1.6325e+01  6.5009e+02  
78          2.8368e+09  8.3924e+11  1.7423e+01  6.5000e+02  5.4937e+10  1.2828e+01  6.5000e+02  1.2774e+07  1.7100e+01  6.5000e+02  1.8285e+05  1.1072e+01  6.5000e+02  1.2956e+07  1.7018e+01  6.5009e+02  
79          2.8406e+09  7.9638e+11  1.8402e+01  6.5000e+02  5.2169e+10  1.3571e+01  6.5000e+02  1.3293e+07  1.8069e+01  6.5000e+02  2.0835e+05  1.2159e+01  6.5000e+02  1.3501e+07  1.7980e+01  6.5009e+02  
80          2.8445e+09  7.5515e+11  1.9368e+01  6.5000e+02  4.9508e+10  1.4284e+01  6.5000e+02  1.3821e+07  1.9023e+01  6.5000e+02  2.3715e+05  1.3236e+01  6.5000e+02  1.4058e+07  1.8927e+01  6.5009e+02  
81          2.8485e+09  7.1551e+11  2.0413e+01  6.5000e+02  4.6951e+10  1.5061e+01  6.5000e+02  1.4357e+07  2.0056e+01  6.5000e+02  2.6965e+05  1.4396e+01  6.5000e+02  1.4627e+07  1.9954e+01  6.5009e+02  
82          2.8525e+09  6.7744e+11  2.1525e+01  6.5000e+02  4.4495e+10  1.5886e+01  6.5000e+02  1.4901e+07  2.1154e+01  6.5000e+02  3.0627e+05  1.5623e+01  6.5000e+02  1.5207e+07  2.1045e+01  6.5008e+02  
83          2.8566e+09  6.4089e+11  2.2712e+01  6.5000e+02  4.2138e+10  1.6766e+01  6.5000e+02  1.5450e+07  2.2327e+01  6.5000e+02  3.4747e+05  1.6926e+01  6.5000e+02  1.5798e+07  2.2210e+01  6.5008e+02  
84          2.8608e+09  6.0584e+11  2.3979e+01  6.5000e+02  3.9877e+10  1.7706e+01  6.5000e+02  1.6005e+07  2.3579e+01  6.5000e+02  3.9377e+05  1.8308e+01  6.5000e+02  1.6399e+07  2.3454e+01  6.5008e+02  
85          2.8651e+09  5.7226e+11  2.5332e+01  6.5000e+02  3.7710e+10  1.8710e+01  6.5000e+02  1.6564e+07  2.4915e+01  6.5000e+02  4.4571e+05  1.9775e+01  6.5000e+02  1.7009e+07  2.4783e+01  6.5008e+02  
86          2.8694e+09  5.4010e+11  2.6780e+01  6.5000e+02  3.5635e+10  1.9782e+01  6.5000e+02  1.7125e+07  2.6344e+01  6.5000e+02  5.0392e+05  2.1333e+01  6.5000e+02  1.7629e+07  2.6203e+01  6.5008e+02  
87          2.8738e+09  5.0934e+11  2.8328e+01  6.5000e+02  3.3649e+10  2.0929e+01  6.5000e+02  1.7689e+07  2.7872e+01  6.5000e+02  5.6906e+05  2.2989e+01  6.5000e+02  1.8258e+07  2.7722e+01  6.5008e+02  
88          2.8782e+09  4.7994e+11  2.9985e+01  6.5000e+02  3.1750e+10  2.2155e+01  6.5000e+02  1.8254e+07  2.9507e+01  6.5000e+02  6.4186e+05  2.4751e+01  6.5000e+02  1.8896e+07  2.9347e+01  6.5008e+02  
89          2.8828e+09  4.5186e+11  3.1760e+01  6.5000e+02  2.9935e+10  2.3469e+01  6.5000e+02  1.8819e+07  3.1258e+01  6.5000e+02  7.2312e+05  2.6625e+01  6.5000e+02  1.9542e+07  3.1088e+01  6.5008e+02  
90          2.8874e+09  4.2507e+11  3.3663e+01  6.5000e+02  2.8202e+10  2.4875e+01  6.5000e+02  1.9383e+07  3.3134e+01  6.5000e+02  8.1368e+05  2.8623e+01  6.5000e+02  2.0196e+07  3.2954e+01  6.5008e+02  
91          2.8921e+09  3.9953e+11  3.5703e+01  6.5000e+02  2.6549e+10  2.6383e+01  6.5000e+02  1.9944e+07  3.5145e+01  6.5000e+02  9.1447e+05  3.0753e+01  6.5000e+02  2.0858e+07  3.4954e+01  6.5008e+02  
92          2.8968e+09  3.7520e+11  3.7894e+01  6.5000e+02  2.4973e+10  2.8001e+01  6.5000e+02  2.0502e+07  3.7302e+01  6.5000e+02  1.0265e+06  3.3027e+01  6.5000e+02  2.1528e+07  3.7100e+01  6.5008e+02  
93          2.9017e+09  3.5205e+11  4.0247e+01  6.5000e+02  2.3472e+10  2.9736e+01  6.5000e+02  2.1055e+07  3.9619e+01  6.5000e+02  1.1507e+06  3.5456e+01  6.5000e+02  2.2206e+07  3.9405e+01  6.5008e+02  
94          2.9066e+09  3.3004e+11  4.2776e+01  6.5000e+02  2.2044e+10  3.1601e+01  6.5000e+02  2.1603e+07  4.2107e+01  6.5000e+02  1.2884e+06  3.8055e+01  6.5000e+02  2.2891e+07  4.1881e+01  6.5008e+02  
95          2.9116e+09  3.0913e+11  4.5497e+01  6.5000e+02  2.0686e+10  3.3604e+01  6.5000e+02  2.2143e+07  4.4783e+01  6.5000e+02  1.4406e+06  4.0837e+01  6.5000e+02  2.3584e+07  4.4544e+01  6.5008e+02  
96          2.9168e+09  2.8929e+11  4.8427e+01  6.5000e+02  1.9396e+10  3.5758e+01  6.5000e+02  2.2676e+07  4.7661e+01  6.5000e+02  1.6087e+06  4.3818e+01  6.5000e+02  2.4285e+07  4.7408e+01  6.5007e+02  
97          2.9219e+09  2.7048e+11  5.1583e+01  6.5000e+02  1.8173e+10  3.8076e+01  6.5000e+02  2.3200e+07  5.0759e+01  6.5000e+02  1.7939e+06  4.7016e+01  6.5000e+02  2.4994e+07  5.0493e+01  6.5007e+02  
98          2.9272e+09  2.5266e+11  5.4986e+01  6.5000e+02  1.7013e+10  4.0573e+01  6.5000e+02  2.3714e+07  5.4098e+01  6.5000e+02  1.9977e+06  5.0451e+01  6.5000e+02  2.5712e+07  5.3817e+01  6.5007e+02  
99          2.9326e+09  2.3579e+11  5.8654e+01  6.5000e+02  1.5915e+10  4.3258e+01  6.5000e+02  2.4218e+07  5.7693e+01  6.5000e+02  2.2216e+06  5.4137e+01  6.5000e+02  2.6440e+07  5.7396e+01  6.5007e+02  
100         2.9380e+09  2.1984e+11  6.2645e+01  6.5000e+02  1.4876e+10  4.6183e+01  6.5000e+02  2.4711e+07  6.1602e+01  6.5000e+02  2.4672e+06  5.8134e+01  6.5000e+02  2.7178e+07  6.1289e+01  6.5007e+02  
101         2.9436e+09  2.0478e+11  6.6855e+01  6.5000e+02  1.3895e+10  4.9234e+01  6.5000e+02  2.5192e+07  6.5717e+01  6.5000e+02  2.7362e+06  6.2333e+01  6.5000e+02  2.7928e+07  6.5387e+01  6.5007e+02  
102         2.9492e+09  1.9056e+11  7.1866e+01  6.5000e+02  1.2969e+10  5.2985e+01  6.5000e+02  2.5661e+07  7.0622e+01  6.5000e+02  3.0305e+06  6.7319e+01  6.5000e+02  2.8692e+07  7.0275e+01  6.5007e+02  
103         2.9550e+09  1.7716e+11  7.5538e+01  6.5000e+02  1.2096e+10  5.5286e+01  6.5000e+02  2.6118e+07  7.4174e+01  6.5000e+02  3.3517e+06  7.0948e+01  6.5000e+02  2.9469e+07  7.3809e+01  6.5007e+02  
104         2.9608e+09  1.6454e+11  8.8963e+01  6.5000e+02  1.1275e+10  6.7211e+01  6.5000e+02  2.6562e+07  8.7461e+01  6.5000e+02  3.7016e+06  8.4311e+01  6.5000e+02  3.0263e+07  8.7078e+01  6.5007e+02  
105         2.9667e+09  1.5266e+11  9.8663e+01  6.5001e+02  1.0502e+10  7.5309e+01  6.5001e+02  2.6991e+07  9.7004e+01  6.5001e+02  4.0807e+06  9.3929e+01  6.5001e+02  3.1071e+07  9.6601e+01  6.5008e+02  
106         2.9728e+09  1.4141e+11  9.7622e+01  6.5044e+02  9.7653e+09  7.2577e+01  6.5044e+02  2.7396e+07  9.5780e+01  6.5045e+02  4.4868e+06  9.2778e+01  6.5045e+02  3.1883e+07  9.5359e+01  6.5052e+02  
107         2.9789e+09  1.3072e+11  1.0176e+02  6.5164e+02  9.0569e+09  7.4899e+01  6.5164e+02  2.7770e+07  9.9708e+01  6.5164e+02  4.9168e+06  9.6772e+01  6.5164e+02  3.2686e+07  9.9268e+01  6.5171e+02  
108         2.9851e+09  1.2054e+11  1.0567e+02  6.5391e+02  8.3734e+09  7.6826e+01  6.5391e+02  2.8108e+07  1.0336e+02  6.5392e+02  5.3672e+06  1.0048e+02  6.5392e+02  3.3475e+07  1.0290e+02  6.5398e+02  
109         2.9915e+09  1.1087e+11  1.1185e+02  6.5755e+02  7.7138e+09  8.0839e+01  6.5755e+02  2.8408e+07  1.0925e+02  6.5755e+02  5.8338e+06  1.0641e+02  6.5756e+02  3.4242e+07  1.0877e+02  6.5762e+02  
110         2.9979e+09  1.0169e+11  1.1959e+02  6.6279e+02  7.0790e+09  8.6189e+01  6.6279e+02  2.8670e+07  1.1666e+02  6.6280e+02  6.3114e+06  1.1384e+02  6.6280e+02  3.4982e+07  1.1615e+02  6.6287e+02  
111         3.0045e+09  9.2998e+10  1.2944e+02  6.6986e+02  6.4712e+09  9.3383e+01  6.6986e+02  2.8894e+07  1.2612e+02  6.6987e+02  6.7942e+06  1.2332e+02  6.6987e+02  3.5688e+07  1.2558e+02  6.6994e+02  
112         3.0111e+09  8.4815e+10  1.4143e+02  6.7895e+02  5.8929e+09  1.0242e+02  6.7895e+02  2.9079e+07  1.3766e+02  6.7896e+02  7.2760e+06  1.3486e+02  6.7896e+02  3.6355e+07  1.3710e+02  6.7902e+02  
113         3.0179e+09  7.7143e+10  1.5580e+02  6.9021e+02  5.3468e+09  1.1350e+02  6.9021e+02  2.9228e+07  1.5152e+02  6.9022e+02  7.7504e+06  1.4870e+02  6.9022e+02  3.6978e+07  1.5093e+02  6.9029e+02  
114         3.0248e+09  6.9991e+10  1.7267e+02  7.0379e+02  4.8352e+09  1.2670e+02  7.0379e+02  2.9340e+07  1.6782e+02  7.0380e+02  8.2111e+06  1.6496e+02  7.0380e+02  3.7551e+07  1.6720e+02  7.0387e+02  
115         3.0318e+09  6.3361e+10  1.9219e+02  7.1978e+02  4.3598e+09  1.4213e+02  7.1978e+02  2.9418e+07  1.8670e+02  7.1979e+02  8.6523e+06  1.8378e+02  7.1980e+02  3.8070e+07  1.8604e+02  7.1986e+02  
116         3.0389e+09  5.7250e+10  2.1446e+02  7.3827e+02  3.9216e+09  1.5986e+02  7.3827e+02  2.9462e+07  2.0827e+02  7.3828e+02  9.0690e+06  2.0526e+02  7.3828e+02  3.8531e+07  2.0756e+02  7.3835e+02  
117         3.0462e+09  5.1649e+10  2.3959e+02  7.5928e+02  3.5208e+09  1.7993e+02  7.5928e+02  2.9473e+07  2.3261e+02  7.5929e+02  9.4570e+06  2.2951e+02  7.5929e+02  3.8930e+07  2.3186e+02  7.5936e+02  
118         3.0536e+09  4.6544e+10  2.6763e+02  7.8282e+02  3.1568e+09  2.0238e+02  7.8282e+02  2.9453e+07  2.5979e+02  7.8283e+02  9.8133e+06  2.5657e+02  7.8283e+02  3.9266e+07  2.5898e+02  7.8290e+02  
119         3.0611e+09  4.1915e+10  2.9861e+02  8.0885e+02  2.8284e+09  2.2719e+02  8.0885e+02  2.9401e+07  2.8983e+02  8.0886e+02  1.0136e+07  2.8648e+02  8.0886e+02  3.9537e+07  2.8898e+02  8.0893e+02  
120         3.0687e+09  3.7736e+10  3.3255e+02  8.3728e+02  2.5339e+09  2.5435e+02  8.3728e+02  2.9320e+07  3.2277e+02  8.3730e+02  1.0424e+07  3.1925e+02  8.3730e+02  3.9744e+07  3.2185e+02  8.3737e+02  
121         3.0764e+09  3.3981e+10  3.6945e+02  8.6801e+02  2.2710e+09  2.8382e+02  8.6800e+02  2.9211e+07  3.5859e+02  8.6802e+02  1.0677e+07  3.5489e+02  8.6802e+02  3.9888e+07  3.5760e+02  8.6810e+02  
122         3.0843e+09  3.0617e+10  4.0927e+02  9.0084e+02  2.0373e+09  3.1557e+02  9.0084e+02  2.9074e+07  3.9727e+02  9.0086e+02  1.0897e+07  3.9337e+02  9.0086e+02  3.9971e+07  3.9621e+02  9.0094e+02  
123         3.0923e+09  2.7615e+10  4.5198e+02  9.3559e+02  1.8303e+09  3.4956e+02  9.3559e+02  2.8914e+07  4.3879e+02  9.3561e+02  1.1085e+07  4.3467e+02  9.3561e+02  3.9998e+07  4.3765e+02  9.3569e+02  
124         3.1005e+09  2.4941e+10  4.9755e+02  9.7201e+02  1.6472e+09  3.8575e+02  9.7201e+02  2.8730e+07  4.8312e+02  9.7203e+02  1.1242e+07  4.7876e+02  9.7203e+02  3.9972e+07  4.8189e+02  9.7211e+02  
125         3.1088e+09  2.2563e+10  5.4592e+02  1.0098e+03  1.4856e+09  4.2410e+02  1.0098e+03  2.8526e+07  5.3020e+02  1.0099e+03  1.1371e+07  5.2560e+02  1.0099e+03  3.9897e+07  5.2889e+02  1.0099e+03  
126         3.1172e+09  2.0452e+10  5.9707e+02  1.0488e+03  1.3431e+09  4.6464e+02  1.0488e+03  2.8304e+07  5.8005e+02  1.0488e+03  1.1474e+07  5.7518e+02  1.0488e+03  3.9778e+07  5.7865e+02  1.0489e+03  
127         3.1258e+09  1.8579e+10  6.5095e+02  1.0886e+03  1.2172e+09  5.0732e+02  1.0886e+03  2.8066e+07  6.3260e+02  1.0886e+03  1.1554e+07  6.2745e+02  1.0886e+03  3.9620e+07  6.3110e+02  1.0887e+03  
128         3.1345e+09  1.6917e+10  7.0751e+02  1.1289e+03  1.1061e+09  5.5215e+02  1.1289e+03  2.7815e+07  6.8782e+02  1.1289e+03  1.1612e+07  6.8240e+02  1.1289e+03  3.9426e+07  6.8623e+02  1.1290e+03  
129         3.1433e+09  1.5441e+10  7.6677e+02  1.1695e+03  1.0078e+09  5.9919e+02  1.1695e+03  2.7552e+07  7.4575e+02  1.1695e+03  1.1650e+07  7.4004e+02  1.1695e+03  3.9201e+07  7.4406e+02  1.1696e+03  
130         3.1523e+09  1.4129e+10  8.2870e+02  1.2101e+03  9.2069e+08  6.4844e+02  1.2101e+03  2.7280e+07  8.0635e+02  1.2101e+03  1.1670e+07  8.0035e+02  1.2101e+03  3.8950e+07  8.0456e+02  1.2102e+03  
131         3.1615e+09  1.2961e+10  8.9330e+02  1.2504e+03  8.4330e+08  6.9995e+02  1.2504e+03  2.7000e+07  8.6964e+02  1.2505e+03  1.1674e+07  8.6335e+02  1.2505e+03  3.8674e+07  8.6774e+02  1.2506e+03  
132         3.1708e+09  1.1919e+10  9.6057e+02  1.2904e+03  7.7436e+08  7.5374e+02  1.2904e+03  2.6715e+07  9.3561e+02  1.2904e+03  1.1663e+07  9.2904e+02  1.2904e+03  3.8378e+07  9.3362e+02  1.2905e+03  
133         3.1803e+09  1.0988e+10  1.0305e+03  1.3297e+03  7.1278e+08  8.0986e+02  1.3297e+03  2.6426e+07  1.0043e+03  1.3297e+03  1.1638e+07  9.9745e+02  1.3297e+03  3.8064e+07  1.0022e+03  1.3298e+03  
134         3.1899e+09  1.0154e+10  1.1032e+03  1.3683e+03  6.5762e+08  8.6834e+02  1.3683e+03  2.6133e+07  1.0757e+03  1.3683e+03  1.1601e+07  1.0686e+03  1.3683e+03  3.7734e+07  1.0735e+03  1.3684e+03  
135         3.1997e+09  9.4042e+09  1.1787e+03  1.4060e+03  6.0805e+08  9.2922e+02  1.4060e+03  2.5838e+07  1.1499e+03  1.4060e+03  1.1553e+07  1.1425e+03  1.4060e+03  3.7391e+07  1.1477e+03  1.4061e+03  
136         3.2097e+09  8.7287e+09  1.2569e+03  1.4427e+03  5.6336e+08  9.9254e+02  1.4427e+03  2.5542e+07  1.2270e+03  1.4428e+03  1.1494e+07  1.2193e+03  1.4428e+03  3.7036e+07  1.2246e+03  1.4429e+03  
137         3.2198e+09  8.1183e+09  1.3380e+03  1.4785e+03  5.2296e+08  1.0583e+03  1.4785e+03  2.5246e+07  1.3068e+03  1.4785e+03  1.1425e+07  1.2989e+03  1.4785e+03  3.6671e+07  1.3044e+03  1.4787e+03  
138         3.2301e+09  7.5651e+09  1.4220e+03  1.5133e+03  4.8633e+08  1.1267e+03  1.5133e+03  2.4949e+07  1.3896e+03  1.5133e+03  1.1348e+07  1.3814e+03  1.5133e+03  3.6297e+07  1.3871e+03  1.5134e+03  
139         3.2406e+09  7.0623e+09  1.5089e+03  1.5470e+03  4.5302e+08  1.1976e+03  1.5470e+03  2.4653e+07  1.4753e+03  1.5470e+03  1.1262e+07  1.4669e+03  1.5470e+03  3.5915e+07  1.4727e+03  1.5471e+03  
140         3.2512e+09  6.6039e+09  1.5988e+03  1.5796e+03  4.2264e+08  1.2711e+03  1.5796e+03  2.4357e+07  1.5641e+03  1.5797e+03  1.1169e+07  1.5555e+03  1.5797e+03  3.5527e+07  1.5614e+03  1.5798e+03  
141         3.2620e+09  6.1848e+09  1.6918e+03  1.6113e+03  3.9488e+08  1.3472e+03  1.6113e+03  2.4062e+07  1.6559e+03  1.6113e+03  1.1070e+07  1.6471e+03  1.6113e+03  3.5132e+07  1.6531e+03  1.6114e+03  
142         3.2730e+09  5.8007e+09  1.7879e+03  1.6419e+03  3.6943e+08  1.4261e+03  1.6419e+03  2.3769e+07  1.7509e+03  1.6419e+03  1.0964e+07  1.7418e+03  1.6419e+03  3.4733e+07  1.7480e+03  1.6420e+03  
143         3.2842e+09  5.4477e+09  1.8873e+03  1.6715e+03  3.4605e+08  1.5077e+03  1.6715e+03  2.3476e+07  1.8490e+03  1.6715e+03  1.0853e+07  1.8398e+03  1.6715e+03  3.4329e+07  1.8461e+03  1.6717e+03  
144         3.2956e+09  5.1226e+09  1.9899e+03  1.7001e+03  3.2453e+08  1.5922e+03  1.7001e+03  2.3185e+07  1.9505e+03  1.7002e+03  1.0737e+07  1.9410e+03  1.7002e+03  3.3921e+07  1.9475e+03  1.7003e+03  
145         3.3072e+09  4.8224e+09  2.0959e+03  1.7278e+03  3.0467e+08  1.6796e+03  1.7278e+03  2.2894e+07  2.0553e+03  1.7279e+03  1.0616e+07  2.0456e+03  1.7279e+03  3.3510e+07  2.0522e+03  1.7280e+03  
146         3.3190e+09  4.5446e+09  2.2054e+03  1.7546e+03  2.8632e+08  1.7699e+03  1.7546e+03  2.2606e+07  2.1635e+03  1.7547e+03  1.0491e+07  2.1537e+03  1.7547e+03  3.3096e+07  2.1604e+03  1.7548e+03  
147         3.3309e+09  4.2871e+09  2.3183e+03  1.7805e+03  2.6932e+08  1.8633e+03  1.7805e+03  2.2318e+07  2.2753e+03  1.7806e+03  1.0362e+07  2.2652e+03  1.7806e+03  3.2680e+07  2.2721e+03  1.7807e+03  
148         3.3431e+09  4.0478e+09  2.4348e+03  1.8055e+03  2.5355e+08  1.9597e+03  1.8055e+03  2.2033e+07  2.3906e+03  1.8056e+03  1.0230e+07  2.3804e+03  1.8056e+03  3.2262e+07  2.3874e+03  1.8057e+03  
149         3.3555e+09  3.8252e+09  2.5551e+03  1.8297e+03  2.3890e+08  2.0593e+03  1.8297e+03  2.1748e+07  2.5097e+03  1.8297e+03  1.0095e+07  2.4993e+03  1.8298e+03  3.1843e+07  2.5064e+03  1.8299e+03  
150         3.3681e+09  3.6176e+09  2.6791e+03  1.8531e+03  2.2527e+08  2.1622e+03  1.8530e+03  2.1466e+07  2.6325e+03  1.8531e+03  9.9568e+06  2.6219e+03  1.8531e+03  3.1422e+07  2.6291e+03  1.8532e+03  
151         3.3809e+09  3.4239e+09  2.8070e+03  1.8756e+03  2.1257e+08  2.2684e+03  1.8756e+03  2.1185e+07  2.7591e+03  1.8756e+03  9.8166e+06  2.7484e+03  1.8757e+03  3.1001e+07  2.7557e+03  1.8758e+03  
152         3.3939e+09  3.2428e+09  2.9389e+03  1.8974e+03  2.0071e+08  2.3780e+03  1.8973e+03  2.0905e+07  2.8898e+03  1.8974e+03  9.6742e+06  2.8789e+03  1.8974e+03  3.0580e+07  2.8863e+03  1.8975e+03  
153         3.4071e+09  3.0732e+09  3.0748e+03  1.9184e+03  1.8964e+08  2.4911e+03  1.9183e+03  2.0628e+07  3.0245e+03  1.9184e+03  9.5301e+06  3.0134e+03  1.9184e+03  3.0158e+07  3.0210e+03  1.9185e+03  
154         3.4206e+09  2.9143e+09  3.2149e+03  1.9386e+03  1.7928e+08  2.6078e+03  1.9386e+03  2.0352e+07  3.1633e+03  1.9386e+03  9.3843e+06  3.1521e+03  1.9387e+03  2.9736e+07  3.1598e+03  1.9388e+03  
155         3.4342e+09  2.7651e+09  3.3592e+03  1.9581e+03  1.6958e+08  2.7281e+03  1.9581e+03  2.0078e+07  3.3064e+03  1.9582e+03  9.2372e+06  3.2951e+03  1.9582e+03  2.9315e+07  3.3029e+03  1.9583e+03  
156         3.4482e+09  2.6249e+09  3.5080e+03  1.9769e+03  1.6048e+08  2.8522e+03  1.9769e+03  1.9806e+07  3.4540e+03  1.9769e+03  9.0890e+06  3.4425e+03  1.9769e+03  2.8895e+07  3.4503e+03  1.9771e+03  
157         3.4623e+09  2.4931e+09  3.6612e+03  1.9950e+03  1.5195e+08  2.9802e+03  1.9949e+03  1.9536e+07  3.6060e+03  1.9950e+03  8.9398e+06  3.5943e+03  1.9950e+03  2.8476e+07  3.6023e+03  1.9952e+03  
158         3.4767e+09  2.3690e+09  3.8191e+03  2.0123e+03  1.4393e+08  3.1122e+03  2.0123e+03  1.9268e+07  3.7626e+03  2.0124e+03  8.7898e+06  3.7508e+03  2.0124e+03  2.8058e+07  3.7589e+03  2.0125e+03  
159         3.4913e+09  2.2520e+09  3.9817e+03  2.0290e+03  1.3640e+08  3.2482e+03  2.0290e+03  1.9002e+07  3.9239e+03  2.0291e+03  8.6393e+06  3.9120e+03  2.0291e+03  2.7641e+07  3.9202e+03  2.0292e+03  
160         3.5062e+09  2.1417e+09  4.1492e+03  2.0450e+03  1.2931e+08  3.3884e+03  2.0450e+03  1.8738e+07  4.0901e+03  2.0451e+03  8.4883e+06  4.0781e+03  2.0451e+03  2.7226e+07  4.0864e+03  2.0452e+03  
161         3.5213e+09  2.0376e+09  4.3216e+03  2.0603e+03  1.2264e+08  3.5329e+03  2.0603e+03  1.8476e+07  4.2613e+03  2.0604e+03  8.3371e+06  4.2492e+03  2.0604e+03  2.6813e+07  4.2576e+03  2.0605e+03  
162         3.5367e+09  1.9392e+09  4.4992e+03  2.0750e+03  1.1635e+08  3.6818e+03  2.0750e+03  1.8216e+07  4.4376e+03  2.0751e+03  8.1857e+06  4.4254e+03  2.0751e+03  2.6402e+07  4.4338e+03  2.0752e+03  
163         3.5523e+09  1.8462e+09  4.6821e+03  2.0890e+03  1.1042e+08  3.8352e+03  2.0890e+03  1.7958e+07  4.6192e+03  2.0891e+03  8.0344e+06  4.6069e+03  2.0891e+03  2.5993e+07  4.6154e+03  2.0893e+03  
164         3.5682e+09  1.7582e+09  4.8703e+03  2.1024e+03  1.0482e+08  3.9933e+03  2.1024e+03  1.7703e+07  4.8062e+03  2.1025e+03  7.8833e+06  4.7938e+03  2.1025e+03  2.5586e+07  4.8024e+03  2.1026e+03  
165         3.5844e+09  1.6749e+09  5.0641e+03  2.1152e+03  9.9538e+07  4.1561e+03  2.1151e+03  1.7449e+07  4.9987e+03  2.1152e+03  7.7324e+06  4.9862e+03  2.1152e+03  2.5182e+07  4.9949e+03  2.1154e+03  
166         3.6008e+09  1.5959e+09  5.2637e+03  2.1273e+03  9.4546e+07  4.3239e+03  2.1273e+03  1.7198e+07  5.1970e+03  2.1274e+03  7.5820e+06  5.1844e+03  2.1274e+03  2.4780e+07  5.1931e+03  2.1275e+03  
167         3.6176e+09  1.5211e+09  5.4691e+03  2.1388e+03  8.9827e+07  4.4966e+03  2.1388e+03  1.6949e+07  5.4011e+03  2.1389e+03  7.4321e+06  5.3884e+03  2.1389e+03  2.4381e+07  5.3972e+03  2.1390e+03  
168         3.6346e+09  1.4501e+09  5.6805e+03  2.1497e+03  8.5363e+07  4.6746e+03  2.1497e+03  1.6702e+07  5.6113e+03  2.1498e+03  7.2828e+06  5.5985e+03  2.1498e+03  2.3985e+07  5.6074e+03  2.1500e+03  
169         3.6519e+09  1.3827e+09  5.8981e+03  2.1600e+03  8.1139e+07  4.8579e+03  2.1600e+03  1.6457e+07  5.8276e+03  2.1601e+03  7.1342e+06  5.8148e+03  2.1601e+03  2.3591e+07  5.8237e+03  2.1603e+03  
170         3.6694e+09  1.3188e+09  6.1222e+03  2.1698e+03  7.7140e+07  5.0466e+03  2.1697e+03  1.6214e+07  6.0503e+03  2.1698e+03  6.9864e+06  6.0374e+03  2.1698e+03  2.3201e+07  6.0465e+03  2.1700e+03  
171         3.6873e+09  1.2580e+09  6.3527e+03  2.1789e+03  7.3352e+07  5.2410e+03  2.1788e+03  1.5974e+07  6.2796e+03  2.1790e+03  6.8396e+06  6.2667e+03  2.1790e+03  2.2813e+07  6.2757e+03  2.1791e+03  
172         3.7055e+09  1.2002e+09  6.5900e+03  2.1875e+03  6.9762e+07  5.4412e+03  2.1874e+03  1.5735e+07  6.5156e+03  2.1875e+03  6.6938e+06  6.5026e+03  2.1875e+03  2.2429e+07  6.5118e+03  2.1877e+03  
173         3.7240e+09  1.1453e+09  6.8343e+03  2.1954e+03  6.6358e+07  5.6473e+03  2.1954e+03  1.5498e+07  6.7586e+03  2.1955e+03  6.5491e+06  6.7456e+03  2.1955e+03  2.2047e+07  6.7547e+03  2.1957e+03  
174         3.7428e+09  1.0931e+09  7.0857e+03  2.2029e+03  6.3130e+07  5.8595e+03  2.2028e+03  1.5264e+07  7.0087e+03  2.2030e+03  6.4055e+06  6.9956e+03  2.2030e+03  2.1669e+07  7.0048e+03  2.2031e+03  
175         3.7619e+09  1.0434e+09  7.3444e+03  2.2098e+03  6.0067e+07  6.0780e+03  2.2097e+03  1.5031e+07  7.2661e+03  2.2098e+03  6.2632e+06  7.2530e+03  2.2098e+03  2.1294e+07  7.2623e+03  2.2100e+03  
176         3.7813e+09  9.9602e+08  7.6106e+03  2.2161e+03  5.7161e+07  6.3030e+03  2.2160e+03  1.4800e+07  7.5311e+03  2.2162e+03  6.1222e+06  7.5180e+03  2.2162e+03  2.0922e+07  7.5273e+03  2.2163e+03  
177         3.8011e+09  9.5094e+08  7.8847e+03  2.2219e+03  5.4401e+07  6.5346e+03  2.2218e+03  1.4571e+07  7.8039e+03  2.2220e+03  5.9825e+06  7.7907e+03  2.2220e+03  2.0554e+07  7.8001e+03  2.2221e+03  
178         3.8212e+09  9.0799e+08  8.1667e+03  2.2272e+03  5.1779e+07  6.7731e+03  2.2271e+03  1.4344e+07  8.0846e+03  2.2273e+03  5.8443e+06  8.0714e+03  2.2273e+03  2.0188e+07  8.0808e+03  2.2274e+03  
179         3.8416e+09  8.6706e+08  8.4569e+03  2.2319e+03  4.9289e+07  7.0186e+03  2.2318e+03  1.4119e+07  8.3736e+03  2.2320e+03  5.7077e+06  8.3604e+03  2.2320e+03  1.9826e+07  8.3698e+03  2.2322e+03  
180         3.8624e+09  8.2805e+08  8.7556e+03  2.2362e+03  4.6923e+07  7.2713e+03  2.2361e+03  1.3895e+07  8.6711e+03  2.2362e+03  5.5725e+06  8.6578e+03  2.2362e+03  1.9467e+07  8.6673e+03  2.2364e+03  
181         3.8835e+09  7.9085e+08  9.0630e+03  2.2399e+03  4.4673e+07  7.5315e+03  2.2398e+03  1.3673e+07  8.9772e+03  2.2400e+03  5.4390e+06  8.9639e+03  2.2400e+03  1.9112e+07  8.9734e+03  2.2401e+03  
182         3.9050e+09  7.5537e+08  9.3794e+03  2.2431e+03  4.2535e+07  7.7993e+03  2.2430e+03  1.3453e+07  9.2923e+03  2.2432e+03  5.3072e+06  9.2790e+03  2.2432e+03  1.8760e+07  9.2886e+03  2.2434e+03  
183         3.9269e+09  7.2152e+08  9.7049e+03  2.2458e+03  4.0501e+07  8.0751e+03  2.2457e+03  1.3234e+07  9.6167e+03  2.2459e+03  5.1770e+06  9.6034e+03  2.2459e+03  1.8411e+07  9.6129e+03  2.2461e+03  
184         3.9491e+09  6.8922e+08  1.0040e+04  2.2481e+03  3.8566e+07  8.3589e+03  2.2480e+03  1.3017e+07  9.9505e+03  2.2482e+03  5.0486e+06  9.9372e+03  2.2482e+03  1.8065e+07  9.9468e+03  2.2483e+03  
185         3.9717e+09  6.5839e+08  1.0385e+04  2.2498e+03  3.6726e+07  8.6511e+03  2.2497e+03  1.2801e+07  1.0294e+04  2.2499e+03  4.9220e+06  1.0281e+04  2.2500e+03  1.7723e+07  1.0290e+04  2.2501e+03  
186         3.9946e+09  6.2896e+08  1.0740e+04  2.2511e+03  3.4974e+07  8.9518e+03  2.2510e+03  1.2587e+07  1.0648e+04  2.2512e+03  4.7972e+06  1.0634e+04  2.2512e+03  1.7384e+07  1.0644e+04  2.2514e+03  
187         4.0180e+09  6.0086e+08  1.1105e+04  2.2520e+03  3.3307e+07  9.2613e+03  2.2518e+03  1.2374e+07  1.1012e+04  2.2521e+03  4.6742e+06  1.0998e+04  2.2521e+03  1.7049e+07  1.1008e+04  2.2522e+03  
188         4.0418e+09  5.7403e+08  1.1481e+04  2.2523e+03  3.1721e+07  9.5800e+03  2.2522e+03  1.2163e+07  1.1386e+04  2.2524e+03  4.5532e+06  1.1373e+04  2.2525e+03  1.6716e+07  1.1383e+04  2.2526e+03  
189         4.0659e+09  5.4840e+08  1.1867e+04  2.2523e+03  3.0210e+07  9.9080e+03  2.2521e+03  1.1953e+07  1.1772e+04  2.2524e+03  4.4340e+06  1.1759e+04  2.2524e+03  1.6387e+07  1.1768e+04  2.2525e+03  
190         4.0905e+09  5.2392e+08  1.2265e+04  2.2517e+03  2.8772e+07  1.0246e+04  2.2516e+03  1.1745e+07  1.2169e+04  2.2518e+03  4.3168e+06  1.2156e+04  2.2519e+03  1.6062e+07  1.2165e+04  2.2520e+03  
191         4.1154e+09  5.0053e+08  1.2675e+04  2.2508e+03  2.7402e+07  1.0593e+04  2.2506e+03  1.1538e+07  1.2577e+04  2.2509e+03  4.2015e+06  1.2564e+04  2.2509e+03  1.5739e+07  1.2574e+04  2.2511e+03  
192         4.1408e+09  4.7818e+08  1.3096e+04  2.2494e+03  2.6098e+07  1.0951e+04  2.2492e+03  1.1332e+07  1.2998e+04  2.2495e+03  4.0883e+06  1.2984e+04  2.2495e+03  1.5420e+07  1.2994e+04  2.2497e+03  
193         4.1667e+09  4.5682e+08  1.3530e+04  2.2476e+03  2.4855e+07  1.1319e+04  2.2474e+03  1.1127e+07  1.3430e+04  2.2477e+03  3.9769e+06  1.3417e+04  2.2477e+03  1.5104e+07  1.3427e+04  2.2478e+03  
194         4.1929e+09  4.3642e+08  1.3976e+04  2.2453e+03  2.3672e+07  1.1697e+04  2.2451e+03  1.0924e+07  1.3876e+04  2.2454e+03  3.8676e+06  1.3862e+04  2.2454e+03  1.4792e+07  1.3872e+04  2.2456e+03  
195         4.2196e+09  4.1691e+08  1.4436e+04  2.2427e+03  2.2544e+07  1.2087e+04  2.2425e+03  1.0722e+07  1.4334e+04  2.2428e+03  3.7603e+06  1.4321e+04  2.2428e+03  1.4482e+07  1.4330e+04  2.2430e+03  
196         4.2468e+09  3.9827e+08  1.4908e+04  2.2396e+03  2.1470e+07  1.2488e+04  2.2394e+03  1.0521e+07  1.4805e+04  2.2397e+03  3.6551e+06  1.4792e+04  2.2398e+03  1.4176e+07  1.4802e+04  2.2399e+03  
197         4.2744e+09  3.8044e+08  1.5395e+04  2.2362e+03  2.0446e+07  1.2901e+04  2.2360e+03  1.0322e+07  1.5291e+04  2.2363e+03  3.5518e+06  1.5278e+04  2.2363e+03  1.3874e+07  1.5287e+04  2.2365e+03  
198         4.3025e+09  3.6341e+08  1.5895e+04  2.2323e+03  1.9471e+07  1.3326e+04  2.2321e+03  1.0124e+07  1.5790e+04  2.2325e+03  3.4506e+06  1.5777e+04  2.2325e+03  1.3575e+07  1.5787e+04  2.2326e+03  
199         4.3310e+09  3.4712e+08  1.6410e+04  2.2281e+03  1.8542e+07  1.3763e+04  2.2279e+03  9.9273e+06  1.6304e+04  2.2282e+03  3.3513e+06  1.6291e+04  2.2282e+03  1.3279e+07  1.6301e+04  2.2284e+03  
200         4.3600e+09  3.3155e+08  1.6940e+04  2.2235e+03  1.7656e+07  1.4213e+04  2.2232e+03  9.7319e+06  1.6833e+04  2.2236e+03  3.2542e+06  1.6820e+04  2.2236e+03  1.2986e+07  1.6830e+04  2.2238e+03  
201         4.3896e+09  3.1666e+08  1.7485e+04  2.2185e+03  1.6812e+07  1.4676e+04  2.2183e+03  9.5379e+06  1.7378e+04  2.2187e+03  3.1590e+06  1.7365e+04  2.2187e+03  1.2697e+07  1.7374e+04  2.2188e+03  
202         4.4196e+09  3.0243e+08  1.8046e+04  2.2132e+03  1.6008e+07  1.5153e+04  2.2129e+03  9.3453e+06  1.7938e+04  2.2133e+03  3.0658e+06  1.7925e+04  2.2133e+03  1.2411e+07  1.7935e+04  2.2135e+03  
203         4.4501e+09  2.8882e+08  1.8623e+04  2.2075e+03  1.5241e+07  1.5643e+04  2.2072e+03  9.1541e+06  1.8514e+04  2.2076e+03  2.9747e+06  1.8501e+04  2.2076e+03  1.2129e+07  1.8511e+04  2.2078e+03  
204         4.4811e+09  2.7581e+08  1.9217e+04  2.2014e+03  1.4511e+07  1.6147e+04  2.2011e+03  8.9644e+06  1.9107e+04  2.2016e+03  2.8855e+06  1.9094e+04  2.2016e+03  1.1850e+07  1.9104e+04  2.2017e+03  
205         4.5127e+09  2.6337e+08  1.9828e+04  2.1950e+03  1.3815e+07  1.6666e+04  2.1947e+03  8.7761e+06  1.9717e+04  2.1952e+03  2.7983e+06  1.9705e+04  2.1952e+03  1.1574e+07  1.9714e+04  2.1954e+03  
206         4.5448e+09  2.5148e+08  2.0457e+04  2.1883e+03  1.3151e+07  1.7200e+04  2.1879e+03  8.5893e+06  2.0345e+04  2.1884e+03  2.7131e+06  2.0332e+04  2.1884e+03  1.1302e+07  2.0342e+04  2.1886e+03  
207         4.5774e+09  2.4011e+08  2.1104e+04  2.1812e+03  1.2519e+07  1.7749e+04  2.1808e+03  8.4041e+06  2.0991e+04  2.1814e+03  2.6299e+06  2.0978e+04  2.1814e+03  1.1034e+07  2.0988e+04  2.1815e+03  
208         4.6106e+09  2.2924e+08  2.1769e+04  2.1738e+03  1.1917e+07  1.8314e+04  2.1734e+03  8.2205e+06  2.1656e+04  2.1740e+03  2.5486e+06  2.1643e+04  2.1740e+03  1.0769e+07  2.1653e+04  2.1742e+03  
209         4.6443e+09  2.1884e+08  2.2453e+04  2.1661e+03  1.1342e+07  1.8895e+04  2.1657e+03  8.0385e+06  2.2340e+04  2.1663e+03  2.4692e+06  2.2327e+04  2.1663e+03  1.0508e+07  2.2337e+04  2.1664e+03  
210         4.6786e+09  2.0891e+08  2.3158e+04  2.1580e+03  1.0795e+07  1.9493e+04  2.1576e+03  7.8582e+06  2.3043e+04  2.1582e+03  2.3917e+06  2.3031e+04  2.1583e+03  1.0250e+07  2.3040e+04  2.1584e+03  
211         4.7135e+09  1.9941e+08  2.3882e+04  2.1497e+03  1.0274e+07  2.0108e+04  2.1493e+03  7.6796e+06  2.3767e+04  2.1499e+03  2.3162e+06  2.3754e+04  2.1499e+03  9.9957e+06  2.3764e+04  2.1501e+03  
212         4.7490e+09  1.9033e+08  2.4627e+04  2.1411e+03  9.7767e+06  2.0740e+04  2.1406e+03  7.5027e+06  2.4511e+04  2.1413e+03  2.2424e+06  2.4499e+04  2.1413e+03  9.7452e+06  2.4508e+04  2.1415e+03  
213         4.7851e+09  1.8165e+08  2.5393e+04  2.1321e+03  9.3032e+06  2.1391e+04  2.1317e+03  7.3277e+06  2.5277e+04  2.1324e+03  2.1705e+06  2.5265e+04  2.1324e+03  9.4983e+06  2.5274e+04  2.1325e+03  
214         4.8218e+09  1.7335e+08  2.6181e+04  2.1229e+03  8.8520e+06  2.2060e+04  2.1224e+03  7.1546e+06  2.6065e+04  2.1232e+03  2.1005e+06  2.6052e+04  2.1232e+03  9.2551e+06  2.6062e+04  2.1233e+03  
215         4.8591e+09  1.6542e+08  2.6992e+04  2.1134e+03  8.4222e+06  2.2748e+04  2.1129e+03  6.9833e+06  2.6875e+04  2.1137e+03  2.0322e+06  2.6863e+04  2.1137e+03  9.0155e+06  2.6872e+04  2.1138e+03  
216         4.8970e+09  1.5784e+08  2.7826e+04  2.1037e+03  8.0126e+06  2.3455e+04  2.1031e+03  6.8140e+06  2.7709e+04  2.1039e+03  1.9657e+06  2.7696e+04  2.1039e+03  8.7797e+06  2.7706e+04  2.1041e+03  
217         4.9356e+09  1.5060e+08  2.8683e+04  2.0936e+03  7.6224e+06  2.4183e+04  2.0931e+03  6.6467e+06  2.8566e+04  2.0939e+03  1.9010e+06  2.8553e+04  2.0939e+03  8.5477e+06  2.8563e+04  2.0941e+03  
218         4.9748e+09  1.4367e+08  2.9565e+04  2.0833e+03  7.2506e+06  2.4931e+04  2.0827e+03  6.4815e+06  2.9447e+04  2.0836e+03  1.8379e+06  2.9435e+04  2.0836e+03  8.3194e+06  2.9444e+04  2.0838e+03  
219         5.0147e+09  1.3706e+08  3.0472e+04  2.0728e+03  6.8965e+06  2.5701e+04  2.0722e+03  6.3184e+06  3.0354e+04  2.0731e+03  1.7766e+06  3.0341e+04  2.0731e+03  8.0949e+06  3.0351e+04  2.0732e+03  
220         5.0552e+09  1.3074e+08  3.1404e+04  2.0620e+03  6.5592e+06  2.6492e+04  2.0613e+03  6.1574e+06  3.1286e+04  2.0623e+03  1.7169e+06  3.1274e+04  2.0623e+03  7.8743e+06  3.1283e+04  2.0625e+03  
221         5.0965e+09  1.2470e+08  3.2363e+04  2.0510e+03  6.2378e+06  2.7305e+04  2.0503e+03  5.9985e+06  3.2245e+04  2.0513e+03  1.6589e+06  3.2233e+04  2.0513e+03  7.6574e+06  3.2242e+04  2.0514e+03  
222         5.1384e+09  1.1893e+08  3.3349e+04  2.0397e+03  5.9318e+06  2.8142e+04  2.0390e+03  5.8419e+06  3.3231e+04  2.0400e+03  1.6024e+06  3.3218e+04  2.0400e+03  7.4444e+06  3.3228e+04  2.0402e+03  
223         5.1810e+09  1.1341e+08  3.4363e+04  2.0282e+03  5.6404e+06  2.9001e+04  2.0275e+03  5.6876e+06  3.4244e+04  2.0285e+03  1.5476e+06  3.4232e+04  2.0286e+03  7.2352e+06  3.4242e+04  2.0287e+03  
224         5.2244e+09  1.0815e+08  3.5405e+04  2.0165e+03  5.3628e+06  2.9885e+04  2.0157e+03  5.5356e+06  3.5286e+04  2.0169e+03  1.4943e+06  3.5274e+04  2.0169e+03  7.0298e+06  3.5284e+04  2.0170e+03  
225         5.2685e+09  1.0312e+08  3.6477e+04  2.0046e+03  5.0985e+06  3.0794e+04  2.0038e+03  5.3858e+06  3.6358e+04  2.0050e+03  1.4425e+06  3.6346e+04  2.0050e+03  6.8283e+06  3.6355e+04  2.0052e+03  
226         5.3133e+09  9.8314e+07  3.7578e+04  1.9925e+03  4.8469e+06  3.1728e+04  1.9916e+03  5.2385e+06  3.7460e+04  1.9929e+03  1.3922e+06  3.7448e+04  1.9929e+03  6.6307e+06  3.7457e+04  1.9931e+03  
227         5.3589e+09  9.3725e+07  3.8711e+04  1.9802e+03  4.6073e+06  3.2688e+04  1.9793e+03  5.0936e+06  3.8592e+04  1.9806e+03  1.3434e+06  3.8580e+04  1.9806e+03  6.4370e+06  3.8590e+04  1.9808e+03  
228         5.4053e+09  8.9344e+07  3.9875e+04  1.9677e+03  4.3792e+06  3.3674e+04  1.9667e+03  4.9511e+06  3.9756e+04  1.9681e+03  1.2960e+06  3.9744e+04  1.9681e+03  6.2471e+06  3.9754e+04  1.9683e+03  
229         5.4524e+09  8.5159e+07  4.1071e+04  1.9551e+03  4.1620e+06  3.4688e+04  1.9540e+03  4.8110e+06  4.0953e+04  1.9555e+03  1.2501e+06  4.0941e+04  1.9555e+03  6.0610e+06  4.0951e+04  1.9556e+03  
230         5.5003e+09  8.1165e+07  4.2301e+04  1.9422e+03  3.9554e+06  3.5730e+04  1.9411e+03  4.6734e+06  4.2183e+04  1.9426e+03  1.2055e+06  4.2171e+04  1.9426e+03  5.8789e+06  4.2181e+04  1.9428e+03  
231         5.5491e+09  7.7351e+07  4.3565e+04  1.9292e+03  3.7586e+06  3.6801e+04  1.9281e+03  4.5383e+06  4.3448e+04  1.9296e+03  1.1622e+06  4.3436e+04  1.9296e+03  5.7005e+06  4.3445e+04  1.9298e+03  
232         5.5986e+09  7.3710e+07  4.4864e+04  1.9161e+03  3.5714e+06  3.7902e+04  1.9148e+03  4.4057e+06  4.4747e+04  1.9165e+03  1.1203e+06  4.4735e+04  1.9165e+03  5.5260e+06  4.4745e+04  1.9167e+03  
233         5.6490e+09  7.0234e+07  4.6199e+04  1.9027e+03  3.3932e+06  3.9033e+04  1.9015e+03  4.2757e+06  4.6082e+04  1.9032e+03  1.0797e+06  4.6071e+04  1.9032e+03  5.3554e+06  4.6080e+04  1.9034e+03  
234         5.7003e+09  6.6917e+07  4.7571e+04  1.8893e+03  3.2237e+06  4.0194e+04  1.8879e+03  4.1482e+06  4.7455e+04  1.8897e+03  1.0403e+06  4.7443e+04  1.8897e+03  5.1885e+06  4.7452e+04  1.8899e+03  
235         5.7524e+09  6.3751e+07  4.8980e+04  1.8757e+03  3.0623e+06  4.1388e+04  1.8743e+03  4.0233e+06  4.8865e+04  1.8762e+03  1.0021e+06  4.8853e+04  1.8762e+03  5.0254e+06  4.8863e+04  1.8764e+03  
236         5.8054e+09  6.0730e+07  5.0429e+04  1.8620e+03  2.9089e+06  4.2615e+04  1.8605e+03  3.9009e+06  5.0314e+04  1.8625e+03  9.6519e+05  5.0302e+04  1.8625e+03  4.8661e+06  5.0312e+04  1.8627e+03  
237         5.8593e+09  5.7847e+07  5.1917e+04  1.8481e+03  2.7629e+06  4.3875e+04  1.8466e+03  3.7810e+06  5.1803e+04  1.8486e+03  9.2943e+05  5.1791e+04  1.8486e+03  4.7105e+06  5.1801e+04  1.8488e+03  
238         5.9141e+09  5.5097e+07  5.3446e+04  1.8342e+03  2.6240e+06  4.5169e+04  1.8325e+03  3.6638e+06  5.3333e+04  1.8347e+03  8.9481e+05  5.3321e+04  1.8347e+03  4.5586e+06  5.3330e+04  1.8349e+03  
239         5.9698e+09  5.2473e+07  5.5016e+04  1.8201e+03  2.4919e+06  4.6498e+04  1.8184e+03  3.5491e+06  5.4904e+04  1.8207e+03  8.6131e+05  5.4893e+04  1.8207e+03  4.4104e+06  5.4902e+04  1.8209e+03  
240         6.0264e+09  4.9970e+07  5.6630e+04  1.8060e+03  2.3662e+06  4.7864e+04  1.8041e+03  3.4369e+06  5.6519e+04  1.8065e+03  8.2891e+05  5.6507e+04  1.8065e+03  4.2658e+06  5.6516e+04  1.8067e+03  
241         6.0841e+09  4.7583e+07  5.8287e+04  1.7917e+03  2.2468e+06  4.9267e+04  1.7898e+03  3.3273e+06  5.8177e+04  1.7923e+03  7.9756e+05  5.8166e+04  1.7923e+03  4.1249e+06  5.8175e+04  1.7925e+03  
242         6.1426e+09  4.5306e+07  5.9989e+04  1.7774e+03  2.1332e+06  5.0707e+04  1.7754e+03  3.2203e+06  5.9880e+04  1.7780e+03  7.6725e+05  5.9869e+04  1.7780e+03  3.9876e+06  5.9878e+04  1.7782e+03  
243         6.2022e+09  4.3134e+07  6.1738e+04  1.7630e+03  2.0251e+06  5.2187e+04  1.7609e+03  3.1158e+06  6.1630e+04  1.7636e+03  7.3796e+05  6.1619e+04  1.7636e+03  3.8538e+06  6.1628e+04  1.7638e+03  
244         6.2628e+09  4.1064e+07  6.3533e+04  1.7485e+03  1.9224e+06  5.3706e+04  1.7463e+03  3.0138e+06  6.3427e+04  1.7491e+03  7.0965e+05  6.3415e+04  1.7492e+03  3.7234e+06  6.3424e+04  1.7494e+03  
245         6.3244e+09  3.9089e+07  6.5377e+04  1.7339e+03  1.8248e+06  5.5266e+04  1.7316e+03  2.9143e+06  6.5272e+04  1.7346e+03  6.8229e+05  6.5261e+04  1.7346e+03  3.5966e+06  6.5270e+04  1.7348e+03  
246         6.3870e+09  3.7207e+07  6.7270e+04  1.7193e+03  1.7320e+06  5.6868e+04  1.7169e+03  2.8173e+06  6.7166e+04  1.7201e+03  6.5587e+05  6.7155e+04  1.7201e+03  3.4732e+06  6.7164e+04  1.7203e+03  
247         6.4507e+09  3.5413e+07  6.9214e+04  1.7047e+03  1.6438e+06  5.8513e+04  1.7021e+03  2.7228e+06  6.9112e+04  1.7054e+03  6.3035e+05  6.9101e+04  1.7055e+03  3.3531e+06  6.9110e+04  1.7057e+03  
248         6.5155e+09  3.3703e+07  7.1209e+04  1.6900e+03  1.5600e+06  6.0201e+04  1.6873e+03  2.6307e+06  7.1109e+04  1.6908e+03  6.0572e+05  7.1098e+04  1.6908e+03  3.2364e+06  7.1107e+04  1.6910e+03  
249         6.5813e+09  3.2073e+07  7.3258e+04  1.6753e+03  1.4804e+06  6.1935e+04  1.6724e+03  2.5410e+06  7.3160e+04  1.6761e+03  5.8194e+05  7.3149e+04  1.6761e+03  3.1230e+06  7.3158e+04  1.6763e+03  
250         6.6483e+09  3.0519e+07  7.5361e+04  1.6606e+03  1.4047e+06  6.3714e+04  1.6576e+03  2.4537e+06  7.5265e+04  1.6614e+03  5.5900e+05  7.5254e+04  1.6614e+03  3.0127e+06  7.5263e+04  1.6616e+03  
251         6.7164e+09  2.9039e+07  7.7520e+04  1.6458e+03  1.3328e+06  6.5541e+04  1.6426e+03  2.3688e+06  7.7425e+04  1.6467e+03  5.3687e+05  7.7414e+04  1.6467e+03  2.9057e+06  7.7423e+04  1.6469e+03  
252         6.7856e+09  2.7629e+07  7.9735e+04  1.6310e+03  1.2645e+06  6.7415e+04  1.6277e+03  2.2863e+06  7.9643e+04  1.6319e+03  5.1552e+05  7.9632e+04  1.6319e+03  2.8018e+06  7.9641e+04  1.6321e+03  
253         6.8560e+09  2.6285e+07  8.2008e+04  1.6162e+03  1.1996e+06  6.9339e+04  1.6127e+03  2.2060e+06  8.1919e+04  1.6172e+03  4.9494e+05  8.1908e+04  1.6172e+03  2.7009e+06  8.1917e+04  1.6174e+03  
254         6.9276e+09  2.5005e+07  8.4341e+04  1.6014e+03  1.1380e+06  7.1314e+04  1.5978e+03  2.1280e+06  8.4254e+04  1.6024e+03  4.7510e+05  8.4243e+04  1.6024e+03  2.6031e+06  8.4252e+04  1.6027e+03  
255         7.0004e+09  2.3786e+07  8.6735e+04  1.5867e+03  1.0794e+06  7.3340e+04  1.5828e+03  2.0522e+06  8.6650e+04  1.5877e+03  4.5597e+05  8.6639e+04  1.5877e+03  2.5082e+06  8.6648e+04  1.5879e+03  
256         7.0744e+09  2.2625e+07  8.9191e+04  1.5719e+03  1.0238e+06  7.5418e+04  1.5678e+03  1.9787e+06  8.9109e+04  1.5730e+03  4.3755e+05  8.9098e+04  1.5730e+03  2.4162e+06  8.9107e+04  1.5732e+03  
257         7.1497e+09  2.1519e+07  9.1710e+04  1.5572e+03  9.7104e+05  7.7551e+04  1.5529e+03  1.9073e+06  9.1630e+04  1.5583e+03  4.1980e+05  9.1620e+04  1.5583e+03  2.3271e+06  9.1629e+04  1.5585e+03  
258         7.2263e+09  2.0466e+07  9.4294e+04  1.5424e+03  9.2092e+05  7.9739e+04  1.5379e+03  1.8381e+06  9.4217e+04  1.5436e+03  4.0270e+05  9.4207e+04  1.5436e+03  2.2408e+06  9.4215e+04  1.5438e+03  
259         7.3041e+09  1.9463e+07  9.6944e+04  1.5277e+03  8.7334e+05  8.1984e+04  1.5230e+03  1.7709e+06  9.6871e+04  1.5290e+03  3.8624e+05  9.6860e+04  1.5290e+03  2.1572e+06  9.6869e+04  1.5292e+03  
260         7.3832e+09  1.8509e+07  9.9662e+04  1.5131e+03  8.2817e+05  8.4286e+04  1.5081e+03  1.7058e+06  9.9592e+04  1.5144e+03  3.7040e+05  9.9581e+04  1.5144e+03  2.0762e+06  9.9590e+04  1.5146e+03  
261         7.4637e+09  1.7600e+07  1.0245e+05  1.4985e+03  7.8529e+05  8.6647e+04  1.4932e+03  1.6428e+06  1.0238e+05  1.4998e+03  3.5515e+05  1.0237e+05  1.4998e+03  1.9979e+06  1.0238e+05  1.5001e+03  
262         7.5456e+09  1.6735e+07  1.0531e+05  1.4839e+03  7.4459e+05  8.9069e+04  1.4784e+03  1.5817e+06  1.0524e+05  1.4853e+03  3.4048e+05  1.0523e+05  1.4853e+03  1.9221e+06  1.0524e+05  1.4856e+03  
263         7.6288e+09  1.5912e+07  1.0823e+05  1.4694e+03  7.0596e+05  9.1552e+04  1.4636e+03  1.5225e+06  1.0818e+05  1.4709e+03  3.2637e+05  1.0816e+05  1.4709e+03  1.8489e+06  1.0817e+05  1.4711e+03  
264         7.7134e+09  1.5128e+07  1.1124e+05  1.4550e+03  6.6930e+05  9.4098e+04  1.4489e+03  1.4653e+06  1.1118e+05  1.4565e+03  3.1280e+05  1.1117e+05  1.4565e+03  1.7781e+06  1.1118e+05  1.4567e+03  
265         7.7994e+09  1.4382e+07  1.1431e+05  1.4406e+03  6.3452e+05  9.6709e+04  1.4342e+03  1.4099e+06  1.1426e+05  1.4422e+03  2.9975e+05  1.1425e+05  1.4422e+03  1.7096e+06  1.1426e+05  1.4424e+03  
266         7.8869e+09  1.3673e+07  1.1747e+05  1.4263e+03  6.0152e+05  9.9385e+04  1.4195e+03  1.3563e+06  1.1742e+05  1.4279e+03  2.8720e+05  1.1741e+05  1.4279e+03  1.6435e+06  1.1742e+05  1.4282e+03  
267         7.9759e+09  1.2998e+07  1.2070e+05  1.4120e+03  5.7020e+05  1.0213e+05  1.4049e+03  1.3045e+06  1.2066e+05  1.4137e+03  2.7514e+05  1.2064e+05  1.4137e+03  1.5796e+06  1.2065e+05  1.4140e+03  
268         8.0664e+09  1.2355e+07  1.2401e+05  1.3979e+03  5.4050e+05  1.0494e+05  1.3904e+03  1.2544e+06  1.2397e+05  1.3997e+03  2.6356e+05  1.2396e+05  1.3997e+03  1.5180e+06  1.2397e+05  1.3999e+03  
269         8.1584e+09  1.1744e+07  1.2740e+05  1.3838e+03  5.1232e+05  1.0782e+05  1.3760e+03  1.2060e+06  1.2737e+05  1.3857e+03  2.5243e+05  1.2735e+05  1.3857e+03  1.4584e+06  1.2736e+05  1.3859e+03  
270         8.2519e+09  1.1163e+07  1.3087e+05  1.3698e+03  4.8559e+05  1.1077e+05  1.3616e+03  1.1593e+06  1.3084e+05  1.3718e+03  2.4173e+05  1.3083e+05  1.3718e+03  1.4010e+06  1.3084e+05  1.3721e+03  
271         8.3471e+09  1.0610e+07  1.3443e+05  1.3559e+03  4.6023e+05  1.1380e+05  1.3472e+03  1.1142e+06  1.3440e+05  1.3580e+03  2.3147e+05  1.3439e+05  1.3580e+03  1.3456e+06  1.3440e+05  1.3583e+03  
272         8.4438e+09  1.0084e+07  1.3807e+05  1.3421e+03  4.3619e+05  1.1690e+05  1.3330e+03  1.0706e+06  1.3805e+05  1.3443e+03  2.2161e+05  1.3804e+05  1.3443e+03  1.2922e+06  1.3805e+05  1.3446e+03  
273         8.5422e+09  9.5844e+06  1.4180e+05  1.3284e+03  4.1339e+05  1.2007e+05  1.3188e+03  1.0286e+06  1.4178e+05  1.3307e+03  2.1215e+05  1.4177e+05  1.3307e+03  1.2407e+06  1.4178e+05  1.3310e+03  
274         8.6422e+09  9.1090e+06  1.4561e+05  1.3148e+03  3.9177e+05  1.2332e+05  1.3048e+03  9.8800e+05  1.4561e+05  1.3172e+03  2.0307e+05  1.4560e+05  1.3172e+03  1.1911e+06  1.4560e+05  1.3175e+03  
275         8.7439e+09  8.6569e+06  1.4952e+05  1.3014e+03  3.7126e+05  1.2665e+05  1.2908e+03  9.4890e+05  1.4952e+05  1.3038e+03  1.9436e+05  1.4951e+05  1.3038e+03  1.1433e+06  1.4951e+05  1.3041e+03  
276         8.8473e+09  8.2270e+06  1.5351e+05  1.2880e+03  3.5183e+05  1.3006e+05  1.2768e+03  9.1119e+05  1.5352e+05  1.2905e+03  1.8600e+05  1.5351e+05  1.2906e+03  1.0972e+06  1.5352e+05  1.2909e+03  
277         8.9525e+09  7.8183e+06  1.5760e+05  1.2747e+03  3.3340e+05  1.3355e+05  1.2630e+03  8.7485e+05  1.5761e+05  1.2774e+03  1.7798e+05  1.5760e+05  1.2774e+03  1.0528e+06  1.5761e+05  1.2777e+03  
278         9.0594e+09  7.4298e+06  1.6179e+05  1.2616e+03  3.1592e+05  1.3713e+05  1.2493e+03  8.3983e+05  1.6180e+05  1.2644e+03  1.7029e+05  1.6179e+05  1.2644e+03  1.0101e+06  1.6180e+05  1.2647e+03  
279         9.1681e+09  7.0605e+06  1.6606e+05  1.2486e+03  2.9936e+05  1.4079e+05  1.2356e+03  8.0610e+05  1.6609e+05  1.2515e+03  1.6292e+05  1.6608e+05  1.2515e+03  9.6902e+05  1.6608e+05  1.2518e+03  
280         9.2787e+09  6.7095e+06  1.7044e+05  1.2357e+03  2.8366e+05  1.4453e+05  1.2221e+03  7.7361e+05  1.7047e+05  1.2388e+03  1.5586e+05  1.7046e+05  1.2388e+03  9.2947e+05  1.7047e+05  1.2391e+03  
281         9.3911e+09  6.3758e+06  1.7491e+05  1.2229e+03  2.6878e+05  1.4836e+05  1.2086e+03  7.4233e+05  1.7495e+05  1.2261e+03  1.4908e+05  1.7494e+05  1.2261e+03  8.9141e+05  1.7495e+05  1.2265e+03  
282         9.5055e+09  6.0587e+06  1.7948e+05  1.2103e+03  2.5468e+05  1.5229e+05  1.1953e+03  7.1223e+05  1.7953e+05  1.2137e+03  1.4259e+05  1.7952e+05  1.2137e+03  8.5482e+05  1.7953e+05  1.2140e+03  
283         9.6217e+09  5.7573e+06  1.8415e+05  1.1978e+03  2.4131e+05  1.5630e+05  1.1820e+03  6.8325e+05  1.8421e+05  1.2013e+03  1.3637e+05  1.8420e+05  1.2013e+03  8.1962e+05  1.8421e+05  1.2017e+03  
284         9.7399e+09  5.4708e+06  1.8893e+05  1.1854e+03  2.2864e+05  1.6040e+05  1.1689e+03  6.5538e+05  1.8899e+05  1.1891e+03  1.3041e+05  1.8898e+05  1.1891e+03  7.8579e+05  1.8899e+05  1.1895e+03  
285         9.8602e+09  5.1987e+06  1.9381e+05  1.1732e+03  2.1663e+05  1.6460e+05  1.1558e+03  6.2857e+05  1.9388e+05  1.1771e+03  1.2470e+05  1.9387e+05  1.1771e+03  7.5327e+05  1.9388e+05  1.1774e+03  
286         9.9824e+09  4.9400e+06  1.9879e+05  1.1611e+03  2.0526e+05  1.6889e+05  1.1428e+03  6.0278e+05  1.9887e+05  1.1651e+03  1.1924e+05  1.9886e+05  1.1652e+03  7.2202e+05  1.9887e+05  1.1655e+03  
287         1.0107e+10  4.6942e+06  2.0388e+05  1.1492e+03  1.9448e+05  1.7328e+05  1.1299e+03  5.7800e+05  2.0397e+05  1.1534e+03  1.1400e+05  2.0396e+05  1.1534e+03  6.9200e+05  2.0397e+05  1.1538e+03  
288         1.0233e+10  4.4607e+06  2.0908e+05  1.1374e+03  1.8426e+05  1.7777e+05  1.1172e+03  5.5417e+05  2.0918e+05  1.1418e+03  1.0899e+05  2.0917e+05  1.1418e+03  6.6316e+05  2.0918e+05  1.1422e+03  
289         1.0362e+10  4.2389e+06  2.1439e+05  1.1257e+03  1.7458e+05  1.8236e+05  1.1045e+03  5.3127e+05  2.1450e+05  1.1303e+03  1.0419e+05  2.1449e+05  1.1303e+03  6.3547e+05  2.1449e+05  1.1307e+03  
290         1.0492e+10  4.0281e+06  2.1981e+05  1.1142e+03  1.6541e+05  1.8705e+05  1.0919e+03  5.0927e+05  2.1992e+05  1.1190e+03  9.9601e+04  2.1991e+05  1.1190e+03  6.0887e+05  2.1992e+05  1.1194e+03  
291         1.0625e+10  3.8278e+06  2.2534e+05  1.1028e+03  1.5672e+05  1.9184e+05  1.0795e+03  4.8814e+05  2.2546e+05  1.1078e+03  9.5206e+04  2.2546e+05  1.1078e+03  5.8334e+05  2.2546e+05  1.1082e+03  
292         1.0760e+10  3.6375e+06  2.3098e+05  1.0915e+03  1.4849e+05  1.9674e+05  1.0671e+03  4.6784e+05  2.3112e+05  1.0968e+03  9.1000e+04  2.3111e+05  1.0968e+03  5.5884e+05  2.3112e+05  1.0973e+03  
293         1.0898e+10  3.4567e+06  2.3674e+05  1.0804e+03  1.4069e+05  2.0174e+05  1.0548e+03  4.4835e+05  2.3689e+05  1.0860e+03  8.6975e+04  2.3688e+05  1.0860e+03  5.3532e+05  2.3689e+05  1.0864e+03  
294         1.1037e+10  3.2850e+06  2.4261e+05  1.0695e+03  1.3330e+05  2.0686e+05  1.0426e+03  4.2963e+05  2.4277e+05  1.0753e+03  8.3124e+04  2.4276e+05  1.0753e+03  5.1276e+05  2.4277e+05  1.0757e+03  
295         1.1180e+10  3.1219e+06  2.4861e+05  1.0587e+03  1.2630e+05  2.1208e+05  1.0305e+03  4.1167e+05  2.4878e+05  1.0648e+03  7.9441e+04  2.4877e+05  1.0648e+03  4.9111e+05  2.4877e+05  1.0652e+03  
296         1.1324e+10  2.9669e+06  2.5472e+05  1.0480e+03  1.1967e+05  2.1741e+05  1.0185e+03  3.9442e+05  2.5490e+05  1.0544e+03  7.5917e+04  2.5489e+05  1.0544e+03  4.7034e+05  2.5489e+05  1.0549e+03  
297         1.1471e+10  2.8197e+06  2.6094e+05  1.0375e+03  1.1339e+05  2.2286e+05  1.0066e+03  3.7788e+05  2.6114e+05  1.0442e+03  7.2547e+04  2.6113e+05  1.0442e+03  4.5042e+05  2.6114e+05  1.0447e+03  
298         1.1620e+10  2.6798e+06  2.6729e+05  1.0272e+03  1.0744e+05  2.2842e+05  9.9478e+02  3.6200e+05  2.6750e+05  1.0342e+03  6.9325e+04  2.6749e+05  1.0342e+03  4.3133e+05  2.6750e+05  1.0346e+03  
299         1.1772e+10  2.5470e+06  2.7377e+05  1.0170e+03  1.0180e+05  2.3409e+05  9.8305e+02  3.4677e+05  2.7398e+05  1.0243e+03  6.6243e+04  2.7398e+05  1.0243e+03  4.1301e+05  2.7398e+05  1.0248e+03  
300         1.1927e+10  2.4208e+06  2.8036e+05  1.0069e+03  9.6465e+04  2.3989e+05  9.7140e+02  3.3216e+05  2.8059e+05  1.0146e+03  6.3296e+04  2.8058e+05  1.0146e+03  3.9546e+05  2.8059e+05  1.0151e+03  
301         1.2084e+10  2.3009e+06  2.8708e+05  9.9699e+02  9.1407e+04  2.4580e+05  9.5984e+02  3.1815e+05  2.8733e+05  1.0050e+03  6.0478e+04  2.8732e+05  1.0050e+03  3.7863e+05  2.8732e+05  1.0055e+03  
302         1.2243e+10  2.1870e+06  2.9393e+05  9.8721e+02  8.6615e+04  2.5184e+05  9.4836e+02  3.0471e+05  2.9419e+05  9.9563e+02  5.7785e+04  2.9418e+05  9.9563e+02  3.6250e+05  2.9418e+05  9.9614e+02  
303         1.2406e+10  2.0788e+06  3.0090e+05  9.7758e+02  8.2077e+04  2.5800e+05  9.3696e+02  2.9183e+05  3.0117e+05  9.8640e+02  5.5210e+04  3.0116e+05  9.8640e+02  3.4704e+05  3.0117e+05  9.8692e+02  
304         1.2571e+10  1.9761e+06  3.0800e+05  9.6809e+02  7.7777e+04  2.6428e+05  9.2564e+02  2.7947e+05  3.0829e+05  9.7733e+02  5.2749e+04  3.0828e+05  9.7733e+02  3.3222e+05  3.0829e+05  9.7786e+02  
305         1.2739e+10  1.8784e+06  3.1523e+05  9.5875e+02  7.3704e+04  2.7069e+05  9.1440e+02  2.6763e+05  3.1553e+05  9.6842e+02  5.0396e+04  3.1552e+05  9.6842e+02  3.1803e+05  3.1553e+05  9.6896e+02  
306         1.2910e+10  1.7857e+06  3.2259e+05  9.4955e+02  6.9847e+04  2.7723e+05  9.0323e+02  2.5628e+05  3.2291e+05  9.5967e+02  4.8147e+04  3.2290e+05  9.5968e+02  3.0443e+05  3.2291e+05  9.6023e+02  
307         1.3083e+10  1.6976e+06  3.3008e+05  9.4049e+02  6.6192e+04  2.8390e+05  8.9214e+02  2.4540e+05  3.3042e+05  9.5109e+02  4.5999e+04  3.3041e+05  9.5110e+02  2.9140e+05  3.3042e+05  9.5166e+02  
308         1.3260e+10  1.6139e+06  3.3771e+05  9.3157e+02  6.2730e+04  2.9070e+05  8.8112e+02  2.3498e+05  3.3806e+05  9.4267e+02  4.3945e+04  3.3805e+05  9.4267e+02  2.7892e+05  3.3806e+05  9.4325e+02  
309         1.3440e+10  1.5344e+06  3.4547e+05  9.2279e+02  5.9451e+04  2.9763e+05  8.7016e+02  2.2498e+05  3.4584e+05  9.3441e+02  4.1982e+04  3.4583e+05  9.3441e+02  2.6697e+05  3.4584e+05  9.3500e+02  
310         1.3622e+10  1.4588e+06  3.5336e+05  9.1414e+02  5.6345e+04  3.0470e+05  8.5928e+02  2.1541e+05  3.5375e+05  9.2631e+02  4.0107e+04  3.5374e+05  9.2632e+02  2.5552e+05  3.5375e+05  9.2692e+02  
311         1.3808e+10  1.3870e+06  3.6140e+05  9.0564e+02  5.3402e+04  3.1190e+05  8.4846e+02  2.0624e+05  3.6180e+05  9.1837e+02  3.8315e+04  3.6179e+05  9.1838e+02  2.4456e+05  3.6180e+05  9.1899e+02  
312         1.3997e+10  1.3189e+06  3.6957e+05  8.9726e+02  5.0614e+04  3.1925e+05  8.3770e+02  1.9745e+05  3.6999e+05  9.1059e+02  3.6603e+04  3.6998e+05  9.1060e+02  2.3406e+05  3.6999e+05  9.1123e+02  
313         1.4189e+10  1.2541e+06  3.7788e+05  8.8902e+02  4.7974e+04  3.2673e+05  8.2701e+02  1.8904e+05  3.7832e+05  9.0297e+02  3.4967e+04  3.7831e+05  9.0298e+02  2.2400e+05  3.7832e+05  9.0362e+02  
314         1.4384e+10  1.1925e+06  3.8633e+05  8.8090e+02  4.5472e+04  3.3436e+05  8.1638e+02  1.8097e+05  3.8679e+05  8.9551e+02  3.3404e+04  3.8678e+05  8.9551e+02  2.1438e+05  3.8679e+05  8.9617e+02  
315         1.4582e+10  1.1340e+06  3.9492e+05  8.7292e+02  4.3102e+04  3.4213e+05  8.0580e+02  1.7325e+05  3.9540e+05  8.8821e+02  3.1911e+04  3.9539e+05  8.8821e+02  2.0516e+05  3.9540e+05  8.8889e+02  
316         1.4784e+10  1.0784e+06  4.0366e+05  8.6506e+02  4.0856e+04  3.5004e+05  7.9528e+02  1.6585e+05  4.0416e+05  8.8106e+02  3.0484e+04  4.0415e+05  8.8106e+02  1.9633e+05  4.0416e+05  8.8176e+02  
317         1.4989e+10  1.0256e+06  4.1254e+05  8.5733e+02  3.8729e+04  3.5811e+05  7.8482e+02  1.5877e+05  4.1306e+05  8.7407e+02  2.9121e+04  4.1305e+05  8.7407e+02  1.8789e+05  4.1306e+05  8.7478e+02  
318         1.5198e+10  9.7540e+05  4.2156e+05  8.4972e+02  3.6714e+04  3.6632e+05  7.7441e+02  1.5198e+05  4.2211e+05  8.6724e+02  2.7819e+04  4.2210e+05  8.6724e+02  1.7980e+05  4.2211e+05  8.6797e+02  
319         1.5410e+10  9.2769e+05  4.3074e+05  8.4223e+02  3.4804e+04  3.7469e+05  7.6406e+02  1.4548e+05  4.3131e+05  8.6056e+02  2.6576e+04  4.3130e+05  8.6056e+02  1.7206e+05  4.3131e+05  8.6131e+02  
320         1.5626e+10  8.8236e+05  4.4006e+05  8.3486e+02  3.2995e+04  3.8321e+05  7.5375e+02  1.3926e+05  4.4065e+05  8.5403e+02  2.5387e+04  4.4064e+05  8.5404e+02  1.6465e+05  4.4065e+05  8.5480e+02  
321         1.5845e+10  8.3927e+05  4.4954e+05  8.2761e+02  3.1281e+04  3.9189e+05  7.4350e+02  1.3330e+05  4.5015e+05  8.4766e+02  2.4252e+04  4.5014e+05  8.4767e+02  1.5756e+05  4.5015e+05  8.4845e+02  
322         1.6069e+10  7.9832e+05  4.5916e+05  8.2047e+02  2.9657e+04  4.0072e+05  7.3330e+02  1.2760e+05  4.5980e+05  8.4145e+02  2.3168e+04  4.5979e+05  8.4145e+02  1.5077e+05  4.5980e+05  8.4226e+02  
323         1.6295e+10  7.5940e+05  4.6894e+05  8.1344e+02  2.8118e+04  4.0972e+05  7.2315e+02  1.2214e+05  4.6960e+05  8.3538e+02  2.2132e+04  4.6960e+05  8.3539e+02  1.4427e+05  4.6960e+05  8.3621e+02  
324         1.6526e+10  7.2240e+05  4.7887e+05  8.0653e+02  2.6660e+04  4.1887e+05  7.1305e+02  1.1691e+05  4.7956e+05  8.2947e+02  2.1143e+04  4.7955e+05  8.2947e+02  1.3805e+05  4.7956e+05  8.3032e+02  
325         1.6761e+10  6.8723e+05  4.8896e+05  7.9972e+02  2.5278e+04  4.2819e+05  7.0299e+02  1.1190e+05  4.8968e+05  8.2371e+02  2.0198e+04  4.8967e+05  8.2371e+02  1.3210e+05  4.8968e+05  8.2458e+02  
326         1.6999e+10  6.5380e+05  4.9921e+05  7.9302e+02  2.3969e+04  4.3768e+05  6.9299e+02  1.0710e+05  4.9996e+05  8.1810e+02  1.9295e+04  4.9995e+05  8.1810e+02  1.2640e+05  4.9995e+05  8.1900e+02  
327         1.7242e+10  6.2202e+05  5.0962e+05  7.8642e+02  2.2728e+04  4.4733e+05  6.8303e+02  1.0251e+05  5.1039e+05  8.1263e+02  1.8432e+04  5.1038e+05  8.1264e+02  1.2095e+05  5.1039e+05  8.1356e+02  
328         1.7489e+10  5.9181e+05  5.2019e+05  7.7992e+02  2.1552e+04  4.5716e+05  6.7312e+02  9.8121e+04  5.2099e+05  8.0732e+02  1.7608e+04  5.2098e+05  8.0733e+02  1.1573e+05  5.2099e+05  8.0827e+02  
329         1.7739e+10  5.6308e+05  5.3092e+05  7.7351e+02  2.0438e+04  4.6715e+05  6.6325e+02  9.3914e+04  5.3175e+05  8.0215e+02  1.6821e+04  5.3174e+05  8.0216e+02  1.1074e+05  5.3175e+05  8.0313e+02  
330         1.7994e+10  5.3577e+05  5.4182e+05  7.6721e+02  1.9381e+04  4.7733e+05  6.5344e+02  8.9888e+04  5.4268e+05  7.9714e+02  1.6070e+04  5.4267e+05  7.9714e+02  1.0596e+05  5.4268e+05  7.9814e+02  
331         1.8254e+10  5.0980e+05  5.5289e+05  7.6100e+02  1.8380e+04  4.8767e+05  6.4367e+02  8.6033e+04  5.5377e+05  7.9227e+02  1.5352e+04  5.5376e+05  7.9227e+02  1.0138e+05  5.5377e+05  7.9330e+02  
332         1.8518e+10  4.8510e+05  5.6412e+05  7.5487e+02  1.7432e+04  4.9820e+05  6.3395e+02  8.2342e+04  5.6504e+05  7.8754e+02  1.4666e+04  5.6503e+05  7.8755e+02  9.7008e+04  5.6504e+05  7.8860e+02  
333         1.8786e+10  4.6162e+05  5.7552e+05  7.4884e+02  1.6532e+04  5.0891e+05  6.2428e+02  7.8810e+04  5.7648e+05  7.8296e+02  1.4010e+04  5.7647e+05  7.8297e+02  9.2820e+04  5.7647e+05  7.8405e+02  
334         1.9058e+10  4.3929e+05  5.8710e+05  7.4289e+02  1.5680e+04  5.1981e+05  6.1466e+02  7.5428e+04  5.8809e+05  7.7853e+02  1.3384e+04  5.8808e+05  7.7853e+02  8.8812e+04  5.8808e+05  7.7965e+02  
335         1.9336e+10  4.1805e+05  5.9885e+05  7.3703e+02  1.4872e+04  5.3089e+05  6.0509e+02  7.2191e+04  5.9987e+05  7.7424e+02  1.2786e+04  5.9986e+05  7.7424e+02  8.4977e+04  5.9987e+05  7.7539e+02  
336         1.9618e+10  3.9786e+05  6.1078e+05  7.3124e+02  1.4106e+04  5.4216e+05  5.9558e+02  6.9092e+04  6.1184e+05  7.7009e+02  1.2215e+04  6.1183e+05  7.7010e+02  8.1307e+04  6.1183e+05  7.7128e+02  
337         1.9904e+10  3.7865e+05  6.2289e+05  7.2553e+02  1.3380e+04  5.5362e+05  5.8611e+02  6.6126e+04  6.2398e+05  7.6609e+02  1.1670e+04  6.2397e+05  7.6610e+02  7.7796e+04  6.2398e+05  7.6731e+02  
338         2.0196e+10  3.6037e+05  6.3518e+05  7.1990e+02  1.2692e+04  5.6528e+05  5.7670e+02  6.3287e+04  6.3631e+05  7.6223e+02  1.1148e+04  6.3630e+05  7.6224e+02  7.4435e+04  6.3630e+05  7.6349e+02  
339         2.0492e+10  3.4300e+05  6.4765e+05  7.1434e+02  1.2039e+04  5.7713e+05  5.6735e+02  6.0569e+04  6.4882e+05  7.5852e+02  1.0650e+04  6.4881e+05  7.5852e+02  7.1219e+04  6.4881e+05  7.5981e+02  
340         2.0794e+10  3.2646e+05  6.6031e+05  7.0885e+02  1.1420e+04  5.8918e+05  5.5805e+02  5.7967e+04  6.6151e+05  7.5494e+02  1.0175e+04  6.6150e+05  7.5495e+02  6.8142e+04  6.6151e+05  7.5628e+02  
341         2.1101e+10  3.1074e+05  6.7316e+05  7.0343e+02  1.0834e+04  6.0144e+05  5.4881e+02  5.5477e+04  6.7440e+05  7.5151e+02  9.7203e+03  6.7439e+05  7.5151e+02  6.5198e+04  6.7440e+05  7.5288e+02  
342         2.1412e+10  2.9578e+05  6.8620e+05  6.9807e+02  1.0278e+04  6.1390e+05  5.3962e+02  5.3094e+04  6.8748e+05  7.4822e+02  9.2861e+03  6.8747e+05  7.4822e+02  6.2380e+04  6.8748e+05  7.4964e+02  
343         2.1729e+10  2.8154e+05  6.9943e+05  6.9277e+02  9.7505e+03  6.2656e+05  5.3050e+02  5.0812e+04  7.0075e+05  7.4507e+02  8.8714e+03  7.0074e+05  7.4507e+02  5.9683e+04  7.0075e+05  7.4653e+02  
344         2.2052e+10  2.6800e+05  7.1285e+05  6.8753e+02  9.2506e+03  6.3944e+05  5.2144e+02  4.8628e+04  7.1422e+05  7.4206e+02  8.4752e+03  7.1421e+05  7.4206e+02  5.7103e+04  7.1422e+05  7.4357e+02  
345         2.2379e+10  2.5512e+05  7.2648e+05  6.8235e+02  8.7765e+03  6.5253e+05  5.1244e+02  4.6537e+04  7.2789e+05  7.3919e+02  8.0967e+03  7.2788e+05  7.3920e+02  5.4634e+04  7.2789e+05  7.4074e+02  
346         2.2713e+10  2.4286e+05  7.4031e+05  6.7722e+02  8.3269e+03  6.6584e+05  5.0351e+02  4.4536e+04  7.4177e+05  7.3646e+02  7.7351e+03  7.4176e+05  7.3647e+02  5.2272e+04  7.4176e+05  7.3806e+02  
347         2.3051e+10  2.3119e+05  7.5434e+05  6.7215e+02  7.9006e+03  6.7937e+05  4.9464e+02  4.2621e+04  7.5584e+05  7.3387e+02  7.3896e+03  7.5583e+05  7.3388e+02  5.0011e+04  7.5584e+05  7.3553e+02  
348         2.3396e+10  2.2009e+05  7.6858e+05  6.6712e+02  7.4963e+03  6.9312e+05  4.8584e+02  4.0788e+04  7.7013e+05  7.3142e+02  7.0596e+03  7.7012e+05  7.3143e+02  4.7847e+04  7.7013e+05  7.3313e+02  
349         2.3746e+10  2.0953e+05  7.8303e+05  6.6214e+02  7.1129e+03  7.0709e+05  4.7712e+02  3.9033e+04  7.8463e+05  7.2911e+02  6.7442e+03  7.8462e+05  7.2912e+02  4.5777e+04  7.8463e+05  7.3088e+02  
350         2.4103e+10  1.9948e+05  7.9769e+05  6.5720e+02  6.7492e+03  7.2129e+05  4.6846e+02  3.7353e+04  7.9934e+05  7.2694e+02  6.4430e+03  7.9933e+05  7.2695e+02  4.3796e+04  7.9934e+05  7.2876e+02  
351         2.4465e+10  1.8991e+05  8.1256e+05  6.5230e+02  6.4043e+03  7.3573e+05  4.5988e+02  3.5745e+04  8.1427e+05  7.2491e+02  6.1552e+03  8.1426e+05  7.2492e+02  4.1901e+04  8.1427e+05  7.2679e+02  
352         2.4834e+10  1.8081e+05  8.2766e+05  6.4744e+02  6.0772e+03  7.5040e+05  4.5137e+02  3.4206e+04  8.2942e+05  7.2302e+02  5.8802e+03  8.2941e+05  7.2302e+02  4.0087e+04  8.2942e+05  7.2496e+02  
353         2.5208e+10  1.7215e+05  8.4298e+05  6.4261e+02  5.7669e+03  7.6531e+05  4.4294e+02  3.2733e+04  8.4480e+05  7.2127e+02  5.6174e+03  8.4478e+05  7.2127e+02  3.8351e+04  8.4480e+05  7.2327e+02  
354         2.5589e+10  1.6390e+05  8.5852e+05  6.3782e+02  5.4727e+03  7.8046e+05  4.3459e+02  3.1323e+04  8.6040e+05  7.1965e+02  5.3664e+03  8.6039e+05  7.1965e+02  3.6690e+04  8.6040e+05  7.2173e+02  
355         2.5977e+10  1.5605e+05  8.7430e+05  6.3305e+02  5.1935e+03  7.9586e+05  4.2631e+02  2.9974e+04  8.7623e+05  7.1817e+02  5.1266e+03  8.7622e+05  7.1817e+02  3.5100e+04  8.7623e+05  7.2032e+02  
356         2.6370e+10  1.4858e+05  8.9030e+05  6.2832e+02  4.9287e+03  8.1151e+05  4.1812e+02  2.8682e+04  8.9230e+05  7.1683e+02  4.8975e+03  8.9229e+05  7.1683e+02  3.3579e+04  8.9230e+05  7.1905e+02  
357         2.6771e+10  1.4147e+05  9.0655e+05  6.2361e+02  4.6775e+03  8.2741e+05  4.1001e+02  2.7445e+04  9.0861e+05  7.1563e+02  4.6786e+03  9.0859e+05  7.1563e+02  3.2124e+04  9.0861e+05  7.1793e+02  
358         2.7178e+10  1.3470e+05  9.2303e+05  6.1892e+02  4.4392e+03  8.4357e+05  4.0199e+02  2.6262e+04  9.2516e+05  7.1457e+02  4.4694e+03  9.2514e+05  7.1457e+02  3.0731e+04  9.2515e+05  7.1694e+02  
359         2.7593e+10  1.2826e+05  9.3975e+05  6.1425e+02  4.2131e+03  8.5999e+05  3.9405e+02  2.5129e+04  9.4195e+05  7.1364e+02  4.2695e+03  9.4194e+05  7.1364e+02  2.9399e+04  9.4195e+05  7.1610e+02  
360         2.8014e+10  1.2212e+05  9.5673e+05  6.0960e+02  3.9986e+03  8.7667e+05  3.8620e+02  2.4045e+04  9.5899e+05  7.1285e+02  4.0786e+03  9.5898e+05  7.1285e+02  2.8123e+04  9.5899e+05  7.1539e+02  
361         2.8442e+10  1.1628e+05  9.7395e+05  6.0497e+02  3.7952e+03  8.9362e+05  3.7843e+02  2.3007e+04  9.7629e+05  7.1219e+02  3.8961e+03  9.7628e+05  7.1219e+02  2.6903e+04  9.7629e+05  7.1483e+02  
362         2.8877e+10  1.1072e+05  9.9143e+05  6.0035e+02  3.6021e+03  9.1084e+05  3.7076e+02  2.2014e+04  9.9385e+05  7.1168e+02  3.7218e+03  9.9383e+05  7.1167e+02  2.5735e+04  9.9384e+05  7.1441e+02  
363         2.9320e+10  1.0543e+05  1.0092e+06  5.9574e+02  3.4189e+03  9.2834e+05  3.6318e+02  2.1063e+04  1.0117e+06  7.1129e+02  3.5553e+03  1.0116e+06  7.1129e+02  2.4618e+04  1.0117e+06  7.1412e+02  
364         2.9771e+10  1.0039e+05  1.0272e+06  5.9114e+02  3.2451e+03  9.4612e+05  3.5569e+02  2.0153e+04  1.0297e+06  7.1105e+02  3.3961e+03  1.0297e+06  7.1104e+02  2.3549e+04  1.0297e+06  7.1398e+02  
365         3.0228e+10  9.5593e+04  1.0454e+06  5.8654e+02  3.0802e+03  9.6418e+05  3.4829e+02  1.9282e+04  1.0481e+06  7.1093e+02  3.2441e+03  1.0481e+06  7.1092e+02  2.2526e+04  1.0481e+06  7.1397e+02  
366         3.0694e+10  9.1025e+04  1.0640e+06  5.8195e+02  2.9237e+03  9.8253e+05  3.4099e+02  1.8448e+04  1.0667e+06  7.1095e+02  3.0988e+03  1.0667e+06  7.1094e+02  2.1547e+04  1.0667e+06  7.1410e+02  
367         3.1167e+10  8.6676e+04  1.0828e+06  5.7736e+02  2.7753e+03  1.0012e+06  3.3378e+02  1.7650e+04  1.0856e+06  7.1111e+02  2.9600e+03  1.0856e+06  7.1109e+02  2.0610e+04  1.0856e+06  7.1437e+02  
368         3.1649e+10  8.2536e+04  1.1019e+06  5.7278e+02  2.6344e+03  1.0201e+06  3.2667e+02  1.6886e+04  1.1048e+06  7.1139e+02  2.8274e+03  1.1048e+06  7.1138e+02  1.9714e+04  1.1048e+06  7.1478e+02  
369         3.2138e+10  7.8593e+04  1.1213e+06  5.6819e+02  2.5007e+03  1.0394e+06  3.1966e+02  1.6155e+04  1.1243e+06  7.1181e+02  2.7007e+03  1.1243e+06  7.1179e+02  1.8856e+04  1.1243e+06  7.1532e+02  
370         3.2636e+10  7.4839e+04  1.1410e+06  5.6359e+02  2.3738e+03  1.0589e+06  3.1274e+02  1.5456e+04  1.1441e+06  7.1236e+02  2.5796e+03  1.1441e+06  7.1234e+02  1.8035e+04  1.1441e+06  7.1600e+02  
371         3.3142e+10  7.1264e+04  1.1609e+06  5.5899e+02  2.2534e+03  1.0788e+06  3.0592e+02  1.4786e+04  1.1642e+06  7.1304e+02  2.4639e+03  1.1641e+06  7.1301e+02  1.7250e+04  1.1642e+06  7.1682e+02  
372         3.3657e+10  6.7861e+04  1.1812e+06  5.5439e+02  2.1391e+03  1.0990e+06  2.9920e+02  1.4145e+04  1.1845e+06  7.1384e+02  2.3534e+03  1.1845e+06  7.1382e+02  1.6499e+04  1.1845e+06  7.1777e+02  
373         3.4180e+10  6.4619e+04  1.2018e+06  5.4977e+02  2.0306e+03  1.1195e+06  2.9258e+02  1.3532e+04  1.2052e+06  7.1478e+02  2.2478e+03  1.2052e+06  7.1475e+02  1.5780e+04  1.2052e+06  7.1886e+02  
374         3.4713e+10  6.1533e+04  1.2227e+06  5.4515e+02  1.9277e+03  1.1403e+06  2.8605e+02  1.2945e+04  1.2262e+06  7.1584e+02  2.1469e+03  1.2262e+06  7.1580e+02  1.5092e+04  1.2262e+06  7.2007e+02  
375         3.5254e+10  5.8594e+04  1.2439e+06  5.4051e+02  1.8300e+03  1.1615e+06  2.7963e+02  1.2383e+04  1.2475e+06  7.1702e+02  2.0505e+03  1.2475e+06  7.1698e+02  1.4434e+04  1.2475e+06  7.2142e+02  
376         3.5804e+10  5.5795e+04  1.2654e+06  5.3586e+02  1.7373e+03  1.1830e+06  2.7331e+02  1.1846e+04  1.2692e+06  7.1833e+02  1.9584e+03  1.2692e+06  7.1828e+02  1.3804e+04  1.2692e+06  7.2290e+02  
377         3.6364e+10  5.3130e+04  1.2872e+06  5.3120e+02  1.6493e+03  1.2048e+06  2.6709e+02  1.1331e+04  1.2912e+06  7.1975e+02  1.8704e+03  1.2911e+06  7.1971e+02  1.3201e+04  1.2912e+06  7.2451e+02  
378         3.6933e+10  5.0593e+04  1.3094e+06  5.2651e+02  1.5658e+03  1.2270e+06  2.6097e+02  1.0839e+04  1.3135e+06  7.2130e+02  1.7864e+03  1.3135e+06  7.2125e+02  1.2625e+04  1.3135e+06  7.2624e+02  
379         3.7511e+10  4.8176e+04  1.3319e+06  5.2182e+02  1.4865e+03  1.2496e+06  2.5494e+02  1.0367e+04  1.3361e+06  7.2297e+02  1.7060e+03  1.3361e+06  7.2291e+02  1.2073e+04  1.3361e+06  7.2811e+02  
380         3.8100e+10  4.5874e+04  1.3548e+06  5.1710e+02  1.4113e+03  1.2725e+06  2.4902e+02  9.9164e+03  1.3591e+06  7.2475e+02  1.6293e+03  1.3591e+06  7.2469e+02  1.1546e+04  1.3591e+06  7.3009e+02  
381         3.8698e+10  4.3683e+04  1.3780e+06  5.1236e+02  1.3398e+03  1.2957e+06  2.4320e+02  9.4848e+03  1.3825e+06  7.2665e+02  1.5560e+03  1.3825e+06  7.2658e+02  1.1041e+04  1.3825e+06  7.3220e+02  
382         3.9306e+10  4.1595e+04  1.4016e+06  5.0761e+02  1.2720e+03  1.3194e+06  2.3748e+02  9.0718e+03  1.4062e+06  7.2865e+02  1.4859e+03  1.4062e+06  7.2858e+02  1.0558e+04  1.4062e+06  7.3443e+02  
383         3.9925e+10  3.9608e+04  1.4255e+06  5.0283e+02  1.2077e+03  1.3434e+06  2.3185e+02  8.6766e+03  1.4303e+06  7.3077e+02  1.4190e+03  1.4303e+06  7.3068e+02  1.0096e+04  1.4303e+06  7.3678e+02  
384         4.0554e+10  3.7715e+04  1.4498e+06  4.9803e+02  1.1466e+03  1.3678e+06  2.2633e+02  8.2984e+03  1.4548e+06  7.3299e+02  1.3551e+03  1.4547e+06  7.3290e+02  9.6535e+03  1.4548e+06  7.3925e+02  
385         4.1194e+10  3.5912e+04  1.4745e+06  4.9321e+02  1.0886e+03  1.3926e+06  2.2090e+02  7.9365e+03  1.4796e+06  7.3532e+02  1.2940e+03  1.4796e+06  7.3521e+02  9.2305e+03  1.4796e+06  7.4183e+02  
386         4.1844e+10  3.4195e+04  1.4995e+06  4.8837e+02  1.0336e+03  1.4178e+06  2.1558e+02  7.5902e+03  1.5048e+06  7.3774e+02  1.2357e+03  1.5048e+06  7.3763e+02  8.8259e+03  1.5048e+06  7.4453e+02  
387         4.2506e+10  3.2560e+04  1.5249e+06  4.8350e+02  9.8129e+02  1.4433e+06  2.1035e+02  7.2589e+03  1.5304e+06  7.4027e+02  1.1799e+03  1.5304e+06  7.4015e+02  8.4388e+03  1.5304e+06  7.4733e+02  
388         4.3178e+10  3.1003e+04  1.5508e+06  4.7862e+02  9.3168e+02  1.4693e+06  2.0521e+02  6.9418e+03  1.5564e+06  7.4289e+02  1.1267e+03  1.5564e+06  7.4276e+02  8.0685e+03  1.5564e+06  7.5024e+02  
389         4.3862e+10  2.9521e+04  1.5770e+06  4.7370e+02  8.8458e+02  1.4957e+06  2.0018e+02  6.6385e+03  1.5829e+06  7.4560e+02  1.0758e+03  1.5828e+06  7.4546e+02  7.7142e+03  1.5829e+06  7.5326e+02  
390         4.4557e+10  2.8109e+04  1.6036e+06  4.6877e+02  8.3987e+02  1.5226e+06  1.9524e+02  6.3482e+03  1.6097e+06  7.4840e+02  1.0272e+03  1.6097e+06  7.4824e+02  7.3754e+03  1.6097e+06  7.5638e+02  
391         4.5265e+10  2.6764e+04  1.6307e+06  4.6381e+02  7.9743e+02  1.5498e+06  1.9039e+02  6.0705e+03  1.6369e+06  7.5129e+02  9.8078e+02  1.6369e+06  7.5112e+02  7.0512e+03  1.6369e+06  7.5960e+02  
392         4.5984e+10  2.5483e+04  1.6582e+06  4.5882e+02  7.5713e+02  1.5775e+06  1.8564e+02  5.8047e+03  1.6646e+06  7.5426e+02  9.3644e+02  1.6646e+06  7.5407e+02  6.7412e+03  1.6646e+06  7.6292e+02  
393         4.6715e+10  2.4263e+04  1.6861e+06  4.5382e+02  7.1887e+02  1.6057e+06  1.8098e+02  5.5505e+03  1.6927e+06  7.5730e+02  8.9409e+02  1.6927e+06  7.5710e+02  6.4446e+03  1.6927e+06  7.6633e+02  
394         4.7458e+10  2.3102e+04  1.7144e+06  4.4879e+02  6.8255e+02  1.6342e+06  1.7641e+02  5.3073e+03  1.7213e+06  7.6042e+02  8.5363e+02  1.7213e+06  7.6020e+02  6.1609e+03  1.7213e+06  7.6983e+02  
395         4.8214e+10  2.1996e+04  1.7432e+06  4.4374e+02  6.4806e+02  1.6633e+06  1.7194e+02  5.0746e+03  1.7503e+06  7.6361e+02  8.1499e+02  1.7503e+06  7.6338e+02  5.8896e+03  1.7503e+06  7.7342e+02  
396         4.8983e+10  2.0942e+04  1.7724e+06  4.3867e+02  6.1532e+02  1.6928e+06  1.6755e+02  4.8519e+03  1.7798e+06  7.6687e+02  7.7807e+02  1.7797e+06  7.6661e+02  5.6300e+03  1.7798e+06  7.7709e+02  
397         4.9765e+10  1.9939e+04  1.8021e+06  4.3358e+02  5.8424e+02  1.7228e+06  1.6325e+02  4.6390e+03  1.8097e+06  7.7019e+02  7.4282e+02  1.8097e+06  7.6991e+02  5.3818e+03  1.8097e+06  7.8084e+02  
398         5.0560e+10  1.8984e+04  1.8322e+06  4.2846e+02  5.5472e+02  1.7532e+06  1.5904e+02  4.4352e+03  1.8401e+06  7.7357e+02  7.0914e+02  1.8401e+06  7.7327e+02  5.1443e+03  1.8401e+06  7.8467e+02  
399         5.1368e+10  1.8074e+04  1.8629e+06  4.2333e+02  5.2672e+02  1.7842e+06  1.5493e+02  4.2404e+03  1.8710e+06  7.7700e+02  6.7699e+02  1.8710e+06  7.7668e+02  4.9174e+03  1.8710e+06  7.8858e+02  
400         5.2190e+10  1.7207e+04  1.8940e+06  4.1818e+02  5.0007e+02  1.8156e+06  1.5089e+02  4.0537e+03  1.9024e+06  7.8048e+02  6.4623e+02  1.9023e+06  7.8013e+02  4.6999e+03  1.9024e+06  7.9255e+02  
401         5.3026e+10  1.6385e+04  1.9256e+06  4.1301e+02  4.7492e+02  1.8476e+06  1.4695e+02  3.8761e+03  1.9343e+06  7.8400e+02  6.1700e+02  1.9342e+06  7.8363e+02  4.4931e+03  1.9343e+06  7.9659e+02  
