I           X1          NDT_H       VX1_H       TMP_H       NDT_HE      VX1_HE      TMP_HE      NDT_H+      VX1_H+      TMP_H+      NDT_HE+     VX1_HE+     TMP_HE+     NDT_ELC     VX1_ELC     TMP_ELC     
2           9.7177e+09  8.8867e+12  -1.7785e+03 1.4973e+03  9.7622e+11  -1.7788e+03 1.4973e+03  6.3022e+07  -1.7785e+03 1.4973e+03  4.4868e+05  -1.7790e+03 1.4973e+03  6.3469e+07  -1.7784e+03 1.4973e+03  
3           9.7216e+09  8.6098e+12  1.5380e+00  1.4906e+03  9.1981e+11  1.1872e+00  1.4906e+03  6.3343e+07  1.5217e+00  1.4906e+03  4.5366e+05  8.5007e-01  1.4906e+03  6.3796e+07  1.6054e+00  1.4906e+03  
4           9.7256e+09  8.3435e+12  2.3661e+01  1.4849e+03  8.6822e+11  2.3293e+01  1.4849e+03  6.4407e+07  2.3639e+01  1.4849e+03  4.6967e+05  2.2868e+01  1.4849e+03  6.4876e+07  2.3518e+01  1.4849e+03  
5           9.7296e+09  8.0839e+12  3.6270e+00  1.4787e+03  8.2044e+11  3.2363e+00  1.4787e+03  6.5828e+07  3.6024e+00  1.4787e+03  4.9148e+05  2.7701e+00  1.4787e+03  6.6319e+07  3.7870e+00  1.4787e+03  
6           9.7337e+09  7.8278e+12  1.9342e+00  1.4725e+03  7.7567e+11  1.5201e+00  1.4725e+03  6.7325e+07  1.9097e+00  1.4725e+03  5.1550e+05  1.0403e+00  1.4725e+03  6.7841e+07  1.8660e+00  1.4725e+03  
7           9.7379e+09  7.5752e+12  1.3481e+00  1.4662e+03  7.3375e+11  9.0913e-01  1.4662e+03  6.8722e+07  1.3252e+00  1.4662e+03  5.3980e+05  4.2971e-01  1.4662e+03  6.9262e+07  1.3488e+00  1.4662e+03  
8           9.7421e+09  7.3261e+12  1.4312e+00  1.4599e+03  6.9454e+11  9.6545e-01  1.4599e+03  6.9914e+07  1.4105e+00  1.4599e+03  5.6348e+05  4.9069e-01  1.4599e+03  7.0478e+07  1.4295e+00  1.4599e+03  
9           9.7463e+09  7.0806e+12  1.4180e+00  1.4535e+03  6.5788e+11  9.2371e-01  1.4535e+03  7.0854e+07  1.3997e+00  1.4535e+03  5.8639e+05  4.5209e-01  1.4535e+03  7.1440e+07  1.4167e+00  1.4535e+03  
10          9.7507e+09  6.8387e+12  1.4535e+00  1.4470e+03  6.2363e+11  9.2881e-01  1.4470e+03  7.1536e+07  1.4376e+00  1.4470e+03  6.0885e+05  4.5584e-01  1.4470e+03  7.2144e+07  1.4545e+00  1.4470e+03  
11          9.7551e+09  6.6006e+12  1.4842e+00  1.4405e+03  5.9164e+11  9.2704e-01  1.4405e+03  7.1984e+07  1.4702e+00  1.4405e+03  6.3142e+05  4.4721e-01  1.4405e+03  7.2616e+07  1.4864e+00  1.4405e+03  
12          9.7595e+09  6.3661e+12  1.5179e+00  1.4339e+03  5.6178e+11  9.2626e-01  1.4339e+03  7.2240e+07  1.5054e+00  1.4339e+03  6.5477e+05  4.3434e-01  1.4339e+03  7.2895e+07  1.5209e+00  1.4339e+03  
13          9.7641e+09  6.1354e+12  1.5520e+00  1.4272e+03  5.3392e+11  9.2367e-01  1.4272e+03  7.2350e+07  1.5405e+00  1.4272e+03  6.7953e+05  4.1549e-01  1.4272e+03  7.3030e+07  1.5551e+00  1.4272e+03  
14          9.7686e+09  5.9086e+12  1.5872e+00  1.4205e+03  5.0791e+11  9.1993e-01  1.4205e+03  7.2364e+07  1.5761e+00  1.4205e+03  7.0626e+05  3.9271e-01  1.4205e+03  7.3070e+07  1.5897e+00  1.4205e+03  
15          9.7733e+09  5.6857e+12  1.6236e+00  1.4137e+03  4.8362e+11  9.1499e-01  1.4137e+03  7.2322e+07  1.6124e+00  1.4137e+03  7.3543e+05  3.6743e-01  1.4137e+03  7.3057e+07  1.6249e+00  1.4137e+03  
16          9.7780e+09  5.4666e+12  1.6614e+00  1.4069e+03  4.6095e+11  9.0905e-01  1.4069e+03  7.2261e+07  1.6497e+00  1.4069e+03  7.6743e+05  3.4117e-01  1.4069e+03  7.3028e+07  1.6609e+00  1.4069e+03  
17          9.7828e+09  5.2516e+12  1.7009e+00  1.3999e+03  4.3975e+11  9.0228e-01  1.3999e+03  7.2206e+07  1.6884e+00  1.3999e+03  8.0256e+05  3.1517e-01  1.3999e+03  7.3009e+07  1.6982e+00  1.3999e+03  
18          9.7877e+09  5.0407e+12  1.7424e+00  1.3929e+03  4.1991e+11  8.9489e-01  1.3929e+03  7.2177e+07  1.7288e+00  1.3929e+03  8.4110e+05  2.9045e-01  1.3929e+03  7.3018e+07  1.7372e+00  1.3929e+03  
19          9.7926e+09  4.8339e+12  1.7863e+00  1.3859e+03  4.0133e+11  8.8718e-01  1.3859e+03  7.2183e+07  1.7715e+00  1.3859e+03  8.8329e+05  2.6787e-01  1.3859e+03  7.3066e+07  1.7783e+00  1.3859e+03  
20          9.7976e+09  4.6313e+12  1.8328e+00  1.3788e+03  3.8390e+11  8.7923e-01  1.3788e+03  7.2230e+07  1.8167e+00  1.3788e+03  9.2939e+05  2.4786e-01  1.3788e+03  7.3159e+07  1.8217e+00  1.3788e+03  
21          9.8027e+09  4.4329e+12  1.8833e+00  1.3716e+03  3.6750e+11  8.7235e-01  1.3716e+03  7.2317e+07  1.8659e+00  1.3716e+03  9.7968e+05  2.3197e-01  1.3716e+03  7.3296e+07  1.8689e+00  1.3716e+03  
22          9.8079e+09  4.2389e+12  1.9341e+00  1.3643e+03  3.5206e+11  8.6256e-01  1.3643e+03  7.2441e+07  1.9153e+00  1.3643e+03  1.0345e+06  2.1642e-01  1.3643e+03  7.3476e+07  1.9161e+00  1.3643e+03  
23          9.8131e+09  4.0492e+12  2.0054e+00  1.3570e+03  3.3746e+11  8.6986e-01  1.3570e+03  7.2598e+07  1.9851e+00  1.3570e+03  1.0941e+06  2.2136e-01  1.3570e+03  7.3692e+07  1.9841e+00  1.3570e+03  
24          9.8184e+09  3.8640e+12  1.9985e+00  1.3496e+03  3.2364e+11  7.9552e-01  1.3496e+03  7.2781e+07  1.9767e+00  1.3496e+03  1.1590e+06  1.4829e-01  1.3496e+03  7.3940e+07  1.9708e+00  1.3496e+03  
25          9.8238e+09  3.6832e+12  2.4348e+00  1.3421e+03  3.1051e+11  1.1606e+00  1.3421e+03  7.2984e+07  2.4116e+00  1.3421e+03  1.2295e+06  5.1850e-01  1.3421e+03  7.4214e+07  2.4094e+00  1.3421e+03  
26          9.8293e+09  3.5070e+12  1.4480e+00  1.3346e+03  2.9799e+11  9.8576e-02  1.3346e+03  7.3200e+07  1.4233e+00  1.3346e+03  1.3061e+06  -5.3433e-01 1.3346e+03  7.4506e+07  1.4114e+00  1.3346e+03  
27          9.8348e+09  3.3355e+12  3.0618e+00  1.3270e+03  2.8602e+11  1.6326e+00  1.3270e+03  7.3422e+07  3.0356e+00  1.3270e+03  1.3894e+06  1.0134e+00  1.3270e+03  7.4811e+07  3.0256e+00  1.3270e+03  
28          9.8404e+09  3.1686e+12  1.9352e+00  1.3193e+03  2.7453e+11  4.2169e-01  1.3193e+03  7.3644e+07  1.9074e+00  1.3193e+03  1.4798e+06  -1.7899e-01 1.3193e+03  7.5124e+07  1.8863e+00  1.3193e+03  
29          9.8461e+09  3.0064e+12  2.5135e+00  1.3116e+03  2.6348e+11  9.1035e-01  1.3116e+03  7.3860e+07  2.4841e+00  1.3116e+03  1.5779e+06  3.3339e-01  1.3116e+03  7.5438e+07  2.4659e+00  1.3116e+03  
30          9.8519e+09  2.8489e+12  2.5169e+00  1.3038e+03  2.5280e+11  8.1850e-01  1.3038e+03  7.4063e+07  2.4858e+00  1.3038e+03  1.6843e+06  2.7095e-01  1.3038e+03  7.5748e+07  2.4607e+00  1.3038e+03  
31          9.8578e+09  2.6963e+12  2.6609e+00  1.2960e+03  2.4246e+11  8.6114e-01  1.2960e+03  7.4249e+07  2.6281e+00  1.2960e+03  1.7995e+06  3.4913e-01  1.2960e+03  7.6048e+07  2.5988e+00  1.2960e+03  
32          9.8638e+09  2.5485e+12  2.7899e+00  1.2880e+03  2.3242e+11  8.8183e-01  1.2880e+03  7.4409e+07  2.7552e+00  1.2880e+03  1.9241e+06  4.1200e-01  1.2880e+03  7.6333e+07  2.7206e+00  1.2880e+03  
33          9.8698e+09  2.4055e+12  2.9408e+00  1.2800e+03  2.2264e+11  9.1704e-01  1.2800e+03  7.4538e+07  2.9042e+00  1.2800e+03  2.0587e+06  4.9660e-01  1.2800e+03  7.6596e+07  2.8640e+00  1.2801e+03  
34          9.8759e+09  2.2674e+12  3.1069e+00  1.2720e+03  2.1310e+11  9.5901e-01  1.2720e+03  7.4628e+07  3.0682e+00  1.2720e+03  2.2040e+06  5.9582e-01  1.2720e+03  7.6832e+07  3.0217e+00  1.2720e+03  
35          9.8822e+09  2.1342e+12  3.2921e+00  1.2639e+03  2.0376e+11  1.0110e+00  1.2639e+03  7.4672e+07  3.2512e+00  1.2639e+03  2.3606e+06  7.1361e-01  1.2639e+03  7.7033e+07  3.1979e+00  1.2639e+03  
36          9.8885e+09  2.0059e+12  3.4982e+00  1.2557e+03  1.9463e+11  1.0736e+00  1.2557e+03  7.4662e+07  3.4550e+00  1.2557e+03  2.5291e+06  8.5145e-01  1.2557e+03  7.7191e+07  3.3941e+00  1.2557e+03  
37          9.8949e+09  1.8825e+12  3.7275e+00  1.2474e+03  1.8567e+11  1.1481e+00  1.2474e+03  7.4589e+07  3.6819e+00  1.2474e+03  2.7099e+06  1.0116e+00  1.2474e+03  7.7299e+07  3.6127e+00  1.2474e+03  
38          9.9014e+09  1.7639e+12  3.9827e+00  1.2391e+03  1.7688e+11  1.2359e+00  1.2391e+03  7.4444e+07  3.9345e+00  1.2391e+03  2.9038e+06  1.1966e+00  1.2391e+03  7.7348e+07  3.8561e+00  1.2391e+03  
39          9.9080e+09  1.6503e+12  4.2666e+00  1.2307e+03  1.6826e+11  1.3382e+00  1.2307e+03  7.4217e+07  4.2157e+00  1.2307e+03  3.1109e+06  1.4090e+00  1.2307e+03  7.7328e+07  4.1271e+00  1.2307e+03  
40          9.9147e+09  1.5414e+12  4.5822e+00  1.2223e+03  1.5981e+11  1.4566e+00  1.2223e+03  7.3898e+07  4.5283e+00  1.2223e+03  3.3316e+06  1.6519e+00  1.2223e+03  7.7230e+07  4.4285e+00  1.2223e+03  
41          9.9215e+09  1.4374e+12  4.9330e+00  1.2138e+03  1.5151e+11  1.5927e+00  1.2138e+03  7.3480e+07  4.8758e+00  1.2138e+03  3.5657e+06  1.9284e+00  1.2138e+03  7.7046e+07  4.7637e+00  1.2138e+03  
42          9.9284e+09  1.3381e+12  5.3227e+00  1.2052e+03  1.4338e+11  1.7480e+00  1.2052e+03  7.2955e+07  5.2618e+00  1.2052e+03  3.8131e+06  2.2418e+00  1.2052e+03  7.6769e+07  5.1361e+00  1.2052e+03  
43          9.9353e+09  1.2435e+12  5.7554e+00  1.1965e+03  1.3543e+11  1.9243e+00  1.1965e+03  7.2323e+07  5.6902e+00  1.1965e+03  4.0732e+06  2.5957e+00  1.1965e+03  7.6396e+07  5.5494e+00  1.1965e+03  
44          9.9424e+09  1.1536e+12  6.2357e+00  1.1878e+03  1.2765e+11  2.1234e+00  1.1878e+03  7.1585e+07  6.1650e+00  1.1878e+03  4.3457e+06  2.9934e+00  1.1878e+03  7.5930e+07  6.0076e+00  1.1878e+03  
45          9.9496e+09  1.0682e+12  6.7683e+00  1.1791e+03  1.2006e+11  2.3472e+00  1.1791e+03  7.0751e+07  6.6906e+00  1.1791e+03  4.6304e+06  3.4382e+00  1.1791e+03  7.5382e+07  6.5149e+00  1.1791e+03  
46          9.9569e+09  9.8734e+11  7.3593e+00  1.1702e+03  1.1267e+11  2.5980e+00  1.1702e+03  6.9843e+07  7.2721e+00  1.1702e+03  4.9282e+06  3.9337e+00  1.1702e+03  7.4771e+07  7.0762e+00  1.1703e+03  
47          9.9643e+09  9.1086e+11  8.0119e+00  1.1614e+03  1.0548e+11  2.8754e+00  1.1614e+03  6.8889e+07  7.9119e+00  1.1614e+03  5.2419e+06  4.4801e+00  1.1614e+03  7.4131e+07  7.6933e+00  1.1614e+03  
48          9.9719e+09  8.3867e+11  8.7478e+00  1.1524e+03  9.8507e+10  3.1961e+00  1.1524e+03  6.7930e+07  8.6300e+00  1.1524e+03  5.5776e+06  5.0947e+00  1.1524e+03  7.3508e+07  8.3859e+00  1.1524e+03  
49          9.9795e+09  7.7068e+11  9.4841e+00  1.1434e+03  9.1762e+10  3.4723e+00  1.1434e+03  6.7015e+07  9.3417e+00  1.1434e+03  5.9460e+06  5.6905e+00  1.1434e+03  7.2961e+07  9.0673e+00  1.1434e+03  
50          9.9872e+09  7.0678e+11  1.0741e+01  1.1343e+03  8.5254e+10  4.2185e+00  1.1343e+03  6.6197e+07  1.0565e+01  1.1343e+03  6.3640e+06  6.7841e+00  1.1343e+03  7.2561e+07  1.0259e+01  1.1343e+03  
51          9.9951e+09  6.4684e+11  1.0626e+01  1.1252e+03  7.8991e+10  3.5349e+00  1.1252e+03  6.5533e+07  1.0405e+01  1.1252e+03  6.8565e+06  6.4809e+00  1.1252e+03  7.2389e+07  1.0056e+01  1.1252e+03  
52          1.0003e+10  5.9074e+11  1.3388e+01  1.1160e+03  7.2983e+10  5.6613e+00  1.1160e+03  6.5071e+07  1.3106e+01  1.1160e+03  7.4565e+06  9.0307e+00  1.1160e+03  7.2527e+07  1.2712e+01  1.1160e+03  
53          1.0011e+10  5.3836e+11  1.3191e+01  1.1068e+03  6.7236e+10  4.7555e+00  1.1068e+03  6.4847e+07  1.2831e+01  1.1068e+03  8.2054e+06  8.6062e+00  1.1068e+03  7.3052e+07  1.2379e+01  1.1068e+03  
54          1.0019e+10  4.8955e+11  1.5117e+01  1.0975e+03  6.1756e+10  5.8874e+00  1.0975e+03  6.4878e+07  1.4659e+01  1.0975e+03  9.1503e+06  1.0299e+01  1.0975e+03  7.4028e+07  1.4145e+01  1.0975e+03  
55          1.0028e+10  4.4418e+11  1.6452e+01  1.0881e+03  5.6547e+10  6.3303e+00  1.0881e+03  6.5155e+07  1.5870e+01  1.0881e+03  1.0341e+07  1.1407e+01  1.0881e+03  7.5497e+07  1.5282e+01  1.0881e+03  
56          1.0036e+10  4.0211e+11  1.8116e+01  1.0787e+03  5.1613e+10  6.9912e+00  1.0787e+03  6.5644e+07  1.7381e+01  1.0787e+03  1.1826e+07  1.2859e+01  1.0787e+03  7.7470e+07  1.6715e+01  1.0787e+03  
57          1.0045e+10  3.6319e+11  1.9920e+01  1.0692e+03  4.6955e+10  7.6653e+00  1.0692e+03  6.6285e+07  1.9000e+01  1.0692e+03  1.3642e+07  1.4468e+01  1.0692e+03  7.9928e+07  1.8250e+01  1.0693e+03  
58          1.0053e+10  3.2727e+11  2.1932e+01  1.0597e+03  4.2574e+10  8.4000e+00  1.0597e+03  6.6998e+07  2.0788e+01  1.0597e+03  1.5814e+07  1.6294e+01  1.0597e+03  8.2813e+07  1.9954e+01  1.0597e+03  
59          1.0062e+10  2.9421e+11  2.4164e+01  1.0502e+03  3.8468e+10  9.1866e+00  1.0502e+03  6.7693e+07  2.2752e+01  1.0502e+03  1.8346e+07  1.8336e+01  1.0502e+03  8.6039e+07  2.1834e+01  1.0502e+03  
60          1.0071e+10  2.6385e+11  2.6645e+01  1.0405e+03  3.4634e+10  1.0029e+01  1.0405e+03  6.8278e+07  2.4912e+01  1.0405e+03  2.1218e+07  2.0604e+01  1.0405e+03  8.9495e+07  2.3914e+01  1.0406e+03  
61          1.0080e+10  2.3605e+11  2.9411e+01  1.0309e+03  3.1067e+10  1.0931e+01  1.0309e+03  6.8673e+07  2.7292e+01  1.0309e+03  2.4386e+07  2.3108e+01  1.0309e+03  9.3059e+07  2.6219e+01  1.0309e+03  
62          1.0089e+10  2.1066e+11  3.2486e+01  1.0211e+03  2.7763e+10  1.1883e+01  1.0211e+03  6.8818e+07  2.9906e+01  1.0211e+03  2.7786e+07  2.5853e+01  1.0211e+03  9.6605e+07  2.8763e+01  1.0212e+03  
63          1.0099e+10  1.8753e+11  3.6092e+01  1.0114e+03  2.4714e+10  1.3065e+01  1.0114e+03  6.8682e+07  3.2959e+01  1.0114e+03  3.1340e+07  2.9036e+01  1.0114e+03  1.0002e+08  3.1753e+01  1.0114e+03  
64          1.0108e+10  1.6652e+11  3.9497e+01  1.0016e+03  2.1912e+10  1.3696e+01  1.0016e+03  6.8265e+07  3.5699e+01  1.0016e+03  3.4960e+07  3.1901e+01  1.0016e+03  1.0323e+08  3.4436e+01  1.0016e+03  
65          1.0118e+10  1.4749e+11  4.7491e+01  9.9169e+02  1.9349e+10  1.8502e+01  9.9169e+02  6.7601e+07  4.2896e+01  9.9169e+02  3.8558e+07  3.9215e+01  9.9169e+02  1.0616e+08  4.1584e+01  9.9171e+02  
66          1.0128e+10  1.3031e+11  8.3875e+01  9.8178e+02  1.7018e+10  5.1235e+01  9.8178e+02  6.6754e+07  7.8328e+01  9.8178e+02  4.2047e+07  7.4760e+01  9.8178e+02  1.0880e+08  7.6972e+01  9.8180e+02  
67          1.0137e+10  1.1474e+11  8.6785e+01  9.7248e+02  1.4883e+10  5.0085e+01  9.7248e+02  6.5779e+07  8.0111e+01  9.7248e+02  4.5305e+07  7.6656e+01  9.7248e+02  1.1108e+08  7.8725e+01  9.7252e+02  
68          1.0147e+10  1.0051e+11  4.8895e+01  9.6640e+02  1.2894e+10  7.7151e+00  9.6640e+02  6.4709e+07  4.0894e+01  9.6640e+02  4.8151e+07  3.7542e+01  9.6640e+02  1.1286e+08  3.9489e+01  9.6645e+02  
69          1.0158e+10  8.7435e+10  3.6004e+01  9.6573e+02  1.1027e+10  -1.0248e+01 9.6573e+02  6.3609e+07  2.6442e+01  9.6574e+02  5.0440e+07  2.3167e+01  9.6574e+02  1.1405e+08  2.5016e+01  9.6579e+02  
70          1.0168e+10  7.5477e+10  2.6180e+01  9.7261e+02  9.2910e+09  -2.5841e+01 9.7261e+02  6.2574e+07  1.4813e+01  9.7262e+02  5.2072e+07  1.1581e+01  9.7262e+02  1.1465e+08  1.3368e+01  9.7266e+02  
71          1.0178e+10  6.4633e+10  3.1205e+01  9.8895e+02  7.7011e+09  -2.7350e+01 9.8895e+02  6.1685e+07  1.7798e+01  9.8896e+02  5.2968e+07  1.4576e+01  9.8897e+02  1.1465e+08  1.6333e+01  9.8901e+02  
72          1.0189e+10  5.4921e+10  4.7700e+01  1.0167e+03  6.2756e+09  -1.8113e+01 1.0167e+03  6.1001e+07  3.2061e+01  1.0167e+03  5.3075e+07  2.8815e+01  1.0167e+03  1.1408e+08  3.0574e+01  1.0167e+03  
73          1.0200e+10  4.6346e+10  7.7543e+01  1.0577e+03  5.0271e+09  3.9573e+00  1.0577e+03  6.0540e+07  5.9553e+01  1.0577e+03  5.2366e+07  5.6254e+01  1.0577e+03  1.1291e+08  5.8046e+01  1.0577e+03  
74          1.0211e+10  3.8889e+10  1.1917e+02  1.1139e+03  3.9597e+09  3.7791e+01  1.1139e+03  6.0293e+07  9.8818e+01  1.1139e+03  5.0848e+07  9.5445e+01  1.1139e+03  1.1114e+08  9.7298e+01  1.1140e+03  
75          1.0222e+10  3.2502e+10  1.7112e+02  1.1873e+03  3.0683e+09  8.2829e+01  1.1873e+03  6.0223e+07  1.4851e+02  1.1873e+03  4.8567e+07  1.4505e+02  1.1873e+03  1.0879e+08  1.4699e+02  1.1874e+03  
76          1.0233e+10  2.7104e+10  2.3068e+02  1.2798e+03  2.3401e+09  1.3788e+02  1.2798e+03  6.0282e+07  2.0603e+02  1.2798e+03  4.5611e+07  2.0251e+02  1.2798e+03  1.0589e+08  2.0454e+02  1.2798e+03  
77          1.0245e+10  2.2598e+10  2.9484e+02  1.3930e+03  1.7574e+09  2.0226e+02  1.3930e+03  6.0421e+07  2.6844e+02  1.3930e+03  4.2107e+07  2.6492e+02  1.3930e+03  1.0253e+08  2.6702e+02  1.3931e+03  
78          1.0256e+10  1.8873e+10  3.6036e+02  1.5283e+03  1.2999e+09  2.7604e+02  1.5283e+03  6.0595e+07  3.3255e+02  1.5283e+03  3.8207e+07  3.2913e+02  1.5283e+03  9.8802e+07  3.3125e+02  1.5284e+03  
79          1.0268e+10  1.5817e+10  4.2444e+02  1.6866e+03  9.4734e+08  3.6080e+02  1.6865e+03  6.0767e+07  3.9548e+02  1.6866e+03  3.4078e+07  3.9235e+02  1.6866e+03  9.4845e+07  3.9438e+02  1.6866e+03  
80          1.0280e+10  1.3323e+10  4.8486e+02  1.8677e+03  6.8033e+08  4.5951e+02  1.8677e+03  6.0909e+07  4.5487e+02  1.8678e+03  2.9885e+07  4.5231e+02  1.8678e+03  9.0794e+07  4.5405e+02  1.8678e+03  
81          1.0292e+10  1.1293e+10  5.4029e+02  2.0710e+03  4.8174e+08  5.7623e+02  2.0710e+03  6.0996e+07  5.0923e+02  2.0710e+03  2.5781e+07  5.0759e+02  2.0710e+03  8.6777e+07  5.0876e+02  2.0710e+03  
82          1.0304e+10  9.6443e+09  5.9032e+02  2.2943e+03  3.3677e+08  7.1465e+02  2.2943e+03  6.1012e+07  5.5799e+02  2.2943e+03  2.1894e+07  5.5769e+02  2.2943e+03  8.2906e+07  5.5794e+02  2.2944e+03  
83          1.0317e+10  8.3031e+09  6.3539e+02  2.5348e+03  2.3300e+08  8.7544e+02  2.5348e+03  6.0946e+07  6.0152e+02  2.5348e+03  1.8325e+07  6.0302e+02  2.5348e+03  7.9271e+07  6.0189e+02  2.5349e+03  
84          1.0330e+10  7.2102e+09  6.7653e+02  2.7886e+03  1.6025e+08  1.0522e+03  2.7886e+03  6.0792e+07  6.4088e+02  2.7886e+03  1.5142e+07  6.4461e+02  2.7886e+03  7.5933e+07  6.4165e+02  2.7887e+03  
85          1.0342e+10  6.3169e+09  7.1507e+02  3.0513e+03  1.1032e+08  1.2269e+03  3.0513e+03  6.0549e+07  6.7752e+02  3.0513e+03  1.2382e+07  6.8383e+02  3.0513e+03  7.2930e+07  6.7861e+02  3.0514e+03  
86          1.0356e+10  5.5840e+09  7.5224e+02  3.3180e+03  7.6778e+07  1.3666e+03  3.3180e+03  6.0222e+07  7.1283e+02  3.3180e+03  1.0054e+07  7.2186e+02  3.3180e+03  7.0275e+07  7.1414e+02  3.3181e+03  
87          1.0369e+10  4.9801e+09  7.8904e+02  3.5840e+03  5.4703e+07  1.4273e+03  3.5840e+03  5.9819e+07  7.4799e+02  3.5840e+03  8.1435e+06  7.5950e+02  3.5840e+03  6.7962e+07  7.4939e+02  3.5841e+03  
88          1.0382e+10  4.4799e+09  8.2585e+02  3.8448e+03  4.0440e+07  1.3696e+03  3.8448e+03  5.9352e+07  7.8347e+02  3.8448e+03  6.6195e+06  7.9669e+02  3.8448e+03  6.5972e+07  7.8482e+02  3.8449e+03  
89          1.0396e+10  4.0633e+09  8.6294e+02  4.0966e+03  3.1363e+07  1.1844e+03  4.0967e+03  5.8834e+07  8.1964e+02  4.0966e+03  5.4387e+06  8.3308e+02  4.0966e+03  6.4273e+07  8.2079e+02  4.0967e+03  
90          1.0410e+10  3.7143e+09  9.0024e+02  4.3364e+03  2.5629e+07  9.0510e+02  4.3365e+03  5.8279e+07  8.5643e+02  4.3364e+03  4.5523e+06  8.6791e+02  4.3364e+03  6.2831e+07  8.5728e+02  4.3365e+03  
91          1.0424e+10  3.4198e+09  9.3754e+02  4.5621e+03  2.2006e+07  5.9274e+02  4.5622e+03  5.7697e+07  8.9361e+02  4.5621e+03  3.9104e+06  9.0055e+02  4.5621e+03  6.1608e+07  8.9407e+02  4.5622e+03  
92          1.0438e+10  3.1696e+09  9.7484e+02  4.7723e+03  1.9686e+07  3.0459e+02  4.7724e+03  5.7102e+07  9.3112e+02  4.7723e+03  3.4654e+06  9.3112e+02  4.7723e+03  6.0567e+07  9.3114e+02  4.7724e+03  
93          1.0452e+10  2.9551e+09  1.0122e+03  4.9666e+03  1.8159e+07  7.2757e+01  4.9666e+03  5.6501e+07  9.6891e+02  4.9666e+03  3.1741e+06  9.6038e+02  4.9666e+03  5.9676e+07  9.6848e+02  4.9667e+03  
94          1.0467e+10  2.7698e+09  1.0496e+03  5.1450e+03  1.7110e+07  -9.6268e+01 5.1451e+03  5.5905e+07  1.0070e+03  5.1451e+03  2.9991e+06  9.8957e+02  5.1451e+03  5.8904e+07  1.0061e+03  5.1452e+03  
95          1.0482e+10  2.6081e+09  1.0873e+03  5.3084e+03  1.6349e+07  -2.1100e+02 5.3085e+03  5.5318e+07  1.0455e+03  5.3084e+03  2.9091e+06  1.0199e+03  5.3084e+03  5.8227e+07  1.0442e+03  5.3085e+03  
96          1.0497e+10  2.4657e+09  1.1254e+03  5.4577e+03  1.5764e+07  -2.8477e+02 5.4577e+03  5.4747e+07  1.0844e+03  5.4577e+03  2.8787e+06  1.0520e+03  5.4577e+03  5.7626e+07  1.0828e+03  5.4578e+03  
97          1.0512e+10  2.3392e+09  1.1641e+03  5.5941e+03  1.5286e+07  -3.3007e+02 5.5942e+03  5.4196e+07  1.1238e+03  5.5941e+03  2.8881e+06  1.0864e+03  5.5941e+03  5.7084e+07  1.1220e+03  5.5942e+03  
98          1.0528e+10  2.2257e+09  1.2034e+03  5.7190e+03  1.4878e+07  -3.5650e+02 5.7190e+03  5.3666e+07  1.1639e+03  5.7190e+03  2.9223e+06  1.1230e+03  5.7190e+03  5.6588e+07  1.1618e+03  5.7191e+03  
99          1.0543e+10  2.1230e+09  1.2435e+03  5.8337e+03  1.4515e+07  -3.7071e+02 5.8337e+03  5.3159e+07  1.2045e+03  5.8337e+03  2.9701e+06  1.1616e+03  5.8337e+03  5.6129e+07  1.2023e+03  5.8338e+03  
100         1.0559e+10  2.0292e+09  1.2844e+03  5.9394e+03  1.4184e+07  -3.7703e+02 5.9395e+03  5.2677e+07  1.2459e+03  5.9394e+03  3.0236e+06  1.2018e+03  5.9394e+03  5.5700e+07  1.2435e+03  5.9396e+03  
101         1.0576e+10  1.9430e+09  1.3262e+03  6.0375e+03  1.3873e+07  -3.7815e+02 6.0375e+03  5.2219e+07  1.2880e+03  6.0375e+03  3.0775e+06  1.2435e+03  6.0375e+03  5.5296e+07  1.2855e+03  6.0376e+03  
102         1.0592e+10  1.8632e+09  1.3689e+03  6.1289e+03  1.3579e+07  -3.7571e+02 6.1289e+03  5.1785e+07  1.3308e+03  6.1289e+03  3.1282e+06  1.2864e+03  6.1289e+03  5.4913e+07  1.3283e+03  6.1291e+03  
103         1.0609e+10  1.7888e+09  1.4127e+03  6.2147e+03  1.3295e+07  -3.7087e+02 6.2147e+03  5.1373e+07  1.3745e+03  6.2147e+03  3.1738e+06  1.3305e+03  6.2147e+03  5.4547e+07  1.3720e+03  6.2148e+03  
104         1.0626e+10  1.7192e+09  1.4575e+03  6.2956e+03  1.3020e+07  -3.6428e+02 6.2956e+03  5.0984e+07  1.4192e+03  6.2956e+03  3.2131e+06  1.3756e+03  6.2956e+03  5.4197e+07  1.4166e+03  6.2957e+03  
105         1.0643e+10  1.6536e+09  1.5033e+03  6.3724e+03  1.2751e+07  -3.5634e+02 6.3724e+03  5.0615e+07  1.4647e+03  6.3724e+03  3.2458e+06  1.4217e+03  6.3724e+03  5.3860e+07  1.4622e+03  6.3725e+03  
106         1.0660e+10  1.5916e+09  1.5503e+03  6.4457e+03  1.2486e+07  -3.4737e+02 6.4457e+03  5.0265e+07  1.5113e+03  6.4457e+03  3.2719e+06  1.4687e+03  6.4457e+03  5.3537e+07  1.5087e+03  6.4458e+03  
107         1.0678e+10  1.5328e+09  1.5984e+03  6.5160e+03  1.2226e+07  -3.3761e+02 6.5160e+03  4.9933e+07  1.5588e+03  6.5160e+03  3.2918e+06  1.5168e+03  6.5160e+03  5.3225e+07  1.5563e+03  6.5161e+03  
108         1.0696e+10  1.4769e+09  1.6476e+03  6.5836e+03  1.1968e+07  -3.2723e+02 6.5836e+03  4.9618e+07  1.6075e+03  6.5836e+03  3.3058e+06  1.5658e+03  6.5836e+03  5.2924e+07  1.6049e+03  6.5838e+03  
109         1.0714e+10  1.4235e+09  1.6981e+03  6.6490e+03  1.1712e+07  -3.1636e+02 6.6490e+03  4.9319e+07  1.6573e+03  6.6490e+03  3.3146e+06  1.6160e+03  6.6490e+03  5.2633e+07  1.6547e+03  6.6492e+03  
110         1.0732e+10  1.3726e+09  1.7498e+03  6.7124e+03  1.1459e+07  -3.0514e+02 6.7124e+03  4.9034e+07  1.7082e+03  6.7124e+03  3.3185e+06  1.6672e+03  6.7124e+03  5.2353e+07  1.7056e+03  6.7125e+03  
111         1.0751e+10  1.3238e+09  1.8027e+03  6.7740e+03  1.1207e+07  -2.9363e+02 6.7740e+03  4.8763e+07  1.7603e+03  6.7740e+03  3.3182e+06  1.7195e+03  6.7740e+03  5.2081e+07  1.7577e+03  6.7742e+03  
112         1.0770e+10  1.2771e+09  1.8569e+03  6.8340e+03  1.0958e+07  -2.8190e+02 6.8340e+03  4.8505e+07  1.8136e+03  6.8340e+03  3.3139e+06  1.7731e+03  6.8340e+03  5.1819e+07  1.8111e+03  6.8341e+03  
113         1.0789e+10  1.2323e+09  1.9124e+03  6.8925e+03  1.0711e+07  -2.7001e+02 6.8925e+03  4.8259e+07  1.8682e+03  6.8925e+03  3.3062e+06  1.8279e+03  6.8925e+03  5.1565e+07  1.8657e+03  6.8926e+03  
114         1.0809e+10  1.1892e+09  1.9692e+03  6.9496e+03  1.0466e+07  -2.5798e+02 6.9496e+03  4.8025e+07  1.9241e+03  6.9496e+03  3.2953e+06  1.8839e+03  6.9496e+03  5.1320e+07  1.9216e+03  6.9497e+03  
115         1.0829e+10  1.1478e+09  2.0274e+03  7.0053e+03  1.0223e+07  -2.4584e+02 7.0053e+03  4.7801e+07  1.9814e+03  7.0053e+03  3.2816e+06  1.9413e+03  7.0053e+03  5.1083e+07  1.9788e+03  7.0055e+03  
116         1.0849e+10  1.1080e+09  2.0870e+03  7.0598e+03  9.9827e+06  -2.3359e+02 7.0598e+03  4.7587e+07  2.0400e+03  7.0598e+03  3.2653e+06  2.0000e+03  7.0598e+03  5.0853e+07  2.0374e+03  7.0599e+03  
117         1.0869e+10  1.0697e+09  2.1480e+03  7.1130e+03  9.7452e+06  -2.2125e+02 7.1130e+03  4.7383e+07  2.1000e+03  7.1130e+03  3.2466e+06  2.0602e+03  7.1130e+03  5.0629e+07  2.0975e+03  7.1131e+03  
118         1.0890e+10  1.0328e+09  2.2105e+03  7.1649e+03  9.5106e+06  -2.0879e+02 7.1650e+03  4.7187e+07  2.1615e+03  7.1650e+03  3.2258e+06  2.1217e+03  7.1650e+03  5.0413e+07  2.1589e+03  7.1651e+03  
119         1.0911e+10  9.9723e+08  2.2744e+03  7.2157e+03  9.2789e+06  -1.9623e+02 7.2157e+03  4.6999e+07  2.2244e+03  7.2157e+03  3.2029e+06  2.1848e+03  7.2157e+03  5.0202e+07  2.2219e+03  7.2158e+03  
120         1.0933e+10  9.6299e+08  2.3398e+03  7.2651e+03  9.0504e+06  -1.8353e+02 7.2652e+03  4.6818e+07  2.2889e+03  7.2652e+03  3.1782e+06  2.2494e+03  7.2652e+03  4.9997e+07  2.2864e+03  7.2653e+03  
121         1.0954e+10  9.2999e+08  2.4067e+03  7.3134e+03  8.8251e+06  -1.7069e+02 7.3134e+03  4.6644e+07  2.3549e+03  7.3134e+03  3.1517e+06  2.3155e+03  7.3134e+03  4.9796e+07  2.3524e+03  7.3135e+03  
122         1.0976e+10  8.9817e+08  2.4752e+03  7.3603e+03  8.6032e+06  -1.5770e+02 7.3604e+03  4.6475e+07  2.4225e+03  7.3604e+03  3.1236e+06  2.3832e+03  7.3604e+03  4.9598e+07  2.4200e+03  7.3605e+03  
123         1.0998e+10  8.6749e+08  2.5453e+03  7.4060e+03  8.3846e+06  -1.4452e+02 7.4061e+03  4.6310e+07  2.4917e+03  7.4061e+03  3.0941e+06  2.4526e+03  7.4061e+03  4.9404e+07  2.4893e+03  7.4062e+03  
124         1.1021e+10  8.3790e+08  2.6171e+03  7.4505e+03  8.1696e+06  -1.3115e+02 7.4505e+03  4.6148e+07  2.5627e+03  7.4505e+03  3.0632e+06  2.5236e+03  7.4505e+03  4.9212e+07  2.5603e+03  7.4506e+03  
125         1.1044e+10  8.0935e+08  2.6904e+03  7.4936e+03  7.9580e+06  -1.1757e+02 7.4936e+03  4.5989e+07  2.6353e+03  7.4936e+03  3.0310e+06  2.5964e+03  7.4936e+03  4.9020e+07  2.6329e+03  7.4937e+03  
126         1.1067e+10  7.8181e+08  2.7656e+03  7.5354e+03  7.7500e+06  -1.0373e+02 7.5354e+03  4.5831e+07  2.7097e+03  7.5354e+03  2.9977e+06  2.6709e+03  7.5354e+03  4.8829e+07  2.7074e+03  7.5355e+03  
127         1.1091e+10  7.5523e+08  2.8424e+03  7.5759e+03  7.5455e+06  -8.9552e+01 7.5759e+03  4.5674e+07  2.7859e+03  7.5759e+03  2.9633e+06  2.7473e+03  7.5759e+03  4.8637e+07  2.7836e+03  7.5760e+03  
128         1.1115e+10  7.2958e+08  2.9210e+03  7.6150e+03  7.3446e+06  -7.5208e+01 7.6151e+03  4.5515e+07  2.8640e+03  7.6151e+03  2.9280e+06  2.8255e+03  7.6151e+03  4.8443e+07  2.8617e+03  7.6152e+03  
129         1.1139e+10  7.0481e+08  3.0014e+03  7.6529e+03  7.1472e+06  -6.0624e+01 7.6529e+03  4.5354e+07  2.9439e+03  7.6529e+03  2.8918e+06  2.9055e+03  7.6529e+03  4.8246e+07  2.9416e+03  7.6530e+03  
130         1.1164e+10  6.8090e+08  3.0838e+03  7.6894e+03  6.9533e+06  -4.5762e+01 7.6894e+03  4.5190e+07  3.0258e+03  7.6894e+03  2.8548e+06  2.9876e+03  7.6894e+03  4.8044e+07  3.0236e+03  7.6895e+03  
131         1.1189e+10  6.5781e+08  3.1680e+03  7.7245e+03  6.7630e+06  -3.0616e+01 7.7246e+03  4.5021e+07  3.1097e+03  7.7245e+03  2.8172e+06  3.0716e+03  7.7245e+03  4.7838e+07  3.1075e+03  7.7246e+03  
132         1.1214e+10  6.3550e+08  3.2542e+03  7.7583e+03  6.5762e+06  -1.5171e+01 7.7584e+03  4.4847e+07  3.1957e+03  7.7583e+03  2.7790e+06  3.1577e+03  7.7583e+03  4.7626e+07  3.1935e+03  7.7585e+03  
133         1.1240e+10  6.1396e+08  3.3425e+03  7.7908e+03  6.3928e+06  5.7872e-01  7.7909e+03  4.4666e+07  3.2838e+03  7.7909e+03  2.7403e+06  3.2459e+03  7.7909e+03  4.7407e+07  3.2816e+03  7.7910e+03  
134         1.1266e+10  5.9315e+08  3.4328e+03  7.8220e+03  6.2129e+06  1.6642e+01  7.8221e+03  4.4479e+07  3.3740e+03  7.8221e+03  2.7012e+06  3.3362e+03  7.8221e+03  4.7180e+07  3.3718e+03  7.8222e+03  
135         1.1293e+10  5.7304e+08  3.5253e+03  7.8519e+03  6.0364e+06  3.3023e+01  7.8520e+03  4.4283e+07  3.4664e+03  7.8520e+03  2.6617e+06  3.4287e+03  7.8520e+03  4.6944e+07  3.4643e+03  7.8521e+03  
136         1.1320e+10  5.5361e+08  3.6199e+03  7.8806e+03  5.8632e+06  4.9727e+01  7.8806e+03  4.4078e+07  3.5611e+03  7.8806e+03  2.6220e+06  3.5235e+03  7.8806e+03  4.6700e+07  3.5590e+03  7.8807e+03  
137         1.1347e+10  5.3483e+08  3.7169e+03  7.9080e+03  5.6934e+06  6.6755e+01  7.9080e+03  4.3863e+07  3.6582e+03  7.9080e+03  2.5820e+06  3.6206e+03  7.9080e+03  4.6445e+07  3.6561e+03  7.9081e+03  
138         1.1375e+10  5.1668e+08  3.8161e+03  7.9341e+03  5.5269e+06  8.4110e+01  7.9342e+03  4.3638e+07  3.7577e+03  7.9341e+03  2.5420e+06  3.7202e+03  7.9341e+03  4.6180e+07  3.7556e+03  7.9342e+03  
139         1.1403e+10  4.9913e+08  3.9178e+03  7.9590e+03  5.3637e+06  1.0179e+02  7.9591e+03  4.3402e+07  3.8596e+03  7.9590e+03  2.5018e+06  3.8221e+03  7.9591e+03  4.5904e+07  3.8576e+03  7.9591e+03  
140         1.1431e+10  4.8217e+08  4.0220e+03  7.9828e+03  5.2037e+06  1.1980e+02  7.9829e+03  4.3155e+07  3.9641e+03  7.9828e+03  2.4616e+06  3.9267e+03  7.9828e+03  4.5616e+07  3.9621e+03  7.9829e+03  
141         1.1460e+10  4.6576e+08  4.1287e+03  8.0054e+03  5.0470e+06  1.3814e+02  8.0055e+03  4.2896e+07  4.0711e+03  8.0054e+03  2.4214e+06  4.0338e+03  8.0054e+03  4.5318e+07  4.0692e+03  8.0055e+03  
142         1.1489e+10  4.4989e+08  4.2380e+03  8.0268e+03  4.8934e+06  1.5680e+02  8.0269e+03  4.2626e+07  4.1809e+03  8.0268e+03  2.3813e+06  4.1436e+03  8.0269e+03  4.5007e+07  4.1789e+03  8.0269e+03  
143         1.1519e+10  4.3455e+08  4.3501e+03  8.0472e+03  4.7430e+06  1.7578e+02  8.0473e+03  4.2343e+07  4.2934e+03  8.0472e+03  2.3413e+06  4.2561e+03  8.0472e+03  4.4685e+07  4.2915e+03  8.0473e+03  
144         1.1549e+10  4.1971e+08  4.4649e+03  8.0665e+03  4.5958e+06  1.9508e+02  8.0666e+03  4.2049e+07  4.4088e+03  8.0665e+03  2.3014e+06  4.3715e+03  8.0665e+03  4.4350e+07  4.4069e+03  8.0666e+03  
145         1.1580e+10  4.0535e+08  4.5827e+03  8.0847e+03  4.4516e+06  2.1469e+02  8.0848e+03  4.1743e+07  4.5271e+03  8.0847e+03  2.2616e+06  4.4898e+03  8.0847e+03  4.4004e+07  4.5252e+03  8.0848e+03  
146         1.1611e+10  3.9146e+08  4.7034e+03  8.1019e+03  4.3106e+06  2.3462e+02  8.1020e+03  4.1425e+07  4.6485e+03  8.1019e+03  2.2221e+06  4.6111e+03  8.1019e+03  4.3647e+07  4.6466e+03  8.1020e+03  
147         1.1643e+10  3.7803e+08  4.8273e+03  8.1182e+03  4.1727e+06  2.5485e+02  8.1183e+03  4.1095e+07  4.7729e+03  8.1182e+03  2.1827e+06  4.7356e+03  8.1182e+03  4.3278e+07  4.7711e+03  8.1183e+03  
148         1.1675e+10  3.6502e+08  4.9543e+03  8.1334e+03  4.0378e+06  2.7537e+02  8.1335e+03  4.0754e+07  4.9006e+03  8.1334e+03  2.1436e+06  4.8632e+03  8.1334e+03  4.2898e+07  4.8987e+03  8.1335e+03  
149         1.1707e+10  3.5244e+08  5.0845e+03  8.1477e+03  3.9059e+06  2.9620e+02  8.1479e+03  4.0402e+07  5.0315e+03  8.1478e+03  2.1048e+06  4.9941e+03  8.1478e+03  4.2507e+07  5.0297e+03  8.1479e+03  
150         1.1740e+10  3.4027e+08  5.2182e+03  8.1612e+03  3.7771e+06  3.1731e+02  8.1613e+03  4.0039e+07  5.1659e+03  8.1612e+03  2.0662e+06  5.1284e+03  8.1612e+03  4.2105e+07  5.1641e+03  8.1613e+03  
151         1.1774e+10  3.2849e+08  5.3553e+03  8.1737e+03  3.6513e+06  3.3873e+02  8.1738e+03  3.9666e+07  5.3038e+03  8.1737e+03  2.0279e+06  5.2662e+03  8.1737e+03  4.1693e+07  5.3020e+03  8.1738e+03  
152         1.1808e+10  3.1709e+08  5.4960e+03  8.1853e+03  3.5284e+06  3.6055e+02  8.1855e+03  3.9282e+07  5.4452e+03  8.1853e+03  1.9899e+06  5.4076e+03  8.1853e+03  4.1272e+07  5.4434e+03  8.1854e+03  
153         1.1842e+10  3.0606e+08  5.6405e+03  8.1961e+03  3.4086e+06  3.8251e+02  8.1963e+03  3.8889e+07  5.5904e+03  8.1961e+03  1.9522e+06  5.5527e+03  8.1961e+03  4.0842e+07  5.5886e+03  8.1962e+03  
154         1.1877e+10  2.9539e+08  5.7887e+03  8.2061e+03  3.2916e+06  4.0470e+02  8.2062e+03  3.8487e+07  5.7394e+03  8.2061e+03  1.9148e+06  5.7017e+03  8.2061e+03  4.0402e+07  5.7377e+03  8.2062e+03  
155         1.1912e+10  2.8506e+08  5.9409e+03  8.2152e+03  3.1776e+06  4.2713e+02  8.2154e+03  3.8077e+07  5.8924e+03  8.2152e+03  1.8778e+06  5.8545e+03  8.2152e+03  3.9955e+07  5.8906e+03  8.2153e+03  
156         1.1948e+10  2.7507e+08  6.0971e+03  8.2235e+03  3.0665e+06  4.4978e+02  8.2237e+03  3.7658e+07  6.0494e+03  8.2235e+03  1.8411e+06  6.0115e+03  8.2235e+03  3.9499e+07  6.0477e+03  8.2236e+03  
157         1.1985e+10  2.6540e+08  6.2575e+03  8.2311e+03  2.9583e+06  4.7265e+02  8.2313e+03  3.7232e+07  6.2106e+03  8.2311e+03  1.8047e+06  6.1726e+03  8.2311e+03  3.9037e+07  6.2089e+03  8.2312e+03  
158         1.2022e+10  2.5604e+08  6.4222e+03  8.2378e+03  2.8529e+06  4.9571e+02  8.2380e+03  3.6799e+07  6.3761e+03  8.2378e+03  1.7687e+06  6.3380e+03  8.2378e+03  3.8568e+07  6.3744e+03  8.2379e+03  
159         1.2059e+10  2.4699e+08  6.5913e+03  8.2438e+03  2.7503e+06  5.1895e+02  8.2440e+03  3.6359e+07  6.5460e+03  8.2438e+03  1.7331e+06  6.5078e+03  8.2438e+03  3.8093e+07  6.5443e+03  8.2439e+03  
160         1.2097e+10  2.3823e+08  6.7649e+03  8.2490e+03  2.6506e+06  5.4235e+02  8.2493e+03  3.5914e+07  6.7205e+03  8.2491e+03  1.6979e+06  6.6821e+03  8.2491e+03  3.7612e+07  6.7188e+03  8.2492e+03  
161         1.2136e+10  2.2975e+08  6.9432e+03  8.2535e+03  2.5536e+06  5.6590e+02  8.2538e+03  3.5463e+07  6.8997e+03  8.2535e+03  1.6630e+06  6.8612e+03  8.2535e+03  3.7126e+07  6.8980e+03  8.2536e+03  
162         1.2175e+10  2.2155e+08  7.1263e+03  8.2573e+03  2.4594e+06  5.8958e+02  8.2575e+03  3.5006e+07  7.0836e+03  8.2573e+03  1.6285e+06  7.0450e+03  8.2573e+03  3.6635e+07  7.0819e+03  8.2574e+03  
163         1.2215e+10  2.1362e+08  7.3143e+03  8.2602e+03  2.3678e+06  6.1335e+02  8.2605e+03  3.4546e+07  7.2725e+03  8.2603e+03  1.5945e+06  7.2338e+03  8.2603e+03  3.6140e+07  7.2708e+03  8.2603e+03  
164         1.2256e+10  2.0596e+08  7.5074e+03  8.2625e+03  2.2790e+06  6.3720e+02  8.2628e+03  3.4081e+07  7.4665e+03  8.2625e+03  1.5608e+06  7.4277e+03  8.2625e+03  3.5642e+07  7.4648e+03  8.2626e+03  
165         1.2297e+10  1.9854e+08  7.7057e+03  8.2640e+03  2.1927e+06  6.6109e+02  8.2643e+03  3.3613e+07  7.6657e+03  8.2640e+03  1.5275e+06  7.6267e+03  8.2640e+03  3.5141e+07  7.6641e+03  8.2641e+03  
166         1.2338e+10  1.9137e+08  7.9094e+03  8.2647e+03  2.1091e+06  6.8500e+02  8.2650e+03  3.3142e+07  7.8703e+03  8.2647e+03  1.4947e+06  7.8312e+03  8.2647e+03  3.4636e+07  7.8686e+03  8.2648e+03  
167         1.2380e+10  1.8443e+08  8.1185e+03  8.2647e+03  2.0280e+06  7.0890e+02  8.2651e+03  3.2668e+07  8.0804e+03  8.2647e+03  1.4622e+06  8.0411e+03  8.2647e+03  3.4130e+07  8.0787e+03  8.2648e+03  
168         1.2423e+10  1.7773e+08  8.3332e+03  8.2640e+03  1.9494e+06  7.3276e+02  8.2643e+03  3.2192e+07  8.2961e+03  8.2640e+03  1.4302e+06  8.2566e+03  8.2640e+03  3.3622e+07  8.2944e+03  8.2641e+03  
169         1.2466e+10  1.7125e+08  8.5538e+03  8.2625e+03  1.8733e+06  7.5652e+02  8.2628e+03  3.1715e+07  8.5176e+03  8.2625e+03  1.3986e+06  8.4780e+03  8.2625e+03  3.3113e+07  8.5159e+03  8.2626e+03  
170         1.2510e+10  1.6499e+08  8.7802e+03  8.2602e+03  1.7997e+06  7.8017e+02  8.2606e+03  3.1236e+07  8.7450e+03  8.2602e+03  1.3674e+06  8.7052e+03  8.2602e+03  3.2603e+07  8.7433e+03  8.2603e+03  
171         1.2555e+10  1.5894e+08  9.0127e+03  8.2572e+03  1.7284e+06  8.0364e+02  8.2576e+03  3.0756e+07  8.9785e+03  8.2572e+03  1.3367e+06  8.9386e+03  8.2572e+03  3.2093e+07  8.9768e+03  8.2573e+03  
172         1.2601e+10  1.5309e+08  9.2513e+03  8.2533e+03  1.6595e+06  8.2691e+02  8.2538e+03  3.0276e+07  9.2182e+03  8.2534e+03  1.3064e+06  9.1782e+03  8.2534e+03  3.1583e+07  9.2166e+03  8.2535e+03  
173         1.2647e+10  1.4744e+08  9.4964e+03  8.2488e+03  1.5928e+06  8.4992e+02  8.2493e+03  2.9796e+07  9.4644e+03  8.2488e+03  1.2766e+06  9.4242e+03  8.2488e+03  3.1073e+07  9.4627e+03  8.2489e+03  
174         1.2693e+10  1.4198e+08  9.7480e+03  8.2434e+03  1.5284e+06  8.7262e+02  8.2439e+03  2.9316e+07  9.7171e+03  8.2434e+03  1.2472e+06  9.6767e+03  8.2434e+03  3.0564e+07  9.7154e+03  8.2435e+03  
175         1.2741e+10  1.3671e+08  1.0006e+04  8.2372e+03  1.4662e+06  8.9495e+02  8.2378e+03  2.8837e+07  9.9764e+03  8.2372e+03  1.2182e+06  9.9359e+03  8.2372e+03  3.0055e+07  9.9748e+03  8.2373e+03  
176         1.2789e+10  1.3162e+08  1.0271e+04  8.2302e+03  1.4062e+06  9.1688e+02  8.2308e+03  2.8359e+07  1.0243e+04  8.2302e+03  1.1897e+06  1.0202e+04  8.2302e+03  2.9549e+07  1.0241e+04  8.2303e+03  
177         1.2837e+10  1.2670e+08  1.0543e+04  8.2224e+03  1.3482e+06  9.3849e+02  8.2230e+03  2.7882e+07  1.0516e+04  8.2224e+03  1.1616e+06  1.0475e+04  8.2224e+03  2.9044e+07  1.0514e+04  8.2225e+03  
178         1.2887e+10  1.2196e+08  1.0823e+04  8.2138e+03  1.2923e+06  9.5940e+02  8.2144e+03  2.7407e+07  1.0796e+04  8.2138e+03  1.1340e+06  1.0755e+04  8.2138e+03  2.8541e+07  1.0795e+04  8.2139e+03  
179         1.2937e+10  1.1738e+08  1.1109e+04  8.2043e+03  1.2384e+06  9.7968e+02  8.2050e+03  2.6934e+07  1.1084e+04  8.2043e+03  1.1069e+06  1.1043e+04  8.2043e+03  2.8041e+07  1.1083e+04  8.2044e+03  
180         1.2988e+10  1.1296e+08  1.1403e+04  8.1939e+03  1.1864e+06  9.9928e+02  8.1947e+03  2.6463e+07  1.1380e+04  8.1939e+03  1.0802e+06  1.1338e+04  8.1939e+03  2.7543e+07  1.1378e+04  8.1940e+03  
181         1.3040e+10  1.0869e+08  1.1705e+04  8.1827e+03  1.1364e+06  1.0181e+03  8.1835e+03  2.5994e+07  1.1683e+04  8.1827e+03  1.0539e+06  1.1641e+04  8.1827e+03  2.7048e+07  1.1681e+04  8.1828e+03  
182         1.3092e+10  1.0457e+08  1.2015e+04  8.1706e+03  1.0882e+06  1.0361e+03  8.1715e+03  2.5528e+07  1.1994e+04  8.1706e+03  1.0281e+06  1.1952e+04  8.1706e+03  2.6556e+07  1.1992e+04  8.1707e+03  
183         1.3145e+10  1.0060e+08  1.2332e+04  8.1576e+03  1.0417e+06  1.0532e+03  8.1586e+03  2.5065e+07  1.2313e+04  8.1577e+03  1.0028e+06  1.2271e+04  8.1577e+03  2.6068e+07  1.2311e+04  8.1578e+03  
184         1.3199e+10  9.6770e+07  1.2658e+04  8.1438e+03  9.9706e+05  1.0692e+03  8.1447e+03  2.4606e+07  1.2640e+04  8.1438e+03  9.7786e+05  1.2598e+04  8.1438e+03  2.5584e+07  1.2638e+04  8.1439e+03  
185         1.3254e+10  9.3075e+07  1.2992e+04  8.1290e+03  9.5408e+05  1.0842e+03  8.1300e+03  2.4150e+07  1.2976e+04  8.1290e+03  9.5341e+05  1.2933e+04  8.1290e+03  2.5103e+07  1.2974e+04  8.1291e+03  
186         1.3309e+10  8.9511e+07  1.3335e+04  8.1132e+03  9.1274e+05  1.0979e+03  8.1144e+03  2.3697e+07  1.3320e+04  8.1133e+03  9.2941e+05  1.3277e+04  8.1133e+03  2.4627e+07  1.3318e+04  8.1134e+03  
187         1.3366e+10  8.6075e+07  1.3686e+04  8.0966e+03  8.7299e+05  1.1104e+03  8.0978e+03  2.3248e+07  1.3673e+04  8.0966e+03  9.0586e+05  1.3630e+04  8.0966e+03  2.4154e+07  1.3671e+04  8.0967e+03  
188         1.3423e+10  8.2763e+07  1.4046e+04  8.0790e+03  8.3478e+05  1.1215e+03  8.0803e+03  2.2804e+07  1.4035e+04  8.0790e+03  8.8275e+05  1.3992e+04  8.0790e+03  2.3687e+07  1.4033e+04  8.0791e+03  
189         1.3481e+10  7.9569e+07  1.4416e+04  8.0605e+03  7.9808e+05  1.1310e+03  8.0618e+03  2.2363e+07  1.4406e+04  8.0605e+03  8.6009e+05  1.4363e+04  8.0605e+03  2.3223e+07  1.4405e+04  8.0606e+03  
190         1.3540e+10  7.6491e+07  1.4795e+04  8.0410e+03  7.6282e+05  1.1389e+03  8.0424e+03  2.1927e+07  1.4787e+04  8.0410e+03  8.3786e+05  1.4744e+04  8.0410e+03  2.2765e+07  1.4785e+04  8.0411e+03  
191         1.3599e+10  7.3524e+07  1.5183e+04  8.0205e+03  7.2896e+05  1.1451e+03  8.0220e+03  2.1495e+07  1.5177e+04  8.0205e+03  8.1607e+05  1.5134e+04  8.0205e+03  2.2311e+07  1.5175e+04  8.0206e+03  
192         1.3660e+10  7.0666e+07  1.5581e+04  7.9990e+03  6.9646e+05  1.1495e+03  8.0007e+03  2.1068e+07  1.5577e+04  7.9991e+03  7.9472e+05  1.5534e+04  7.9991e+03  2.1863e+07  1.5575e+04  7.9992e+03  
193         1.3722e+10  6.7911e+07  1.5989e+04  7.9766e+03  6.6526e+05  1.1518e+03  7.9783e+03  2.0646e+07  1.5987e+04  7.9766e+03  7.7379e+05  1.5943e+04  7.9766e+03  2.1419e+07  1.5985e+04  7.9767e+03  
194         1.3784e+10  6.5258e+07  1.6407e+04  7.9531e+03  6.3533e+05  1.1521e+03  7.9550e+03  2.0228e+07  1.6407e+04  7.9532e+03  7.5330e+05  1.6363e+04  7.9532e+03  2.0981e+07  1.6406e+04  7.9533e+03  
195         1.3847e+10  6.2701e+07  1.6836e+04  7.9287e+03  6.0662e+05  1.1501e+03  7.9307e+03  1.9815e+07  1.6838e+04  7.9287e+03  7.3322e+05  1.6794e+04  7.9288e+03  2.0548e+07  1.6836e+04  7.9288e+03  
196         1.3911e+10  6.0239e+07  1.7275e+04  7.9033e+03  5.7909e+05  1.1457e+03  7.9054e+03  1.9407e+07  1.7279e+04  7.9033e+03  7.1356e+05  1.7235e+04  7.9033e+03  2.0121e+07  1.7278e+04  7.9034e+03  
197         1.3977e+10  5.7868e+07  1.7725e+04  7.8768e+03  5.5269e+05  1.1389e+03  7.8791e+03  1.9005e+07  1.7731e+04  7.8769e+03  6.9432e+05  1.7687e+04  7.8769e+03  1.9699e+07  1.7730e+04  7.8770e+03  
198         1.4043e+10  5.5585e+07  1.8186e+04  7.8494e+03  5.2738e+05  1.1293e+03  7.8518e+03  1.8607e+07  1.8195e+04  7.8494e+03  6.7548e+05  1.8151e+04  7.8494e+03  1.9282e+07  1.8193e+04  7.8495e+03  
199         1.4110e+10  5.3386e+07  1.8659e+04  7.8209e+03  5.0313e+05  1.1170e+03  7.8235e+03  1.8214e+07  1.8670e+04  7.8210e+03  6.5705e+05  1.8625e+04  7.8210e+03  1.8871e+07  1.8668e+04  7.8211e+03  
200         1.4178e+10  5.1269e+07  1.9143e+04  7.7914e+03  4.7989e+05  1.1017e+03  7.7942e+03  1.7827e+07  1.9156e+04  7.7915e+03  6.3902e+05  1.9111e+04  7.7915e+03  1.8466e+07  1.9154e+04  7.7916e+03  
201         1.4247e+10  4.9231e+07  1.9638e+04  7.7609e+03  4.5764e+05  1.0832e+03  7.7638e+03  1.7445e+07  1.9654e+04  7.7610e+03  6.2139e+05  1.9610e+04  7.7610e+03  1.8066e+07  1.9653e+04  7.7611e+03  
202         1.4317e+10  4.7270e+07  2.0146e+04  7.7294e+03  4.3632e+05  1.0617e+03  7.7325e+03  1.7068e+07  2.0165e+04  7.7295e+03  6.0414e+05  2.0120e+04  7.7295e+03  1.7672e+07  2.0163e+04  7.7296e+03  
203         1.4388e+10  4.5382e+07  2.0666e+04  7.6969e+03  4.1590e+05  1.0366e+03  7.7002e+03  1.6696e+07  2.0687e+04  7.6970e+03  5.8728e+05  2.0643e+04  7.6970e+03  1.7284e+07  2.0686e+04  7.6971e+03  
204         1.4460e+10  4.3565e+07  2.1199e+04  7.6634e+03  3.9636e+05  1.0078e+03  7.6669e+03  1.6330e+07  2.1223e+04  7.6635e+03  5.7079e+05  2.1178e+04  7.6635e+03  1.6901e+07  2.1222e+04  7.6636e+03  
205         1.4533e+10  4.1817e+07  2.1744e+04  7.6289e+03  3.7765e+05  9.7524e+02  7.6326e+03  1.5969e+07  2.1772e+04  7.6290e+03  5.5468e+05  2.1727e+04  7.6290e+03  1.6524e+07  2.1770e+04  7.6291e+03  
206         1.4607e+10  4.0134e+07  2.2303e+04  7.5934e+03  3.5974e+05  9.3869e+02  7.5974e+03  1.5614e+07  2.2333e+04  7.5934e+03  5.3893e+05  2.2288e+04  7.5934e+03  1.6152e+07  2.2332e+04  7.5935e+03  
207         1.4683e+10  3.8516e+07  2.2875e+04  7.5569e+03  3.4261e+05  8.9799e+02  7.5611e+03  1.5263e+07  2.2909e+04  7.5569e+03  5.2355e+05  2.2864e+04  7.5569e+03  1.5787e+07  2.2907e+04  7.5570e+03  
208         1.4759e+10  3.6959e+07  2.3461e+04  7.5194e+03  3.2621e+05  8.5294e+02  7.5239e+03  1.4918e+07  2.3498e+04  7.5195e+03  5.0852e+05  2.3453e+04  7.5195e+03  1.5427e+07  2.3496e+04  7.5196e+03  
209         1.4837e+10  3.5461e+07  2.4061e+04  7.4809e+03  3.1053e+05  8.0335e+02  7.4857e+03  1.4578e+07  2.4101e+04  7.4810e+03  4.9384e+05  2.4056e+04  7.4810e+03  1.5072e+07  2.4100e+04  7.4811e+03  
210         1.4915e+10  3.4021e+07  2.4675e+04  7.4415e+03  2.9553e+05  7.4902e+02  7.4466e+03  1.4244e+07  2.4719e+04  7.4416e+03  4.7951e+05  2.4674e+04  7.4416e+03  1.4723e+07  2.4718e+04  7.4417e+03  
211         1.4995e+10  3.2635e+07  2.5304e+04  7.4011e+03  2.8118e+05  6.8976e+02  7.4066e+03  1.3914e+07  2.5352e+04  7.4012e+03  4.6552e+05  2.5307e+04  7.4012e+03  1.4380e+07  2.5351e+04  7.4013e+03  
212         1.5076e+10  3.1303e+07  2.5948e+04  7.3598e+03  2.6747e+05  6.2534e+02  7.3656e+03  1.3590e+07  2.6000e+04  7.3599e+03  4.5186e+05  2.5955e+04  7.3599e+03  1.4042e+07  2.5999e+04  7.3600e+03  
213         1.5158e+10  3.0022e+07  2.6608e+04  7.3176e+03  2.5435e+05  5.5558e+02  7.3237e+03  1.3272e+07  2.6664e+04  7.3176e+03  4.3853e+05  2.6618e+04  7.3176e+03  1.3710e+07  2.6662e+04  7.3177e+03  
214         1.5241e+10  2.8791e+07  2.7283e+04  7.2744e+03  2.4182e+05  4.8024e+02  7.2810e+03  1.2958e+07  2.7343e+04  7.2745e+03  4.2552e+05  2.7298e+04  7.2745e+03  1.3383e+07  2.7342e+04  7.2746e+03  
215         1.5326e+10  2.7607e+07  2.7975e+04  7.2303e+03  2.2984e+05  3.9911e+02  7.2373e+03  1.2649e+07  2.8039e+04  7.2304e+03  4.1283e+05  2.7993e+04  7.2304e+03  1.3062e+07  2.8038e+04  7.2305e+03  
216         1.5412e+10  2.6469e+07  2.8683e+04  7.1854e+03  2.1839e+05  3.1197e+02  7.1928e+03  1.2346e+07  2.8752e+04  7.1855e+03  4.0045e+05  2.8706e+04  7.1855e+03  1.2746e+07  2.8750e+04  7.1856e+03  
217         1.5499e+10  2.5375e+07  2.9408e+04  7.1396e+03  2.0745e+05  2.1858e+02  7.1475e+03  1.2047e+07  2.9481e+04  7.1396e+03  3.8837e+05  2.9436e+04  7.1396e+03  1.2436e+07  2.9480e+04  7.1397e+03  
218         1.5587e+10  2.4323e+07  3.0150e+04  7.0929e+03  1.9700e+05  1.1873e+02  7.1013e+03  1.1754e+07  3.0229e+04  7.0930e+03  3.7659e+05  3.0183e+04  7.0930e+03  1.2131e+07  3.0227e+04  7.0931e+03  
219         1.5677e+10  2.3313e+07  3.0910e+04  7.0454e+03  1.8702e+05  1.2160e+01  7.0543e+03  1.1466e+07  3.0994e+04  7.0454e+03  3.6511e+05  3.0948e+04  7.0454e+03  1.1831e+07  3.0992e+04  7.0455e+03  
220         1.5768e+10  2.2342e+07  3.1689e+04  6.9970e+03  1.7749e+05  -1.0136e+02 7.0065e+03  1.1182e+07  3.1777e+04  6.9971e+03  3.5392e+05  3.1732e+04  6.9971e+03  1.1536e+07  3.1776e+04  6.9972e+03  
221         1.5860e+10  2.1409e+07  3.2486e+04  6.9479e+03  1.6839e+05  -2.2208e+02 6.9580e+03  1.0904e+07  3.2580e+04  6.9479e+03  3.4300e+05  3.2534e+04  6.9480e+03  1.1247e+07  3.2579e+04  6.9480e+03  
222         1.5953e+10  2.0513e+07  3.3302e+04  6.8979e+03  1.5970e+05  -3.5025e+02 6.9087e+03  1.0630e+07  3.3402e+04  6.8980e+03  3.3237e+05  3.3356e+04  6.8980e+03  1.0963e+07  3.3401e+04  6.8981e+03  
223         1.6048e+10  1.9652e+07  3.4138e+04  6.8472e+03  1.5141e+05  -4.8612e+02 6.8586e+03  1.0361e+07  3.4244e+04  6.8473e+03  3.2200e+05  3.4198e+04  6.8473e+03  1.0683e+07  3.4242e+04  6.8474e+03  
224         1.6145e+10  1.8825e+07  3.4995e+04  6.7958e+03  1.4350e+05  -6.2995e+02 6.8079e+03  1.0097e+07  3.5106e+04  6.7959e+03  3.1190e+05  3.5061e+04  6.7959e+03  1.0409e+07  3.5105e+04  6.7960e+03  
225         1.6242e+10  1.8031e+07  3.5872e+04  6.7436e+03  1.3594e+05  -7.8201e+02 6.7565e+03  9.8383e+06  3.5989e+04  6.7437e+03  3.0207e+05  3.5944e+04  6.7437e+03  1.0140e+07  3.5988e+04  6.7438e+03  
226         1.6342e+10  1.7268e+07  3.6770e+04  6.6907e+03  1.2874e+05  -9.4258e+02 6.7044e+03  9.5838e+06  3.6894e+04  6.6908e+03  2.9249e+05  3.6849e+04  6.6908e+03  9.8763e+06  3.6893e+04  6.6909e+03  
227         1.6442e+10  1.6535e+07  3.7690e+04  6.6372e+03  1.2187e+05  -1.1117e+03 6.6517e+03  9.3341e+06  3.7821e+04  6.6373e+03  2.8316e+05  3.7775e+04  6.6373e+03  9.6172e+06  3.7819e+04  6.6374e+03  
228         1.6544e+10  1.5832e+07  3.8633e+04  6.5829e+03  1.1532e+05  -1.2900e+03 6.5984e+03  9.0889e+06  3.8770e+04  6.5830e+03  2.7407e+05  3.8725e+04  6.5831e+03  9.3630e+06  3.8769e+04  6.5832e+03  
229         1.6648e+10  1.5157e+07  3.9598e+04  6.5281e+03  1.0908e+05  -1.4777e+03 6.5445e+03  8.8484e+06  3.9743e+04  6.5282e+03  2.6523e+05  3.9698e+04  6.5282e+03  9.1136e+06  3.9742e+04  6.5283e+03  
230         1.6753e+10  1.4509e+07  4.0587e+04  6.4726e+03  1.0313e+05  -1.6749e+03 6.4900e+03  8.6124e+06  4.0740e+04  6.4727e+03  2.5662e+05  4.0695e+04  6.4727e+03  8.8690e+06  4.0738e+04  6.4728e+03  
231         1.6860e+10  1.3886e+07  4.1601e+04  6.4165e+03  9.7457e+04  -1.8820e+03 6.4350e+03  8.3810e+06  4.1761e+04  6.4166e+03  2.4824e+05  4.1716e+04  6.4166e+03  8.6292e+06  4.1760e+04  6.4167e+03  
232         1.6968e+10  1.3289e+07  4.2640e+04  6.3598e+03  9.2056e+04  -2.0993e+03 6.3795e+03  8.1540e+06  4.2808e+04  6.3599e+03  2.4009e+05  4.2763e+04  6.3599e+03  8.3941e+06  4.2806e+04  6.3600e+03  
233         1.7078e+10  1.2716e+07  4.3704e+04  6.3026e+03  8.6913e+04  -2.3270e+03 6.3235e+03  7.9314e+06  4.3880e+04  6.3027e+03  2.3216e+05  4.3835e+04  6.3027e+03  8.1636e+06  4.3879e+04  6.3028e+03  
234         1.7189e+10  1.2166e+07  4.4795e+04  6.2448e+03  8.2017e+04  -2.5655e+03 6.2670e+03  7.7133e+06  4.4979e+04  6.2449e+03  2.2445e+05  4.4935e+04  6.2449e+03  7.9377e+06  4.4978e+04  6.2450e+03  
235         1.7302e+10  1.1639e+07  4.5913e+04  6.1865e+03  7.7357e+04  -2.8150e+03 6.2101e+03  7.4995e+06  4.6106e+04  6.1866e+03  2.1694e+05  4.6062e+04  6.1866e+03  7.7164e+06  4.6105e+04  6.1867e+03  
236         1.7417e+10  1.1132e+07  4.7059e+04  6.1277e+03  7.2924e+04  -3.0759e+03 6.1527e+03  7.2900e+06  4.7261e+04  6.1279e+03  2.0965e+05  4.7217e+04  6.1279e+03  7.4996e+06  4.7260e+04  6.1280e+03  
237         1.7533e+10  1.0647e+07  4.8234e+04  6.0685e+03  6.8709e+04  -3.3483e+03 6.0950e+03  7.0848e+06  4.8446e+04  6.0686e+03  2.0256e+05  4.8401e+04  6.0686e+03  7.2873e+06  4.8444e+04  6.0687e+03  
238         1.7651e+10  1.0181e+07  4.9438e+04  6.0088e+03  6.4701e+04  -3.6327e+03 6.0370e+03  6.8838e+06  4.9660e+04  6.0089e+03  1.9567e+05  4.9616e+04  6.0089e+03  7.0794e+06  4.9659e+04  6.0090e+03  
239         1.7771e+10  9.7345e+06  5.0673e+04  5.9487e+03  6.0893e+04  -3.9293e+03 5.9786e+03  6.6869e+06  5.0905e+04  5.9488e+03  1.8897e+05  5.0861e+04  5.9488e+03  6.8759e+06  5.0904e+04  5.9489e+03  
240         1.7892e+10  9.3061e+06  5.1940e+04  5.8881e+03  5.7275e+04  -4.2384e+03 5.9199e+03  6.4942e+06  5.2182e+04  5.8883e+03  1.8246e+05  5.2138e+04  5.8883e+03  6.6767e+06  5.2181e+04  5.8884e+03  
241         1.8015e+10  8.8954e+06  5.3239e+04  5.8272e+03  5.3840e+04  -4.5603e+03 5.8609e+03  6.3056e+06  5.3492e+04  5.8274e+03  1.7614e+05  5.3448e+04  5.8274e+03  6.4817e+06  5.3490e+04  5.8275e+03  
242         1.8140e+10  8.5016e+06  5.4571e+04  5.7659e+03  5.0580e+04  -4.8952e+03 5.8017e+03  6.1210e+06  5.4835e+04  5.7661e+03  1.7000e+05  5.4792e+04  5.7661e+03  6.2910e+06  5.4834e+04  5.7662e+03  
243         1.8267e+10  8.1241e+06  5.5938e+04  5.7043e+03  4.7487e+04  -5.2434e+03 5.7422e+03  5.9405e+06  5.6213e+04  5.7045e+03  1.6403e+05  5.6170e+04  5.7045e+03  6.1045e+06  5.6212e+04  5.7046e+03  
244         1.8396e+10  7.7623e+06  5.7340e+04  5.6424e+03  4.4554e+04  -5.6053e+03 5.6826e+03  5.7638e+06  5.7627e+04  5.6426e+03  1.5824e+05  5.7584e+04  5.6426e+03  5.9221e+06  5.7626e+04  5.6427e+03  
245         1.8527e+10  7.4155e+06  5.8779e+04  5.5802e+03  4.1775e+04  -5.9809e+03 5.6228e+03  5.5911e+06  5.9078e+04  5.5803e+03  1.5263e+05  5.9036e+04  5.5803e+03  5.7438e+06  5.9077e+04  5.5804e+03  
246         1.8659e+10  7.0832e+06  6.0255e+04  5.5177e+03  3.9143e+04  -6.3707e+03 5.5629e+03  5.4223e+06  6.0568e+04  5.5178e+03  1.4717e+05  6.0525e+04  5.5178e+03  5.5695e+06  6.0566e+04  5.5179e+03  
247         1.8794e+10  6.7648e+06  6.1771e+04  5.4549e+03  3.6651e+04  -6.7747e+03 5.5029e+03  5.2573e+06  6.2096e+04  5.4551e+03  1.4188e+05  6.2054e+04  5.4551e+03  5.3991e+06  6.2095e+04  5.4552e+03  
248         1.8930e+10  6.4597e+06  6.3326e+04  5.3920e+03  3.4294e+04  -7.1932e+03 5.4429e+03  5.0960e+06  6.3665e+04  5.3921e+03  1.3675e+05  6.3623e+04  5.3921e+03  5.2328e+06  6.3664e+04  5.3922e+03  
249         1.9068e+10  6.1675e+06  6.4923e+04  5.3288e+03  3.2065e+04  -7.6263e+03 5.3828e+03  4.9385e+06  6.5276e+04  5.3290e+03  1.3178e+05  6.5234e+04  5.3290e+03  5.0702e+06  6.5275e+04  5.3291e+03  
250         1.9209e+10  5.8876e+06  6.6563e+04  5.2654e+03  2.9959e+04  -8.0742e+03 5.3226e+03  4.7846e+06  6.6931e+04  5.2656e+03  1.2695e+05  6.6889e+04  5.2656e+03  4.9116e+06  6.6930e+04  5.2657e+03  
251         1.9351e+10  5.6196e+06  6.8247e+04  5.2019e+03  2.7970e+04  -8.5370e+03 5.2626e+03  4.6344e+06  6.8630e+04  5.2021e+03  1.2228e+05  6.8588e+04  5.2021e+03  4.7566e+06  6.8628e+04  5.2022e+03  
252         1.9496e+10  5.3629e+06  6.9977e+04  5.1382e+03  2.6093e+04  -9.0144e+03 5.2025e+03  4.4877e+06  7.0375e+04  5.1384e+03  1.1775e+05  7.0333e+04  5.1384e+03  4.6055e+06  7.0373e+04  5.1385e+03  
253         1.9643e+10  5.1172e+06  7.1753e+04  5.0744e+03  2.4323e+04  -9.5071e+03 5.1426e+03  4.3446e+06  7.2167e+04  5.0746e+03  1.1336e+05  7.2126e+04  5.0746e+03  4.4579e+06  7.2166e+04  5.0747e+03  
254         1.9791e+10  4.8820e+06  7.3579e+04  5.0105e+03  2.2655e+04  -1.0015e+04 5.0828e+03  4.2049e+06  7.4009e+04  5.0107e+03  1.0911e+05  7.3968e+04  5.0107e+03  4.3141e+06  7.4008e+04  5.0108e+03  
255         1.9942e+10  4.6568e+06  7.5454e+04  4.9465e+03  2.1085e+04  -1.0537e+04 5.0232e+03  4.0687e+06  7.5902e+04  4.9468e+03  1.0499e+05  7.5861e+04  4.9468e+03  4.1737e+06  7.5901e+04  4.9469e+03  
256         2.0096e+10  4.4413e+06  7.7382e+04  4.8825e+03  1.9607e+04  -1.1074e+04 4.9637e+03  3.9359e+06  7.7847e+04  4.8827e+03  1.0100e+05  7.7807e+04  4.8828e+03  4.0369e+06  7.7846e+04  4.8828e+03  
257         2.0251e+10  4.2351e+06  7.9363e+04  4.8185e+03  1.8218e+04  -1.1625e+04 4.9045e+03  3.8064e+06  7.9847e+04  4.8187e+03  9.7144e+04  7.9806e+04  4.8187e+03  3.9036e+06  7.9846e+04  4.8188e+03  
258         2.0409e+10  4.0378e+06  8.1400e+04  4.7544e+03  1.6914e+04  -1.2189e+04 4.8455e+03  3.6802e+06  8.1902e+04  4.7546e+03  9.3410e+04  8.1862e+04  4.7546e+03  3.7736e+06  8.1901e+04  4.7547e+03  
259         2.0569e+10  3.8491e+06  8.3494e+04  4.6903e+03  1.5689e+04  -1.2768e+04 4.7868e+03  3.5573e+06  8.4016e+04  4.6906e+03  8.9799e+04  8.3976e+04  4.6906e+03  3.6471e+06  8.4015e+04  4.6907e+03  
260         2.0731e+10  3.6686e+06  8.5648e+04  4.6263e+03  1.4541e+04  -1.3358e+04 4.7285e+03  3.4375e+06  8.6190e+04  4.6265e+03  8.6307e+04  8.6151e+04  4.6265e+03  3.5238e+06  8.6189e+04  4.6266e+03  
261         2.0896e+10  3.4960e+06  8.7863e+04  4.5623e+03  1.3466e+04  -1.3961e+04 4.6705e+03  3.3209e+06  8.8426e+04  4.5626e+03  8.2931e+04  8.8387e+04  4.5626e+03  3.4038e+06  8.8425e+04  4.5627e+03  
262         2.1063e+10  3.3309e+06  9.0141e+04  4.4984e+03  1.2459e+04  -1.4575e+04 4.6129e+03  3.2073e+06  9.0726e+04  4.4986e+03  7.9667e+04  9.0687e+04  4.4986e+03  3.2870e+06  9.0725e+04  4.4987e+03  
263         2.1232e+10  3.1731e+06  9.2486e+04  4.4345e+03  1.1518e+04  -1.5198e+04 4.5558e+03  3.0968e+06  9.3093e+04  4.4348e+03  7.6514e+04  9.3054e+04  4.4348e+03  3.1733e+06  9.3092e+04  4.4349e+03  
264         2.1404e+10  3.0223e+06  9.4898e+04  4.3708e+03  1.0638e+04  -1.5829e+04 4.4992e+03  2.9893e+06  9.5528e+04  4.3711e+03  7.3467e+04  9.5490e+04  4.3711e+03  3.0627e+06  9.5527e+04  4.3712e+03  
265         2.1579e+10  2.8781e+06  9.7381e+04  4.3072e+03  9.8180e+03  -1.6467e+04 4.4430e+03  2.8847e+06  9.8035e+04  4.3075e+03  7.0525e+04  9.7997e+04  4.3075e+03  2.9552e+06  9.8034e+04  4.3076e+03  
266         2.1756e+10  2.7404e+06  9.9937e+04  4.2438e+03  9.0530e+03  -1.7110e+04 4.3874e+03  2.7830e+06  1.0062e+05  4.2441e+03  6.7685e+04  1.0058e+05  4.2441e+03  2.8506e+06  1.0061e+05  4.2442e+03  
267         2.1936e+10  2.6088e+06  1.0257e+05  4.1805e+03  8.3406e+03  -1.7755e+04 4.3324e+03  2.6841e+06  1.0327e+05  4.1809e+03  6.4943e+04  1.0324e+05  4.1809e+03  2.7490e+06  1.0327e+05  4.1810e+03  
268         2.2118e+10  2.4831e+06  1.0528e+05  4.1175e+03  7.6779e+03  -1.8399e+04 4.2780e+03  2.5880e+06  1.0601e+05  4.1178e+03  6.2297e+04  1.0597e+05  4.1178e+03  2.6503e+06  1.0601e+05  4.1179e+03  
269         2.2303e+10  2.3630e+06  1.0807e+05  4.0546e+03  7.0620e+03  -1.9040e+04 4.2242e+03  2.4947e+06  1.0883e+05  4.0550e+03  5.9745e+04  1.0879e+05  4.0550e+03  2.5544e+06  1.0883e+05  4.0551e+03  
270         2.2491e+10  2.2483e+06  1.1094e+05  3.9920e+03  6.4902e+03  -1.9674e+04 4.1711e+03  2.4040e+06  1.1173e+05  3.9923e+03  5.7284e+04  1.1169e+05  3.9924e+03  2.4613e+06  1.1173e+05  3.9924e+03  
271         2.2681e+10  2.1389e+06  1.1390e+05  3.9296e+03  5.9600e+03  -2.0297e+04 4.1188e+03  2.3160e+06  1.1472e+05  3.9300e+03  5.4911e+04  1.1468e+05  3.9300e+03  2.3709e+06  1.1472e+05  3.9301e+03  
272         2.2874e+10  2.0344e+06  1.1695e+05  3.8675e+03  5.4690e+03  -2.0904e+04 4.0671e+03  2.2306e+06  1.1780e+05  3.8679e+03  5.2624e+04  1.1776e+05  3.8679e+03  2.2832e+06  1.1780e+05  3.8680e+03  
273         2.3070e+10  1.9346e+06  1.2010e+05  3.8057e+03  5.0146e+03  -2.1490e+04 4.0162e+03  2.1477e+06  1.2097e+05  3.8061e+03  5.0420e+04  1.2094e+05  3.8061e+03  2.1981e+06  1.2097e+05  3.8062e+03  
274         2.3269e+10  1.8395e+06  1.2334e+05  3.7442e+03  4.5947e+03  -2.2050e+04 3.9661e+03  2.0673e+06  1.2425e+05  3.7446e+03  4.8298e+04  1.2421e+05  3.7446e+03  2.1156e+06  1.2425e+05  3.7447e+03  
275         2.3471e+10  1.7487e+06  1.2668e+05  3.6830e+03  4.2070e+03  -2.2577e+04 3.9168e+03  1.9893e+06  1.2762e+05  3.6835e+03  4.6254e+04  1.2759e+05  3.6835e+03  2.0356e+06  1.2762e+05  3.6836e+03  
276         2.3675e+10  1.6621e+06  1.3012e+05  3.6222e+03  3.8495e+03  -2.3063e+04 3.8683e+03  1.9138e+06  1.3110e+05  3.6227e+03  4.4286e+04  1.3106e+05  3.6227e+03  1.9580e+06  1.3110e+05  3.6228e+03  
277         2.3883e+10  1.5795e+06  1.3367e+05  3.5618e+03  3.5203e+03  -2.3500e+04 3.8206e+03  1.8405e+06  1.3469e+05  3.5622e+03  4.2392e+04  1.3465e+05  3.5622e+03  1.8829e+06  1.3468e+05  3.5623e+03  
278         2.4094e+10  1.5007e+06  1.3734e+05  3.5017e+03  3.2173e+03  -2.3880e+04 3.7737e+03  1.7696e+06  1.3838e+05  3.5022e+03  4.0570e+04  1.3835e+05  3.5022e+03  1.8102e+06  1.3838e+05  3.5023e+03  
279         2.4308e+10  1.4257e+06  1.4111e+05  3.4420e+03  2.9389e+03  -2.4192e+04 3.7276e+03  1.7009e+06  1.4220e+05  3.4425e+03  3.8817e+04  1.4217e+05  3.4425e+03  1.7397e+06  1.4220e+05  3.4426e+03  
280         2.4525e+10  1.3541e+06  1.4501e+05  3.3828e+03  2.6834e+03  -2.4426e+04 3.6823e+03  1.6344e+06  1.4613e+05  3.3833e+03  3.7132e+04  1.4610e+05  3.3833e+03  1.6715e+06  1.4613e+05  3.3834e+03  
281         2.4745e+10  1.2859e+06  1.4903e+05  3.3240e+03  2.4490e+03  -2.4570e+04 3.6377e+03  1.5701e+06  1.5019e+05  3.3245e+03  3.5512e+04  1.5016e+05  3.3245e+03  1.6056e+06  1.5019e+05  3.3246e+03  
282         2.4968e+10  1.2209e+06  1.5317e+05  3.2656e+03  2.2343e+03  -2.4611e+04 3.5939e+03  1.5078e+06  1.5438e+05  3.2662e+03  3.3955e+04  1.5435e+05  3.2662e+03  1.5418e+06  1.5438e+05  3.2663e+03  
283         2.5195e+10  1.1591e+06  1.5745e+05  3.2077e+03  2.0378e+03  -2.4535e+04 3.5508e+03  1.4477e+06  1.5870e+05  3.2084e+03  3.2459e+04  1.5867e+05  3.2084e+03  1.4801e+06  1.5870e+05  3.2085e+03  
284         2.5424e+10  1.1001e+06  1.6186e+05  3.1504e+03  1.8582e+03  -2.4327e+04 3.5084e+03  1.3895e+06  1.6316e+05  3.1510e+03  3.1022e+04  1.6313e+05  3.1510e+03  1.4205e+06  1.6316e+05  3.1511e+03  
285         2.5658e+10  1.0440e+06  1.6642e+05  3.0935e+03  1.6942e+03  -2.3972e+04 3.4665e+03  1.3333e+06  1.6776e+05  3.0942e+03  2.9643e+04  1.6773e+05  3.0942e+03  1.3629e+06  1.6776e+05  3.0943e+03  
286         2.5894e+10  9.9063e+05  1.7112e+05  3.0371e+03  1.5445e+03  -2.3453e+04 3.4252e+03  1.2790e+06  1.7251e+05  3.0378e+03  2.8319e+04  1.7248e+05  3.0378e+03  1.3073e+06  1.7251e+05  3.0379e+03  
287         2.6134e+10  9.3980e+05  1.7597e+05  2.9813e+03  1.4080e+03  -2.2753e+04 3.3843e+03  1.2266e+06  1.7741e+05  2.9820e+03  2.7049e+04  1.7738e+05  2.9820e+03  1.2536e+06  1.7741e+05  2.9821e+03  
288         2.6378e+10  8.9144e+05  1.8098e+05  2.9260e+03  1.2837e+03  -2.1853e+04 3.3438e+03  1.1760e+06  1.8247e+05  2.9268e+03  2.5830e+04  1.8244e+05  2.9268e+03  1.2018e+06  1.8247e+05  2.9269e+03  
289         2.6625e+10  8.4543e+05  1.8615e+05  2.8713e+03  1.1705e+03  -2.0735e+04 3.3036e+03  1.1271e+06  1.8769e+05  2.8721e+03  2.4661e+04  1.8766e+05  2.8721e+03  1.1518e+06  1.8769e+05  2.8722e+03  
290         2.6876e+10  8.0167e+05  1.9149e+05  2.8172e+03  1.0676e+03  -1.9380e+04 3.2635e+03  1.0801e+06  1.9308e+05  2.8181e+03  2.3541e+04  1.9305e+05  2.8181e+03  1.1036e+06  1.9308e+05  2.8182e+03  
291         2.7130e+10  7.6007e+05  1.9700e+05  2.7637e+03  9.7398e+02  -1.7769e+04 3.2236e+03  1.0347e+06  1.9865e+05  2.7646e+03  2.2467e+04  1.9862e+05  2.7646e+03  1.0571e+06  1.9865e+05  2.7647e+03  
292         2.7388e+10  7.2051e+05  2.0269e+05  2.7108e+03  8.8891e+02  -1.5883e+04 3.1837e+03  9.9092e+05  2.0439e+05  2.7117e+03  2.1437e+04  2.0436e+05  2.7117e+03  1.0124e+06  2.0439e+05  2.7118e+03  
293         2.7650e+10  6.8292e+05  2.0856e+05  2.6585e+03  8.1163e+02  -1.3703e+04 3.1437e+03  9.4878e+05  2.1032e+05  2.6595e+03  2.0452e+04  2.1029e+05  2.6595e+03  9.6923e+05  2.1032e+05  2.6596e+03  
294         2.7916e+10  6.4720e+05  2.1462e+05  2.6069e+03  7.4144e+02  -1.1210e+04 3.1035e+03  9.0820e+05  2.1644e+05  2.6079e+03  1.9508e+04  2.1641e+05  2.6079e+03  9.2771e+05  2.1644e+05  2.6080e+03  
295         2.8186e+10  6.1326e+05  2.2087e+05  2.5559e+03  6.7770e+02  -8.3852e+03 3.0631e+03  8.6914e+05  2.2276e+05  2.5569e+03  1.8604e+04  2.2273e+05  2.5569e+03  8.8774e+05  2.2276e+05  2.5570e+03  
296         2.8459e+10  5.8103e+05  2.2733e+05  2.5055e+03  6.1982e+02  -5.2121e+03 3.0223e+03  8.3155e+05  2.2928e+05  2.5067e+03  1.7739e+04  2.2925e+05  2.5067e+03  8.4929e+05  2.2928e+05  2.5068e+03  
297         2.8737e+10  5.5043e+05  2.3399e+05  2.4559e+03  5.6727e+02  -1.6738e+03 2.9812e+03  7.9540e+05  2.3600e+05  2.4570e+03  1.6911e+04  2.3598e+05  2.4570e+03  8.1231e+05  2.3600e+05  2.4571e+03  
298         2.9018e+10  5.2137e+05  2.4087e+05  2.4069e+03  5.1954e+02  2.2454e+03  2.9396e+03  7.6064e+05  2.4295e+05  2.4081e+03  1.6120e+04  2.4292e+05  2.4081e+03  7.7676e+05  2.4295e+05  2.4082e+03  
299         2.9304e+10  4.9379e+05  2.4796e+05  2.3586e+03  4.7618e+02  6.5602e+03  2.8976e+03  7.2724e+05  2.5011e+05  2.3599e+03  1.5363e+04  2.5009e+05  2.3599e+03  7.4260e+05  2.5011e+05  2.3600e+03  
300         2.9594e+10  4.6762e+05  2.5528e+05  2.3110e+03  4.3679e+02  1.1284e+04  2.8550e+03  6.9515e+05  2.5750e+05  2.3123e+03  1.4639e+04  2.5748e+05  2.3123e+03  7.0979e+05  2.5750e+05  2.3125e+03  
301         2.9888e+10  4.4280e+05  2.6284e+05  2.2641e+03  4.0097e+02  1.6429e+04  2.8120e+03  6.6433e+05  2.6513e+05  2.2655e+03  1.3947e+04  2.6511e+05  2.2655e+03  6.7828e+05  2.6513e+05  2.2656e+03  
302         3.0186e+10  4.1925e+05  2.7063e+05  2.2179e+03  3.6839e+02  2.2007e+04  2.7684e+03  6.3475e+05  2.7300e+05  2.2194e+03  1.3287e+04  2.7297e+05  2.2194e+03  6.4804e+05  2.7300e+05  2.2195e+03  
303         3.0489e+10  3.9692e+05  2.7866e+05  2.1725e+03  3.3875e+02  2.8027e+04  2.7243e+03  6.0636e+05  2.8111e+05  2.1741e+03  1.2655e+04  2.8108e+05  2.1741e+03  6.1902e+05  2.8111e+05  2.1742e+03  
304         3.0796e+10  3.7574e+05  2.8695e+05  2.1278e+03  3.1175e+02  3.4498e+04  2.6796e+03  5.7913e+05  2.8947e+05  2.1294e+03  1.2053e+04  2.8945e+05  2.1294e+03  5.9118e+05  2.8947e+05  2.1295e+03  
305         3.1108e+10  3.5567e+05  2.9550e+05  2.0838e+03  2.8715e+02  4.1427e+04  2.6345e+03  5.5302e+05  2.9810e+05  2.0855e+03  1.1477e+04  2.9807e+05  2.0855e+03  5.6450e+05  2.9810e+05  2.0856e+03  
306         3.1424e+10  3.3665e+05  3.0430e+05  2.0405e+03  2.6471e+02  4.8822e+04  2.5890e+03  5.2800e+05  3.0699e+05  2.0424e+03  1.0928e+04  3.0696e+05  2.0424e+03  5.3892e+05  3.0699e+05  2.0425e+03  
307         3.1745e+10  3.1863e+05  3.1338e+05  1.9980e+03  2.4423e+02  5.6687e+04  2.5431e+03  5.0402e+05  3.1615e+05  2.0000e+03  1.0404e+04  3.1613e+05  1.9999e+03  5.1442e+05  3.1615e+05  2.0001e+03  
308         3.2070e+10  3.0156e+05  3.2274e+05  1.9563e+03  2.2553e+02  6.5027e+04  2.4968e+03  4.8105e+05  3.2559e+05  1.9583e+03  9.9044e+03  3.2557e+05  1.9583e+03  4.9096e+05  3.2559e+05  1.9584e+03  
309         3.2401e+10  2.8539e+05  3.3237e+05  1.9153e+03  2.0843e+02  7.3845e+04  2.4502e+03  4.5906e+05  3.3531e+05  1.9174e+03  9.4277e+03  3.3529e+05  1.9174e+03  4.6849e+05  3.3531e+05  1.9175e+03  
310         3.2736e+10  2.7008e+05  3.4229e+05  1.8750e+03  1.9279e+02  8.3145e+04  2.4034e+03  4.3802e+05  3.4532e+05  1.8772e+03  8.9732e+03  3.4530e+05  1.8772e+03  4.4699e+05  3.4532e+05  1.8774e+03  
311         3.3076e+10  2.5558e+05  3.5251e+05  1.8355e+03  1.7846e+02  9.2927e+04  2.3565e+03  4.1788e+05  3.5563e+05  1.8379e+03  8.5400e+03  3.5561e+05  1.8379e+03  4.2642e+05  3.5563e+05  1.8380e+03  
312         3.3420e+10  2.4186e+05  3.6303e+05  1.7967e+03  1.6533e+02  1.0319e+05  2.3094e+03  3.9862e+05  3.6624e+05  1.7992e+03  8.1272e+03  3.6622e+05  1.7992e+03  4.0675e+05  3.6624e+05  1.7993e+03  
313         3.3770e+10  2.2887e+05  3.7385e+05  1.7587e+03  1.5328e+02  1.1395e+05  2.2623e+03  3.8020e+05  3.7716e+05  1.7614e+03  7.7339e+03  3.7714e+05  1.7614e+03  3.8794e+05  3.7716e+05  1.7615e+03  
314         3.4126e+10  2.1657e+05  3.8499e+05  1.7215e+03  1.4223e+02  1.2518e+05  2.2153e+03  3.6260e+05  3.8839e+05  1.7242e+03  7.3592e+03  3.8837e+05  1.7242e+03  3.6996e+05  3.8839e+05  1.7244e+03  
315         3.4486e+10  2.0494e+05  3.9644e+05  1.6850e+03  1.3206e+02  1.3690e+05  2.1683e+03  3.4578e+05  3.9993e+05  1.6879e+03  7.0024e+03  3.9991e+05  1.6879e+03  3.5278e+05  3.9993e+05  1.6880e+03  
316         3.4851e+10  1.9394e+05  4.0821e+05  1.6492e+03  1.2272e+02  1.4910e+05  2.1215e+03  3.2971e+05  4.1180e+05  1.6523e+03  6.6626e+03  4.1178e+05  1.6523e+03  3.3637e+05  4.1180e+05  1.6524e+03  
317         3.5222e+10  1.8353e+05  4.2031e+05  1.6142e+03  1.1411e+02  1.6179e+05  2.0750e+03  3.1436e+05  4.2400e+05  1.6174e+03  6.3392e+03  4.2398e+05  1.6174e+03  3.2070e+05  4.2400e+05  1.6175e+03  
318         3.5598e+10  1.7369e+05  4.3274e+05  1.5799e+03  1.0619e+02  1.7495e+05  2.0288e+03  2.9971e+05  4.3653e+05  1.5833e+03  6.0314e+03  4.3651e+05  1.5833e+03  3.0574e+05  4.3653e+05  1.5834e+03  
319         3.5980e+10  1.6438e+05  4.4550e+05  1.5463e+03  9.8877e+01  1.8859e+05  1.9829e+03  2.8573e+05  4.4940e+05  1.5499e+03  5.7385e+03  4.4938e+05  1.5499e+03  2.9146e+05  4.4940e+05  1.5500e+03  
320         3.6367e+10  1.5557e+05  4.5861e+05  1.5135e+03  9.2132e+01  2.0271e+05  1.9374e+03  2.7238e+05  4.6262e+05  1.5173e+03  5.4597e+03  4.6260e+05  1.5173e+03  2.7784e+05  4.6261e+05  1.5174e+03  
321         3.6760e+10  1.4725e+05  4.7206e+05  1.4814e+03  8.5903e+01  2.1729e+05  1.8923e+03  2.5965e+05  4.7617e+05  1.4853e+03  5.1946e+03  4.7616e+05  1.4853e+03  2.6484e+05  4.7617e+05  1.4855e+03  
322         3.7159e+10  1.3938e+05  4.8587e+05  1.4500e+03  8.0146e+01  2.3235e+05  1.8478e+03  2.4750e+05  4.9008e+05  1.4541e+03  4.9424e+03  4.9007e+05  1.4541e+03  2.5244e+05  4.9008e+05  1.4543e+03  
323         3.7564e+10  1.3194e+05  5.0002e+05  1.4192e+03  7.4821e+01  2.4787e+05  1.8038e+03  2.3592e+05  5.0435e+05  1.4237e+03  4.7025e+03  5.0433e+05  1.4237e+03  2.4062e+05  5.0435e+05  1.4238e+03  
324         3.7974e+10  1.2490e+05  5.1454e+05  1.3892e+03  6.9891e+01  2.6385e+05  1.7605e+03  2.2488e+05  5.1897e+05  1.3939e+03  4.4745e+03  5.1895e+05  1.3939e+03  2.2935e+05  5.1897e+05  1.3940e+03  
325         3.8391e+10  1.1826e+05  5.2941e+05  1.3599e+03  6.5324e+01  2.8029e+05  1.7177e+03  2.1435e+05  5.3395e+05  1.3648e+03  4.2576e+03  5.3394e+05  1.3648e+03  2.1861e+05  5.3395e+05  1.3649e+03  
326         3.8813e+10  1.1197e+05  5.4465e+05  1.3312e+03  6.1090e+01  2.9719e+05  1.6756e+03  2.0432e+05  5.4930e+05  1.3364e+03  4.0514e+03  5.4929e+05  1.3364e+03  2.0837e+05  5.4930e+05  1.3365e+03  
327         3.9242e+10  1.0603e+05  5.6025e+05  1.3033e+03  5.7161e+01  3.1455e+05  1.6341e+03  1.9476e+05  5.6502e+05  1.3087e+03  3.8554e+03  5.6501e+05  1.3087e+03  1.9861e+05  5.6502e+05  1.3088e+03  
328         3.9677e+10  1.0041e+05  5.7623e+05  1.2759e+03  5.3514e+01  3.3235e+05  1.5934e+03  1.8565e+05  5.8111e+05  1.2817e+03  3.6691e+03  5.8109e+05  1.2817e+03  1.8932e+05  5.8111e+05  1.2818e+03  
329         4.0118e+10  9.5108e+04  5.9257e+05  1.2492e+03  5.0126e+01  3.5059e+05  1.5534e+03  1.7697e+05  5.9757e+05  1.2553e+03  3.4920e+03  5.9756e+05  1.2553e+03  1.8046e+05  5.9757e+05  1.2554e+03  
330         4.0566e+10  9.0091e+04  6.0929e+05  1.2232e+03  4.6977e+01  3.6928e+05  1.5142e+03  1.6870e+05  6.1441e+05  1.2295e+03  3.3237e+03  6.1439e+05  1.2295e+03  1.7203e+05  6.1441e+05  1.2297e+03  
331         4.1020e+10  8.5349e+04  6.2640e+05  1.1977e+03  4.4047e+01  3.8841e+05  1.4757e+03  1.6083e+05  6.3163e+05  1.2044e+03  3.1637e+03  6.3161e+05  1.2044e+03  1.6399e+05  6.3163e+05  1.2046e+03  
332         4.1481e+10  8.0867e+04  6.4388e+05  1.1729e+03  4.1320e+01  4.0797e+05  1.4379e+03  1.5333e+05  6.4922e+05  1.1800e+03  3.0117e+03  6.4921e+05  1.1800e+03  1.5634e+05  6.4922e+05  1.1801e+03  
333         4.1949e+10  7.6629e+04  6.6174e+05  1.1487e+03  3.8779e+01  4.2796e+05  1.4010e+03  1.4619e+05  6.6721e+05  1.1561e+03  2.8672e+03  6.6719e+05  1.1561e+03  1.4906e+05  6.6720e+05  1.1563e+03  
334         4.2423e+10  7.2624e+04  6.7999e+05  1.1250e+03  3.6412e+01  4.4838e+05  1.3648e+03  1.3939e+05  6.8557e+05  1.1329e+03  2.7299e+03  6.8556e+05  1.1329e+03  1.4212e+05  6.8557e+05  1.1330e+03  
335         4.2905e+10  6.8837e+04  6.9862e+05  1.1020e+03  3.4204e+01  4.6922e+05  1.3295e+03  1.3291e+05  7.0432e+05  1.1102e+03  2.5994e+03  7.0431e+05  1.1102e+03  1.3551e+05  7.0432e+05  1.1103e+03  
336         4.3393e+10  6.5256e+04  7.1764e+05  1.0794e+03  3.2144e+01  4.9049e+05  1.2949e+03  1.2674e+05  7.2346e+05  1.0881e+03  2.4754e+03  7.2345e+05  1.0881e+03  1.2922e+05  7.2346e+05  1.0883e+03  
337         4.3888e+10  6.1871e+04  7.3705e+05  1.0575e+03  3.0221e+01  5.1217e+05  1.2611e+03  1.2087e+05  7.4299e+05  1.0666e+03  2.3576e+03  7.4298e+05  1.0666e+03  1.2323e+05  7.4299e+05  1.0667e+03  
338         4.4391e+10  5.8669e+04  7.5685e+05  1.0360e+03  2.8424e+01  5.3427e+05  1.2280e+03  1.1528e+05  7.6292e+05  1.0456e+03  2.2455e+03  7.6290e+05  1.0456e+03  1.1753e+05  7.6292e+05  1.0458e+03  
339         4.4901e+10  5.5642e+04  7.7704e+05  1.0151e+03  2.6745e+01  5.5678e+05  1.1958e+03  1.0996e+05  7.8323e+05  1.0252e+03  2.1391e+03  7.8322e+05  1.0252e+03  1.1210e+05  7.8323e+05  1.0254e+03  
340         4.5419e+10  5.2778e+04  7.9763e+05  9.9474e+02  2.5175e+01  5.7971e+05  1.1643e+03  1.0489e+05  8.0394e+05  1.0053e+03  2.0379e+03  8.0393e+05  1.0053e+03  1.0693e+05  8.0394e+05  1.0055e+03  
341         4.5944e+10  5.0070e+04  8.1861e+05  9.7484e+02  2.3706e+01  6.0304e+05  1.1336e+03  1.0006e+05  8.2504e+05  9.8598e+02  1.9417e+03  8.2503e+05  9.8597e+02  1.0201e+05  8.2504e+05  9.8613e+02  
342         4.6477e+10  4.7507e+04  8.3999e+05  9.5543e+02  2.2331e+01  6.2678e+05  1.1036e+03  9.5468e+04  8.4654e+05  9.6713e+02  1.8503e+03  8.4653e+05  9.6712e+02  9.7318e+04  8.4654e+05  9.6728e+02  
343         4.7017e+10  4.5083e+04  8.6176e+05  9.3648e+02  2.1042e+01  6.5092e+05  1.0744e+03  9.1092e+04  8.6844e+05  9.4877e+02  1.7634e+03  8.6843e+05  9.4876e+02  9.2856e+04  8.6844e+05  9.4893e+02  
344         4.7566e+10  4.2789e+04  8.8393e+05  9.1800e+02  1.9835e+01  6.7547e+05  1.0460e+03  8.6925e+04  8.9073e+05  9.3090e+02  1.6807e+03  8.9072e+05  9.3089e+02  8.8606e+04  8.9073e+05  9.3105e+02  
345         4.8122e+10  4.0618e+04  9.0651e+05  8.9996e+02  1.8704e+01  7.0042e+05  1.0182e+03  8.2957e+04  9.1343e+05  9.1349e+02  1.6022e+03  9.1341e+05  9.1349e+02  8.4559e+04  9.1343e+05  9.1365e+02  
346         4.8687e+10  3.8563e+04  9.2948e+05  8.8235e+02  1.7643e+01  7.2576e+05  9.9113e+02  7.9178e+04  9.3652e+05  8.9655e+02  1.5274e+03  9.3651e+05  8.9655e+02  8.0706e+04  9.3652e+05  8.9672e+02  
347         4.9260e+10  3.6618e+04  9.5285e+05  8.6517e+02  1.6647e+01  7.5151e+05  9.6478e+02  7.5579e+04  9.6002e+05  8.8006e+02  1.4564e+03  9.6001e+05  8.8005e+02  7.7035e+04  9.6002e+05  8.8023e+02  
348         4.9841e+10  3.4776e+04  9.7663e+05  8.4840e+02  1.5712e+01  7.7765e+05  9.3910e+02  7.2150e+04  9.8392e+05  8.6401e+02  1.3888e+03  9.8391e+05  8.6400e+02  7.3539e+04  9.8392e+05  8.6417e+02  
349         5.0431e+10  3.3032e+04  1.0008e+06  8.3202e+02  1.4834e+01  8.0419e+05  9.1409e+02  6.8885e+04  1.0082e+06  8.4838e+02  1.3245e+03  1.0082e+06  8.4837e+02  7.0209e+04  1.0082e+06  8.4855e+02  
350         5.1029e+10  3.1380e+04  1.0254e+06  8.1603e+02  1.4009e+01  8.3112e+05  8.8974e+02  6.5774e+04  1.0329e+06  8.3317e+02  1.2634e+03  1.0329e+06  8.3316e+02  6.7037e+04  1.0329e+06  8.3334e+02  
351         5.1636e+10  2.9815e+04  1.0504e+06  8.0042e+02  1.3234e+01  8.5845e+05  8.6603e+02  6.2810e+04  1.0580e+06  8.1837e+02  1.2052e+03  1.0580e+06  8.1836e+02  6.4015e+04  1.0580e+06  8.1854e+02  
352         5.2252e+10  2.8333e+04  1.0758e+06  7.8517e+02  1.2505e+01  8.8618e+05  8.4294e+02  5.9985e+04  1.0836e+06  8.0396e+02  1.1498e+03  1.0836e+06  8.0395e+02  6.1135e+04  1.0836e+06  8.0413e+02  
353         5.2877e+10  2.6928e+04  1.1016e+06  7.7027e+02  1.1819e+01  9.1430e+05  8.2047e+02  5.7294e+04  1.1095e+06  7.8993e+02  1.0971e+03  1.1095e+06  7.8992e+02  5.8391e+04  1.1095e+06  7.9011e+02  
354         5.3511e+10  2.5597e+04  1.1278e+06  7.5572e+02  1.1174e+01  9.4282e+05  7.9860e+02  5.4729e+04  1.1358e+06  7.7627e+02  1.0470e+03  1.1358e+06  7.7626e+02  5.5776e+04  1.1358e+06  7.7645e+02  
355         5.4154e+10  2.4335e+04  1.1544e+06  7.4150e+02  1.0567e+01  9.7173e+05  7.7730e+02  5.2285e+04  1.1626e+06  7.6299e+02  9.9923e+02  1.1626e+06  7.6297e+02  5.3284e+04  1.1626e+06  7.6317e+02  
356         5.4807e+10  2.3139e+04  1.1815e+06  7.2760e+02  9.9948e+00  1.0010e+06  7.5658e+02  4.9955e+04  1.1898e+06  7.5005e+02  9.5378e+02  1.1897e+06  7.5004e+02  5.0908e+04  1.1898e+06  7.5023e+02  
357         5.5469e+10  2.2005e+04  1.2089e+06  7.1401e+02  9.4560e+00  1.0307e+06  7.3641e+02  4.7733e+04  1.2173e+06  7.3746e+02  9.1051e+02  1.2173e+06  7.3745e+02  4.8644e+04  1.2173e+06  7.3765e+02  
358         5.6141e+10  2.0929e+04  1.2368e+06  7.0072e+02  8.9482e+00  1.0608e+06  7.1678e+02  4.5615e+04  1.2453e+06  7.2520e+02  8.6930e+02  1.2453e+06  7.2519e+02  4.6484e+04  1.2453e+06  7.2539e+02  
359         5.6823e+10  1.9909e+04  1.2651e+06  6.8772e+02  8.4696e+00  1.0914e+06  6.9768e+02  4.3596e+04  1.2737e+06  7.1327e+02  8.3006e+02  1.2737e+06  7.1326e+02  4.4426e+04  1.2737e+06  7.1346e+02  
360         5.7514e+10  1.8941e+04  1.2938e+06  6.7501e+02  8.0182e+00  1.1223e+06  6.7910e+02  4.1670e+04  1.3026e+06  7.0166e+02  7.9267e+02  1.3026e+06  7.0165e+02  4.2462e+04  1.3026e+06  7.0185e+02  
361         5.8216e+10  1.8023e+04  1.3230e+06  6.6257e+02  7.5925e+00  1.1536e+06  6.6101e+02  3.9833e+04  1.3318e+06  6.9035e+02  7.5706e+02  1.3318e+06  6.9034e+02  4.0590e+04  1.3318e+06  6.9055e+02  
362         5.8928e+10  1.7151e+04  1.3525e+06  6.5040e+02  7.1908e+00  1.1853e+06  6.4341e+02  3.8080e+04  1.3615e+06  6.7935e+02  7.2312e+02  1.3615e+06  6.7934e+02  3.8804e+04  1.3615e+06  6.7955e+02  
363         5.9650e+10  1.6324e+04  1.3825e+06  6.3848e+02  6.8117e+00  1.2174e+06  6.2628e+02  3.6409e+04  1.3916e+06  6.6863e+02  6.9078e+02  1.3916e+06  6.6862e+02  3.7100e+04  1.3916e+06  6.6884e+02  
364         6.0383e+10  1.5539e+04  1.4130e+06  6.2681e+02  6.4538e+00  1.2499e+06  6.0962e+02  3.4814e+04  1.4222e+06  6.5820e+02  6.5996e+02  1.4222e+06  6.5819e+02  3.5474e+04  1.4222e+06  6.5841e+02  
365         6.1127e+10  1.4793e+04  1.4438e+06  6.1538e+02  6.1158e+00  1.2828e+06  5.9340e+02  3.3292e+04  1.4531e+06  6.4805e+02  6.3058e+02  1.4531e+06  6.4804e+02  3.3923e+04  1.4531e+06  6.4826e+02  
366         6.1881e+10  1.4085e+04  1.4751e+06  6.0418e+02  5.7965e+00  1.3162e+06  5.7762e+02  3.1840e+04  1.4845e+06  6.3816e+02  6.0257e+02  1.4845e+06  6.3815e+02  3.2442e+04  1.4845e+06  6.3838e+02  
367         6.2647e+10  1.3412e+04  1.5068e+06  5.9321e+02  5.4948e+00  1.3500e+06  5.6226e+02  3.0453e+04  1.5164e+06  6.2853e+02  5.7587e+02  1.5164e+06  6.2852e+02  3.1029e+04  1.5164e+06  6.2875e+02  
368         6.3423e+10  1.2774e+04  1.5390e+06  5.8245e+02  5.2097e+00  1.3841e+06  5.4731e+02  2.9130e+04  1.5487e+06  6.1916e+02  5.5040e+02  1.5487e+06  6.1915e+02  2.9680e+04  1.5487e+06  6.1938e+02  
369         6.4211e+10  1.2166e+04  1.5716e+06  5.7191e+02  4.9401e+00  1.4187e+06  5.3277e+02  2.7867e+04  1.5814e+06  6.1003e+02  5.2611e+02  1.5814e+06  6.1002e+02  2.8393e+04  1.5814e+06  6.1026e+02  
370         6.5011e+10  1.1590e+04  1.6047e+06  5.6157e+02  4.6853e+00  1.4538e+06  5.1861e+02  2.6660e+04  1.6146e+06  6.0114e+02  5.0294e+02  1.6146e+06  6.0113e+02  2.7163e+04  1.6146e+06  6.0137e+02  
371         6.5822e+10  1.1041e+04  1.6382e+06  5.5143e+02  4.4442e+00  1.4892e+06  5.0484e+02  2.5509e+04  1.6482e+06  5.9249e+02  4.8084e+02  1.6482e+06  5.9247e+02  2.5989e+04  1.6482e+06  5.9272e+02  
372         6.6645e+10  1.0520e+04  1.6722e+06  5.4148e+02  4.2162e+00  1.5251e+06  4.9143e+02  2.4408e+04  1.6823e+06  5.8406e+02  4.5975e+02  1.6823e+06  5.8404e+02  2.4868e+04  1.6823e+06  5.8429e+02  
373         6.7480e+10  1.0025e+04  1.7066e+06  5.3172e+02  4.0004e+00  1.5614e+06  4.7838e+02  2.3358e+04  1.7168e+06  5.7584e+02  4.3963e+02  1.7168e+06  5.7583e+02  2.3797e+04  1.7168e+06  5.7609e+02  
374         6.8327e+10  9.5536e+03  1.7415e+06  5.2214e+02  3.7962e+00  1.5982e+06  4.6568e+02  2.2354e+04  1.7518e+06  5.6785e+02  4.2042e+02  1.7518e+06  5.6783e+02  2.2774e+04  1.7518e+06  5.6809e+02  
375         6.9187e+10  9.1056e+03  1.7768e+06  5.1273e+02  3.6028e+00  1.6354e+06  4.5332e+02  2.1395e+04  1.7873e+06  5.6006e+02  4.0209e+02  1.7873e+06  5.6004e+02  2.1797e+04  1.7873e+06  5.6031e+02  
376         7.0059e+10  8.6795e+03  1.8127e+06  5.0349e+02  3.4198e+00  1.6731e+06  4.4129e+02  2.0479e+04  1.8232e+06  5.5247e+02  3.8459e+02  1.8232e+06  5.5245e+02  2.0863e+04  1.8232e+06  5.5272e+02  
377         7.0944e+10  8.2741e+03  1.8490e+06  4.9441e+02  3.2465e+00  1.7112e+06  4.2957e+02  1.9603e+04  1.8596e+06  5.4507e+02  3.6788e+02  1.8596e+06  5.4506e+02  1.9971e+04  1.8596e+06  5.4533e+02  
378         7.1841e+10  7.8884e+03  1.8857e+06  4.8549e+02  3.0823e+00  1.7497e+06  4.1817e+02  1.8766e+04  1.8965e+06  5.3787e+02  3.5193e+02  1.8965e+06  5.3785e+02  1.9118e+04  1.8965e+06  5.3813e+02  
379         7.2752e+10  7.5214e+03  1.9230e+06  4.7673e+02  2.9267e+00  1.7887e+06  4.0707e+02  1.7967e+04  1.9339e+06  5.3085e+02  3.3670e+02  1.9339e+06  5.3083e+02  1.8303e+04  1.9339e+06  5.3112e+02  
380         7.3676e+10  7.1721e+03  1.9608e+06  4.6812e+02  2.7793e+00  1.8282e+06  3.9626e+02  1.7202e+04  1.9717e+06  5.2401e+02  3.2214e+02  1.9717e+06  5.2399e+02  1.7524e+04  1.9717e+06  5.2429e+02  
381         7.4614e+10  6.8396e+03  1.9990e+06  4.5965e+02  2.6397e+00  1.8682e+06  3.8574e+02  1.6471e+04  2.0101e+06  5.1735e+02  3.0825e+02  2.0101e+06  5.1733e+02  1.6780e+04  2.0101e+06  5.1763e+02  
382         7.5566e+10  6.5232e+03  2.0377e+06  4.5133e+02  2.5073e+00  1.9086e+06  3.7549e+02  1.5773e+04  2.0489e+06  5.1085e+02  2.9497e+02  2.0489e+06  5.1083e+02  1.6068e+04  2.0489e+06  5.1114e+02  
383         7.6531e+10  6.2219e+03  2.0770e+06  4.4314e+02  2.3817e+00  1.9496e+06  3.6552e+02  1.5104e+04  2.0883e+06  5.0452e+02  2.8228e+02  2.0882e+06  5.0450e+02  1.5387e+04  2.0883e+06  5.0481e+02  
384         7.7510e+10  5.9350e+03  2.1167e+06  4.3509e+02  2.2627e+00  1.9910e+06  3.5580e+02  1.4465e+04  2.1281e+06  4.9835e+02  2.7016e+02  2.1281e+06  4.9833e+02  1.4736e+04  2.1281e+06  4.9865e+02  
385         7.8504e+10  5.6617e+03  2.1570e+06  4.2716e+02  2.1499e+00  2.0329e+06  3.4634e+02  1.3854e+04  2.1685e+06  4.9234e+02  2.5858e+02  2.1685e+06  4.9232e+02  1.4113e+04  2.1685e+06  4.9264e+02  
386         7.9512e+10  5.4015e+03  2.1978e+06  4.1937e+02  2.0428e+00  2.0753e+06  3.3713e+02  1.3270e+04  2.2094e+06  4.8647e+02  2.4751e+02  2.2093e+06  4.8645e+02  1.3517e+04  2.2094e+06  4.8678e+02  
387         8.0535e+10  5.1537e+03  2.2391e+06  4.1170e+02  1.9413e+00  2.1182e+06  3.2816e+02  1.2711e+04  2.2508e+06  4.8076e+02  2.3693e+02  2.2508e+06  4.8073e+02  1.2948e+04  2.2508e+06  4.8107e+02  
388         8.1573e+10  4.9175e+03  2.2810e+06  4.0415e+02  1.8449e+00  2.1616e+06  3.1942e+02  1.2176e+04  2.2927e+06  4.7518e+02  2.2681e+02  2.2927e+06  4.7516e+02  1.2403e+04  2.2927e+06  4.7550e+02  
389         8.2626e+10  4.6926e+03  2.3234e+06  3.9672e+02  1.7535e+00  2.2055e+06  3.1091e+02  1.1664e+04  2.3352e+06  4.6974e+02  2.1714e+02  2.3352e+06  4.6972e+02  1.1881e+04  2.3352e+06  4.7007e+02  
390         8.3694e+10  4.4782e+03  2.3663e+06  3.8940e+02  1.6668e+00  2.2500e+06  3.0261e+02  1.1174e+04  2.3782e+06  4.6444e+02  2.0789e+02  2.3782e+06  4.6442e+02  1.1382e+04  2.3782e+06  4.6478e+02  
391         8.4778e+10  4.2739e+03  2.4098e+06  3.8219e+02  1.5844e+00  2.2950e+06  2.9454e+02  1.0706e+04  2.4218e+06  4.5927e+02  1.9905e+02  2.4218e+06  4.5924e+02  1.0905e+04  2.4218e+06  4.5961e+02  
392         8.5878e+10  4.0792e+03  2.4538e+06  3.7510e+02  1.5063e+00  2.3405e+06  2.8667e+02  1.0257e+04  2.4659e+06  4.5422e+02  1.9060e+02  2.4659e+06  4.5420e+02  1.0448e+04  2.4659e+06  4.5457e+02  
393         8.6993e+10  3.8936e+03  2.4984e+06  3.6811e+02  1.4321e+00  2.3866e+06  2.7900e+02  9.8283e+03  2.5106e+06  4.4930e+02  1.8251e+02  2.5106e+06  4.4928e+02  1.0011e+04  2.5106e+06  4.4966e+02  
394         8.8125e+10  3.7167e+03  2.5436e+06  3.6123e+02  1.3616e+00  2.4332e+06  2.7153e+02  9.4175e+03  2.5558e+06  4.4450e+02  1.7478e+02  2.5558e+06  4.4447e+02  9.5923e+03  2.5558e+06  4.4486e+02  
395         8.9274e+10  3.5480e+03  2.5893e+06  3.5445e+02  1.2947e+00  2.4804e+06  2.6426e+02  9.0243e+03  2.6017e+06  4.3981e+02  1.6738e+02  2.6017e+06  4.3978e+02  9.1917e+03  2.6017e+06  4.4019e+02  
396         9.0439e+10  3.3872e+03  2.6357e+06  3.4778e+02  1.2312e+00  2.5281e+06  2.5717e+02  8.6479e+03  2.6481e+06  4.3524e+02  1.6031e+02  2.6481e+06  4.3521e+02  8.8082e+03  2.6481e+06  4.3562e+02  
397         9.1622e+10  3.2339e+03  2.6826e+06  3.4120e+02  1.1708e+00  2.5765e+06  2.5026e+02  8.2875e+03  2.6951e+06  4.3077e+02  1.5354e+02  2.6951e+06  4.3074e+02  8.4411e+03  2.6951e+06  4.3116e+02  
398         9.2821e+10  3.0876e+03  2.7301e+06  3.3472e+02  1.1135e+00  2.6254e+06  2.4352e+02  7.9425e+03  2.7427e+06  4.2641e+02  1.4706e+02  2.7427e+06  4.2638e+02  8.0895e+03  2.7427e+06  4.2681e+02  
399         9.4039e+10  2.9482e+03  2.7783e+06  3.2834e+02  1.0591e+00  2.6749e+06  2.3696e+02  7.6122e+03  2.7909e+06  4.2216e+02  1.4086e+02  2.7909e+06  4.2213e+02  7.7531e+03  2.7909e+06  4.2257e+02  
400         9.5274e+10  2.8151e+03  2.8270e+06  3.2205e+02  1.0073e+00  2.7250e+06  2.3056e+02  7.2955e+03  2.8398e+06  4.1799e+02  1.3492e+02  2.8398e+06  4.1796e+02  7.4304e+03  2.8398e+06  4.1841e+02  
401         9.6527e+10  2.6886e+03  2.8764e+06  3.1587e+02  9.5833e-01  2.7757e+06  2.2433e+02  6.9936e+03  2.8892e+06  4.1396e+02  1.2927e+02  2.8892e+06  4.1393e+02  7.1229e+03  2.8892e+06  4.1439e+02  
