I           X1          NDT_H       VX1_H       TMP_H       NDT_HE      VX1_HE      TMP_HE      NDT_H+      VX1_H+      TMP_H+      NDT_HE+     VX1_HE+     TMP_HE+     NDT_ELC     VX1_ELC     TMP_ELC     
2           9.7177e+09  8.8194e+12  -1.2926e+03 1.4963e+03  9.7861e+11  -1.2930e+03 1.4963e+03  6.5897e+06  -1.2926e+03 1.4963e+03  4.5119e+03  -1.2933e+03 1.4963e+03  6.5939e+06  -1.2920e+03 1.4975e+03  
3           9.7216e+09  8.5486e+12  -6.8114e+01 1.4907e+03  9.2854e+11  -6.8497e+01 1.4907e+03  6.6522e+06  -6.8135e+01 1.4907e+03  4.7283e+03  -6.9096e+01 1.4907e+03  6.6569e+06  -6.8890e+01 1.4922e+03  
4           9.7256e+09  8.2819e+12  5.2220e+00  1.4849e+03  8.8043e+11  4.8273e+00  1.4849e+03  6.8270e+06  5.1906e+00  1.4849e+03  5.1015e+03  4.1335e+00  1.4849e+03  6.8322e+06  5.3537e+00  1.4864e+03  
5           9.7296e+09  8.0206e+12  2.4621e+00  1.4787e+03  8.3446e+11  2.0519e+00  1.4787e+03  7.0899e+06  2.4230e+00  1.4787e+03  5.5326e+03  1.3275e+00  1.4787e+03  7.0954e+06  2.4391e+00  1.4802e+03  
6           9.7337e+09  7.7637e+12  8.6389e-01  1.4725e+03  7.9041e+11  4.3770e-01  1.4725e+03  7.4189e+06  8.1978e-01  1.4725e+03  5.9952e+03  -3.1239e-01 1.4725e+03  7.4249e+06  8.0707e-01  1.4739e+03  
7           9.7379e+09  7.5114e+12  1.0423e+00  1.4662e+03  7.4820e+11  5.9912e-01  1.4662e+03  7.7956e+06  9.9517e-01  1.4662e+03  6.4938e+03  -1.8489e-01 1.4662e+03  7.8021e+06  1.0047e+00  1.4676e+03  
8           9.7421e+09  7.2635e+12  1.0433e+00  1.4599e+03  7.0780e+11  5.8225e-01  1.4599e+03  8.2047e+06  9.9476e-01  1.4599e+03  7.0384e+03  -2.4244e-01 1.4599e+03  8.2117e+06  1.0008e+00  1.4611e+03  
9           9.7463e+09  7.0202e+12  1.0984e+00  1.4535e+03  6.6915e+11  6.1844e-01  1.4535e+03  8.6337e+06  1.0495e+00  1.4535e+03  7.6373e+03  -2.5095e-01 1.4535e+03  8.6413e+06  1.0557e+00  1.4546e+03  
10          9.7507e+09  6.7815e+12  1.1475e+00  1.4470e+03  6.3221e+11  6.4762e-01  1.4470e+03  9.0728e+06  1.0990e+00  1.4470e+03  8.2976e+03  -2.6929e-01 1.4470e+03  9.0811e+06  1.1050e+00  1.4481e+03  
11          9.7551e+09  6.5473e+12  1.2034e+00  1.4405e+03  5.9693e+11  6.8241e-01  1.4405e+03  9.5148e+06  1.1557e+00  1.4405e+03  9.0264e+03  -2.8464e-01 1.4405e+03  9.5238e+06  1.1616e+00  1.4415e+03  
12          9.7595e+09  6.3177e+12  1.2616e+00  1.4339e+03  5.6326e+11  7.1819e-01  1.4339e+03  9.9544e+06  1.2147e+00  1.4339e+03  9.8316e+03  -3.0171e-01 1.4339e+03  9.9642e+06  1.2205e+00  1.4349e+03  
13          9.7641e+09  6.0927e+12  1.3231e+00  1.4272e+03  5.3114e+11  7.5600e-01  1.4272e+03  1.0388e+07  1.2772e+00  1.4272e+03  1.0722e+04  -3.1955e-01 1.4272e+03  1.0399e+07  1.2828e+00  1.4281e+03  
14          9.7686e+09  5.8724e+12  1.3878e+00  1.4205e+03  5.0054e+11  7.9566e-01  1.4205e+03  1.0815e+07  1.3429e+00  1.4205e+03  1.1706e+04  -3.3837e-01 1.4205e+03  1.0827e+07  1.3483e+00  1.4214e+03  
15          9.7733e+09  5.6566e+12  1.4561e+00  1.4137e+03  4.7140e+11  8.3733e-01  1.4137e+03  1.1234e+07  1.4119e+00  1.4137e+03  1.2796e+04  -3.5801e-01 1.4137e+03  1.1246e+07  1.4171e+00  1.4145e+03  
16          9.7780e+09  5.4455e+12  1.5282e+00  1.4069e+03  4.4368e+11  8.8110e-01  1.4069e+03  1.1645e+07  1.4845e+00  1.4069e+03  1.4002e+04  -3.7832e-01 1.4069e+03  1.1659e+07  1.4895e+00  1.4077e+03  
17          9.7828e+09  5.2390e+12  1.6042e+00  1.3999e+03  4.1732e+11  9.2710e-01  1.3999e+03  1.2050e+07  1.5609e+00  1.3999e+03  1.5337e+04  -3.9914e-01 1.3999e+03  1.2065e+07  1.5656e+00  1.4007e+03  
18          9.7877e+09  5.0372e+12  1.6846e+00  1.3929e+03  3.9229e+11  9.7543e-01  1.3929e+03  1.2450e+07  1.6413e+00  1.3929e+03  1.6815e+04  -4.2025e-01 1.3929e+03  1.2466e+07  1.6457e+00  1.3937e+03  
19          9.7926e+09  4.8400e+12  1.7695e+00  1.3859e+03  3.6853e+11  1.0263e+00  1.3859e+03  1.2847e+07  1.7260e+00  1.3859e+03  1.8451e+04  -4.4138e-01 1.3859e+03  1.2865e+07  1.7301e+00  1.3866e+03  
20          9.7976e+09  4.6474e+12  1.8591e+00  1.3788e+03  3.4600e+11  1.0796e+00  1.3788e+03  1.3242e+07  1.8152e+00  1.3788e+03  2.0259e+04  -4.6243e-01 1.3788e+03  1.3262e+07  1.8190e+00  1.3795e+03  
21          9.8027e+09  4.4595e+12  1.9546e+00  1.3716e+03  3.2465e+11  1.1363e+00  1.3716e+03  1.3638e+07  1.9102e+00  1.3716e+03  2.2259e+04  -4.8221e-01 1.3716e+03  1.3660e+07  1.9135e+00  1.3723e+03  
22          9.8079e+09  4.2761e+12  2.0525e+00  1.3643e+03  3.0444e+11  1.1929e+00  1.3643e+03  1.4035e+07  2.0073e+00  1.3643e+03  2.4468e+04  -5.0423e-01 1.3643e+03  1.4060e+07  2.0101e+00  1.3650e+03  
23          9.8131e+09  4.0974e+12  2.1708e+00  1.3570e+03  2.8532e+11  1.2669e+00  1.3570e+03  1.4436e+07  2.1247e+00  1.3570e+03  2.6907e+04  -5.1050e-01 1.3570e+03  1.4463e+07  2.1273e+00  1.3576e+03  
24          9.8184e+09  3.9232e+12  2.2212e+00  1.3496e+03  2.6725e+11  1.2700e+00  1.3496e+03  1.4840e+07  2.1741e+00  1.3496e+03  2.9597e+04  -5.8918e-01 1.3496e+03  1.4869e+07  2.1737e+00  1.3502e+03  
25          9.8238e+09  3.7536e+12  2.6690e+00  1.3421e+03  2.5019e+11  1.6671e+00  1.3421e+03  1.5248e+07  2.6207e+00  1.3421e+03  3.2562e+04  -2.7487e-01 1.3421e+03  1.5280e+07  2.6264e+00  1.3428e+03  
26          9.8293e+09  3.5886e+12  1.8473e+00  1.3346e+03  2.3410e+11  7.9106e-01  1.3346e+03  1.5660e+07  1.7978e+00  1.3346e+03  3.5826e+04  -1.2344e+00 1.3346e+03  1.5696e+07  1.7946e+00  1.3352e+03  
27          9.8348e+09  3.4281e+12  3.3561e+00  1.3270e+03  2.1893e+11  2.2415e+00  1.3270e+03  1.6076e+07  3.3053e+00  1.3270e+03  3.9418e+04  1.3223e-01  1.3270e+03  1.6116e+07  3.3063e+00  1.3276e+03  
28          9.8404e+09  3.2721e+12  2.4036e+00  1.3193e+03  2.0464e+11  1.2263e+00  1.3193e+03  1.6496e+07  2.3514e+00  1.3193e+03  4.3366e+04  -9.6615e-01 1.3193e+03  1.6540e+07  2.3459e+00  1.3200e+03  
29          9.8461e+09  3.1206e+12  2.9842e+00  1.3116e+03  1.9119e+11  1.7395e+00  1.3116e+03  1.6918e+07  2.9306e+00  1.3116e+03  4.7701e+04  -5.3531e-01 1.3116e+03  1.6966e+07  2.9300e+00  1.3122e+03  
30          9.8519e+09  2.9735e+12  3.0500e+00  1.3038e+03  1.7854e+11  1.7328e+00  1.3038e+03  1.7342e+07  2.9949e+00  1.3038e+03  5.2459e+04  -6.2271e-01 1.3038e+03  1.7394e+07  2.9908e+00  1.3044e+03  
31          9.8578e+09  2.8309e+12  3.2414e+00  1.2960e+03  1.6666e+11  1.8460e+00  1.2960e+03  1.7765e+07  3.1849e+00  1.2960e+03  5.7677e+04  -5.8769e-01 1.2960e+03  1.7823e+07  3.1799e+00  1.2965e+03  
32          9.8638e+09  2.6926e+12  3.4187e+00  1.2880e+03  1.5551e+11  1.9390e+00  1.2880e+03  1.8187e+07  3.3607e+00  1.2880e+03  6.3397e+04  -5.6969e-01 1.2880e+03  1.8250e+07  3.3541e+00  1.2886e+03  
33          9.8698e+09  2.5587e+12  3.6147e+00  1.2801e+03  1.4505e+11  2.0439e+00  1.2801e+03  1.8606e+07  3.5551e+00  1.2801e+03  6.9663e+04  -5.3560e-01 1.2801e+03  1.8675e+07  3.5470e+00  1.2806e+03  
34          9.8759e+09  2.4291e+12  3.8225e+00  1.2720e+03  1.3525e+11  2.1533e+00  1.2720e+03  1.9020e+07  3.7614e+00  1.2720e+03  7.6528e+04  -4.9188e-01 1.2720e+03  1.9096e+07  3.7514e+00  1.2725e+03  
35          9.8822e+09  2.3038e+12  4.0453e+00  1.2639e+03  1.2607e+11  2.2697e+00  1.2639e+03  1.9427e+07  3.9825e+00  1.2639e+03  8.4048e+04  -4.3504e-01 1.2639e+03  1.9511e+07  3.9706e+00  1.2644e+03  
36          9.8885e+09  2.1827e+12  4.2839e+00  1.2557e+03  1.1747e+11  2.3930e+00  1.2557e+03  1.9826e+07  4.2195e+00  1.2557e+03  9.2289e+04  -3.6391e-01 1.2557e+03  1.9918e+07  4.2053e+00  1.2562e+03  
37          9.8949e+09  2.0659e+12  4.5398e+00  1.2474e+03  1.0944e+11  2.5239e+00  1.2474e+03  2.0216e+07  4.4736e+00  1.2474e+03  1.0133e+05  -2.7657e-01 1.2474e+03  2.0317e+07  4.4570e+00  1.2479e+03  
38          9.9014e+09  1.9531e+12  4.8147e+00  1.2391e+03  1.0192e+11  2.6631e+00  1.2391e+03  2.0594e+07  4.7465e+00  1.2391e+03  1.1124e+05  -1.7105e-01 1.2391e+03  2.0706e+07  4.7271e+00  1.2396e+03  
39          9.9080e+09  1.8444e+12  5.1101e+00  1.2307e+03  9.4904e+10  2.8111e+00  1.2307e+03  2.0962e+07  5.0398e+00  1.2307e+03  1.2214e+05  -4.5169e-02 1.2307e+03  2.1084e+07  5.0174e+00  1.2312e+03  
40          9.9147e+09  1.7398e+12  5.4282e+00  1.2223e+03  8.8352e+10  2.9689e+00  1.2223e+03  2.1318e+07  5.3553e+00  1.2223e+03  1.3413e+05  1.0346e-01  1.2223e+03  2.1452e+07  5.3295e+00  1.2228e+03  
41          9.9215e+09  1.6392e+12  5.7709e+00  1.2138e+03  8.2238e+10  3.1372e+00  1.2138e+03  2.1664e+07  5.6952e+00  1.2138e+03  1.4734e+05  2.7744e-01  1.2138e+03  2.1812e+07  5.6656e+00  1.2142e+03  
42          9.9284e+09  1.5424e+12  6.1408e+00  1.2052e+03  7.6534e+10  3.3168e+00  1.2052e+03  2.2003e+07  6.0615e+00  1.2052e+03  1.6194e+05  4.7959e-01  1.2052e+03  2.2165e+07  6.0277e+00  1.2057e+03  
43          9.9353e+09  1.4496e+12  6.5404e+00  1.1965e+03  7.1217e+10  3.5090e+00  1.1965e+03  2.2338e+07  6.4567e+00  1.1965e+03  1.7812e+05  7.1285e-01  1.1966e+03  2.2516e+07  6.4183e+00  1.1970e+03  
44          9.9424e+09  1.3606e+12  6.9729e+00  1.1878e+03  6.6259e+10  3.7149e+00  1.1878e+03  2.2676e+07  6.8835e+00  1.1878e+03  1.9611e+05  9.8025e-01  1.1878e+03  2.2873e+07  6.8399e+00  1.1883e+03  
45          9.9496e+09  1.2753e+12  7.4413e+00  1.1791e+03  6.1640e+10  3.9356e+00  1.1791e+03  2.3027e+07  7.3447e+00  1.1791e+03  2.1621e+05  1.2846e+00  1.1791e+03  2.3243e+07  7.2953e+00  1.1795e+03  
46          9.9569e+09  1.1937e+12  7.9500e+00  1.1703e+03  5.7335e+10  4.1730e+00  1.1703e+03  2.3402e+07  7.8440e+00  1.1703e+03  2.3882e+05  1.6292e+00  1.1703e+03  2.3641e+07  7.7882e+00  1.1707e+03  
47          9.9643e+09  1.1157e+12  8.5007e+00  1.1614e+03  5.3324e+10  4.4265e+00  1.1614e+03  2.3817e+07  8.3826e+00  1.1614e+03  2.6450e+05  2.0140e+00  1.1614e+03  2.4082e+07  8.3196e+00  1.1618e+03  
48          9.9719e+09  1.0413e+12  9.1111e+00  1.1524e+03  4.9586e+10  4.7108e+00  1.1524e+03  2.4293e+07  8.9776e+00  1.1524e+03  2.9400e+05  2.4547e+00  1.1524e+03  2.4587e+07  8.9066e+00  1.1528e+03  
49          9.9795e+09  9.7028e+11  9.7100e+00  1.1434e+03  4.6103e+10  4.9513e+00  1.1434e+03  2.4852e+07  9.5568e+00  1.1434e+03  3.2844e+05  2.8779e+00  1.1434e+03  2.5180e+07  9.4759e+00  1.1438e+03  
50          9.9872e+09  9.0272e+11  1.0729e+01  1.1343e+03  4.2857e+10  5.5758e+00  1.1343e+03  2.5521e+07  1.0551e+01  1.1343e+03  3.6943e+05  3.7146e+00  1.1343e+03  2.5890e+07  1.0462e+01  1.1347e+03  
51          9.9951e+09  8.3848e+11  1.0619e+01  1.1252e+03  3.9830e+10  5.0319e+00  1.1252e+03  2.6328e+07  1.0412e+01  1.1252e+03  4.1929e+05  3.4194e+00  1.1252e+03  2.6748e+07  1.0307e+01  1.1256e+03  
52          1.0003e+10  7.7749e+11  1.2813e+01  1.1160e+03  3.7007e+10  6.7468e+00  1.1160e+03  2.7304e+07  1.2571e+01  1.1160e+03  4.8132e+05  5.4330e+00  1.1160e+03  2.7786e+07  1.2455e+01  1.1164e+03  
53          1.0011e+10  7.1968e+11  1.2648e+01  1.1068e+03  3.4373e+10  6.0528e+00  1.1068e+03  2.8477e+07  1.2365e+01  1.1068e+03  5.6012e+05  5.1085e+00  1.1068e+03  2.9037e+07  1.2230e+01  1.1071e+03  
54          1.0019e+10  6.6495e+11  1.4135e+01  1.0975e+03  3.1914e+10  6.9535e+00  1.0975e+03  2.9870e+07  1.3805e+01  1.0975e+03  6.6191e+05  6.4775e+00  1.0975e+03  3.0532e+07  1.3654e+01  1.0978e+03  
55          1.0028e+10  6.1322e+11  1.5162e+01  1.0881e+03  2.9616e+10  7.3314e+00  1.0881e+03  3.1502e+07  1.4781e+01  1.0881e+03  7.9492e+05  7.4532e+00  1.0881e+03  3.2297e+07  1.4607e+01  1.0884e+03  
56          1.0036e+10  5.6443e+11  1.6434e+01  1.0787e+03  2.7469e+10  7.8818e+00  1.0787e+03  3.3382e+07  1.5996e+01  1.0787e+03  9.6959e+05  8.7574e+00  1.0787e+03  3.4352e+07  1.5799e+01  1.0790e+03  
57          1.0045e+10  5.1846e+11  1.7808e+01  1.0693e+03  2.5460e+10  8.4546e+00  1.0693e+03  3.5506e+07  1.7311e+01  1.0693e+03  1.1988e+06  1.0256e+01  1.0693e+03  3.6705e+07  1.7088e+01  1.0695e+03  
58          1.0053e+10  4.7525e+11  1.9337e+01  1.0597e+03  2.3580e+10  9.0894e+00  1.0597e+03  3.7857e+07  1.8776e+01  1.0597e+03  1.4977e+06  1.1994e+01  1.0597e+03  3.9355e+07  1.8525e+01  1.0600e+03  
59          1.0062e+10  4.3470e+11  2.1030e+01  1.0502e+03  2.1819e+10  9.7857e+00  1.0502e+03  4.0405e+07  2.0403e+01  1.0502e+03  1.8837e+06  1.3963e+01  1.0502e+03  4.2288e+07  2.0123e+01  1.0504e+03  
60          1.0071e+10  3.9673e+11  2.2912e+01  1.0405e+03  2.0169e+10  1.0552e+01  1.0405e+03  4.3102e+07  2.2213e+01  1.0405e+03  2.3754e+06  1.6159e+01  1.0405e+03  4.5478e+07  2.1903e+01  1.0408e+03  
61          1.0080e+10  3.6123e+11  2.5019e+01  1.0309e+03  1.8621e+10  1.1407e+01  1.0309e+03  4.5893e+07  2.4241e+01  1.0309e+03  2.9923e+06  1.8594e+01  1.0309e+03  4.8885e+07  2.3902e+01  1.0311e+03  
62          1.0089e+10  3.2812e+11  2.7332e+01  1.0211e+03  1.7168e+10  1.2315e+01  1.0211e+03  4.8710e+07  2.6468e+01  1.0211e+03  3.7534e+06  2.1225e+01  1.0212e+03  5.2463e+07  2.6100e+01  1.0214e+03  
63          1.0099e+10  2.9732e+11  3.0351e+01  1.0114e+03  1.5804e+10  1.3752e+01  1.0114e+03  5.1482e+07  2.9389e+01  1.0114e+03  4.6756e+06  2.4533e+01  1.0114e+03  5.6158e+07  2.8991e+01  1.0116e+03  
64          1.0108e+10  2.6871e+11  3.1596e+01  1.0016e+03  1.4523e+10  1.3212e+01  1.0016e+03  5.4138e+07  3.0521e+01  1.0016e+03  5.7719e+06  2.6024e+01  1.0016e+03  5.9910e+07  3.0094e+01  1.0018e+03  
65          1.0118e+10  2.4222e+11  4.6107e+01  9.9169e+02  1.3320e+10  2.5700e+01  9.9169e+02  5.6612e+07  4.4898e+01  9.9169e+02  7.0490e+06  4.0730e+01  9.9170e+02  6.3661e+07  4.4444e+01  9.9189e+02  
66          1.0128e+10  2.1774e+11  7.5855e+01  9.8179e+02  1.2190e+10  5.3180e+01  9.8179e+02  5.8844e+07  7.4486e+01  9.8179e+02  8.5026e+06  7.0618e+01  9.8180e+02  6.7347e+07  7.4004e+01  9.8199e+02  
67          1.0137e+10  1.9500e+11  6.9980e+01  9.7284e+02  1.1108e+10  4.4813e+01  9.7284e+02  6.0757e+07  6.8411e+01  9.7285e+02  1.0106e+07  6.4806e+01  9.7286e+02  7.0863e+07  6.7903e+01  9.7305e+02  
68          1.0147e+10  1.7364e+11  4.2278e+01  9.6699e+02  1.0042e+10  1.4340e+01  9.6699e+02  6.2267e+07  4.0450e+01  9.6700e+02  1.1806e+07  3.7058e+01  9.6701e+02  7.4073e+07  3.9917e+01  9.6720e+02  
69          1.0158e+10  1.5353e+11  2.9163e+01  9.6605e+02  8.9835e+09  -1.9637e+00 9.6605e+02  6.3336e+07  2.6997e+01  9.6607e+02  1.3541e+07  2.3754e+01  9.6607e+02  7.6876e+07  2.6432e+01  9.6627e+02  
70          1.0168e+10  1.3466e+11  1.9700e+01  9.7176e+02  7.9395e+09  -1.5159e+01 9.7176e+02  6.3973e+07  1.7097e+01  9.7178e+02  1.5242e+07  1.3935e+01  9.7178e+02  7.9214e+07  1.6495e+01  9.7198e+02  
71          1.0178e+10  1.1710e+11  2.0551e+01  9.8572e+02  6.9270e+09  -1.8733e+01 9.8572e+02  6.4217e+07  1.7384e+01  9.8573e+02  1.6842e+07  1.4233e+01  9.8574e+02  8.1059e+07  1.6736e+01  9.8593e+02  
72          1.0189e+10  1.0096e+11  3.0484e+01  1.0095e+03  5.9667e+09  -1.4076e+01 1.0095e+03  6.4127e+07  2.6595e+01  1.0095e+03  1.8284e+07  2.3380e+01  1.0095e+03  8.2411e+07  2.5888e+01  1.0097e+03  
73          1.0200e+10  8.6329e+10  5.0991e+01  1.0448e+03  5.0778e+09  1.2769e-01  1.0448e+03  6.3770e+07  4.6187e+01  1.0448e+03  1.9522e+07  4.2824e+01  1.0448e+03  8.3292e+07  4.5406e+01  1.0450e+03  
74          1.0211e+10  7.3269e+10  8.1831e+01  1.0933e+03  4.2751e+09  2.3437e+01  1.0933e+03  6.3209e+07  7.5877e+01  1.0933e+03  2.0530e+07  7.2269e+01  1.0934e+03  8.3739e+07  7.4999e+01  1.0936e+03  
75          1.0222e+10  6.1784e+10  1.2279e+02  1.1570e+03  3.5672e+09  5.5411e+01  1.1570e+03  6.2499e+07  1.1540e+02  1.1570e+03  2.1299e+07  1.1143e+02  1.1570e+03  8.3798e+07  1.1440e+02  1.1572e+03  
76          1.0233e+10  5.1830e+10  1.7299e+02  1.2377e+03  2.9564e+09  9.4892e+01  1.2377e+03  6.1681e+07  1.6381e+02  1.2378e+03  2.1840e+07  1.5933e+02  1.2378e+03  8.3521e+07  1.6265e+02  1.2380e+03  
77          1.0245e+10  4.3316e+10  2.3118e+02  1.3377e+03  2.4398e+09  1.4032e+02  1.3377e+03  6.0786e+07  2.1981e+02  1.3378e+03  2.2176e+07  2.1463e+02  1.3378e+03  8.2962e+07  2.1843e+02  1.3380e+03  
78          1.0256e+10  3.6122e+10  2.9584e+02  1.4591e+03  2.0100e+09  1.8980e+02  1.4591e+03  5.9833e+07  2.8179e+02  1.4591e+03  2.2340e+07  2.7569e+02  1.4591e+03  8.2173e+07  2.8014e+02  1.4594e+03  
79          1.0268e+10  3.0104e+10  3.6537e+02  1.6037e+03  1.6575e+09  2.4127e+02  1.6037e+03  5.8836e+07  3.4808e+02  1.6037e+03  2.2371e+07  3.4074e+02  1.6038e+03  8.1206e+07  3.4607e+02  1.6040e+03  
80          1.0280e+10  2.5112e+10  4.3816e+02  1.7734e+03  1.3716e+09  2.9265e+02  1.7734e+03  5.7803e+07  4.1701e+02  1.7734e+03  2.2306e+07  4.0803e+02  1.7734e+03  8.0109e+07  4.1451e+02  1.7737e+03  
81          1.0292e+10  2.1000e+10  5.1281e+02  1.9694e+03  1.1413e+09  3.4209e+02  1.9694e+03  5.6743e+07  4.8712e+02  1.9694e+03  2.2180e+07  4.7603e+02  1.9695e+03  7.8923e+07  4.8401e+02  1.9698e+03  
82          1.0304e+10  1.7630e+10  5.8816e+02  2.1923e+03  9.5676e+08  3.8815e+02  2.1923e+03  5.5663e+07  5.5727e+02  2.1924e+03  2.2019e+07  5.4347e+02  2.1924e+03  7.7682e+07  5.5336e+02  2.1927e+03  
83          1.0317e+10  1.4877e+10  6.6336e+02  2.4419e+03  8.0902e+08  4.2996e+02  2.4419e+03  5.4571e+07  6.2664e+02  2.4419e+03  2.1845e+07  6.0944e+02  2.4420e+03  7.6416e+07  6.2173e+02  2.4423e+03  
84          1.0330e+10  1.2634e+10  7.3783e+02  2.7168e+03  6.9057e+08  4.6737e+02  2.7168e+03  5.3477e+07  6.9476e+02  2.7169e+03  2.1669e+07  6.7343e+02  2.7169e+03  7.5146e+07  6.8862e+02  2.7173e+03  
85          1.0342e+10  1.0807e+10  8.1119e+02  3.0147e+03  5.9520e+08  5.0096e+02  3.0147e+03  5.2389e+07  7.6146e+02  3.0147e+03  2.1499e+07  7.3525e+02  3.0148e+03  7.3888e+07  7.5384e+02  3.0152e+03  
86          1.0356e+10  9.3184e+09  8.8326e+02  3.3320e+03  5.1795e+08  5.3191e+02  3.3320e+03  5.1321e+07  8.2680e+02  3.3321e+03  2.1334e+07  7.9501e+02  3.3321e+03  7.2655e+07  8.1747e+02  3.3326e+03  
87          1.0369e+10  8.1045e+09  9.5395e+02  3.6644e+03  4.5491e+08  5.6171e+02  3.6644e+03  5.0285e+07  8.9096e+02  3.6644e+03  2.1173e+07  8.5310e+02  3.6644e+03  7.1459e+07  8.7975e+02  3.6650e+03  
88          1.0382e+10  7.1119e+09  1.0233e+03  4.0066e+03  4.0305e+08  5.9188e+02  4.0066e+03  4.9299e+07  9.5422e+02  4.0066e+03  2.1013e+07  9.1000e+02  4.0066e+03  7.0312e+07  9.4101e+02  4.0072e+03  
89          1.0396e+10  6.2979e+09  1.0913e+03  4.3530e+03  3.6004e+08  6.2360e+02  4.3530e+03  4.8382e+07  1.0168e+03  4.3530e+03  2.0849e+07  9.6629e+02  4.3530e+03  6.9231e+07  1.0016e+03  4.3536e+03  
90          1.0410e+10  5.6276e+09  1.1581e+03  4.6980e+03  3.2411e+08  6.5757e+02  4.6980e+03  4.7556e+07  1.0791e+03  4.6980e+03  2.0675e+07  1.0225e+03  4.6980e+03  6.8231e+07  1.0619e+03  4.6986e+03  
91          1.0424e+10  5.0732e+09  1.2239e+03  5.0361e+03  2.9390e+08  6.9395e+02  5.0361e+03  4.6845e+07  1.1410e+03  5.0361e+03  2.0489e+07  1.0791e+03  5.0361e+03  6.7334e+07  1.1222e+03  5.0368e+03  
92          1.0438e+10  4.6122e+09  1.2889e+03  5.3624e+03  2.6835e+08  7.3246e+02  5.3624e+03  4.6276e+07  1.2028e+03  5.3624e+03  2.0288e+07  1.1365e+03  5.3624e+03  6.6565e+07  1.1826e+03  5.3631e+03  
93          1.0452e+10  4.2268e+09  1.3532e+03  5.6726e+03  2.4663e+08  7.7257e+02  5.6726e+03  4.5876e+07  1.2644e+03  5.6727e+03  2.0070e+07  1.1948e+03  5.6727e+03  6.5946e+07  1.2432e+03  5.6734e+03  
94          1.0467e+10  3.9027e+09  1.4170e+03  5.9634e+03  2.2809e+08  8.1362e+02  5.9634e+03  4.5668e+07  1.3259e+03  5.9634e+03  1.9834e+07  1.2542e+03  5.9635e+03  6.5503e+07  1.3042e+03  5.9642e+03  
95          1.0482e+10  3.6285e+09  1.4803e+03  6.2320e+03  2.1220e+08  8.5498e+02  6.2319e+03  4.5673e+07  1.3871e+03  6.2320e+03  1.9581e+07  1.3146e+03  6.2320e+03  6.5254e+07  1.3654e+03  6.2328e+03  
96          1.0497e+10  3.3951e+09  1.5431e+03  6.4765e+03  1.9854e+08  8.9608e+02  6.4765e+03  4.5901e+07  1.4481e+03  6.4765e+03  1.9312e+07  1.3759e+03  6.4766e+03  6.5213e+07  1.4268e+03  6.4773e+03  
97          1.0512e+10  3.1951e+09  1.6050e+03  6.6959e+03  1.8674e+08  9.3647e+02  6.6959e+03  4.6353e+07  1.5088e+03  6.6959e+03  1.9029e+07  1.4378e+03  6.6959e+03  6.5382e+07  1.4881e+03  6.6967e+03  
98          1.0528e+10  3.0226e+09  1.6659e+03  6.8898e+03  1.7652e+08  9.7579e+02  6.8898e+03  4.7020e+07  1.5689e+03  6.8898e+03  1.8735e+07  1.4998e+03  6.8898e+03  6.5755e+07  1.5492e+03  6.8905e+03  
99          1.0543e+10  2.8729e+09  1.7252e+03  7.0585e+03  1.6761e+08  1.0138e+03  7.0584e+03  4.7877e+07  1.6283e+03  7.0585e+03  1.8432e+07  1.5616e+03  7.0585e+03  6.6309e+07  1.6098e+03  7.0591e+03  
100         1.0559e+10  2.7420e+09  1.7828e+03  7.2029e+03  1.5981e+08  1.0503e+03  7.2029e+03  4.8890e+07  1.6868e+03  7.2029e+03  1.8125e+07  1.6228e+03  7.2029e+03  6.7015e+07  1.6695e+03  7.2035e+03  
101         1.0576e+10  2.6267e+09  1.8382e+03  7.3245e+03  1.5293e+08  1.0853e+03  7.3245e+03  5.0015e+07  1.7442e+03  7.3245e+03  1.7816e+07  1.6829e+03  7.3245e+03  6.7832e+07  1.7281e+03  7.3250e+03  
102         1.0592e+10  2.5244e+09  1.8914e+03  7.4251e+03  1.4680e+08  1.1188e+03  7.4251e+03  5.1204e+07  1.8005e+03  7.4251e+03  1.7509e+07  1.7416e+03  7.4252e+03  6.8714e+07  1.7855e+03  7.4256e+03  
103         1.0609e+10  2.4326e+09  1.9425e+03  7.5070e+03  1.4130e+08  1.1511e+03  7.5070e+03  5.2406e+07  1.8554e+03  7.5070e+03  1.7208e+07  1.7988e+03  7.5070e+03  6.9614e+07  1.8414e+03  7.5074e+03  
104         1.0626e+10  2.3497e+09  1.9917e+03  7.5725e+03  1.3630e+08  1.1824e+03  7.5725e+03  5.3572e+07  1.9092e+03  7.5725e+03  1.6914e+07  1.8544e+03  7.5725e+03  7.0486e+07  1.8960e+03  7.5729e+03  
105         1.0643e+10  2.2739e+09  2.0393e+03  7.6240e+03  1.3171e+08  1.2131e+03  7.6240e+03  5.4660e+07  1.9618e+03  7.6240e+03  1.6630e+07  1.9086e+03  7.6240e+03  7.1291e+07  1.9494e+03  7.6243e+03  
106         1.0660e+10  2.2040e+09  2.0860e+03  7.6638e+03  1.2745e+08  1.2434e+03  7.6638e+03  5.5636e+07  2.0135e+03  7.6638e+03  1.6359e+07  1.9615e+03  7.6638e+03  7.1995e+07  2.0017e+03  7.6641e+03  
107         1.0678e+10  2.1389e+09  2.1320e+03  7.6942e+03  1.2344e+08  1.2739e+03  7.6942e+03  5.6475e+07  2.0646e+03  7.6942e+03  1.6101e+07  2.0135e+03  7.6942e+03  7.2576e+07  2.0533e+03  7.6945e+03  
108         1.0696e+10  2.0777e+09  2.1780e+03  7.7171e+03  1.1963e+08  1.3047e+03  7.7171e+03  5.7160e+07  2.1155e+03  7.7171e+03  1.5858e+07  2.0649e+03  7.7172e+03  7.3018e+07  2.1045e+03  7.7174e+03  
109         1.0714e+10  2.0196e+09  2.2244e+03  7.7344e+03  1.1598e+08  1.3362e+03  7.7343e+03  5.7687e+07  2.1663e+03  7.7344e+03  1.5630e+07  2.1161e+03  7.7344e+03  7.3317e+07  2.1556e+03  7.7346e+03  
110         1.0732e+10  1.9641e+09  2.2717e+03  7.7474e+03  1.1245e+08  1.3686e+03  7.7473e+03  5.8058e+07  2.2176e+03  7.7474e+03  1.5416e+07  2.1675e+03  7.7474e+03  7.3473e+07  2.2071e+03  7.7476e+03  
111         1.0751e+10  1.9107e+09  2.3201e+03  7.7574e+03  1.0902e+08  1.4021e+03  7.7573e+03  5.8280e+07  2.2694e+03  7.7574e+03  1.5215e+07  2.2194e+03  7.7574e+03  7.3495e+07  2.2591e+03  7.7576e+03  
112         1.0770e+10  1.8590e+09  2.3701e+03  7.7654e+03  1.0568e+08  1.4368e+03  7.7653e+03  5.8366e+07  2.3222e+03  7.7654e+03  1.5028e+07  2.2722e+03  7.7654e+03  7.3394e+07  2.3120e+03  7.7656e+03  
113         1.0789e+10  1.8087e+09  2.4219e+03  7.7721e+03  1.0241e+08  1.4729e+03  7.7721e+03  5.8333e+07  2.3762e+03  7.7721e+03  1.4852e+07  2.3260e+03  7.7721e+03  7.3185e+07  2.3661e+03  7.7724e+03  
114         1.0809e+10  1.7596e+09  2.4756e+03  7.7782e+03  9.9203e+07  1.5104e+03  7.7782e+03  5.8199e+07  2.4317e+03  7.7783e+03  1.4686e+07  2.3813e+03  7.7783e+03  7.2884e+07  2.4215e+03  7.7785e+03  
115         1.0829e+10  1.7116e+09  2.5314e+03  7.7842e+03  9.6056e+07  1.5495e+03  7.7841e+03  5.7980e+07  2.4887e+03  7.7842e+03  1.4527e+07  2.4381e+03  7.7842e+03  7.2507e+07  2.4785e+03  7.7844e+03  
116         1.0849e+10  1.6646e+09  2.5894e+03  7.7902e+03  9.2967e+07  1.5901e+03  7.7901e+03  5.7693e+07  2.5474e+03  7.7902e+03  1.4376e+07  2.4968e+03  7.7902e+03  7.2068e+07  2.5373e+03  7.7904e+03  
117         1.0869e+10  1.6185e+09  2.6498e+03  7.7964e+03  8.9936e+07  1.6322e+03  7.7964e+03  5.7353e+07  2.6081e+03  7.7965e+03  1.4229e+07  2.5573e+03  7.7965e+03  7.1582e+07  2.5980e+03  7.7967e+03  
118         1.0890e+10  1.5732e+09  2.7125e+03  7.8031e+03  8.6964e+07  1.6760e+03  7.8031e+03  5.6975e+07  2.6709e+03  7.8031e+03  1.4085e+07  2.6200e+03  7.8032e+03  7.1060e+07  2.6608e+03  7.8034e+03  
119         1.0911e+10  1.5287e+09  2.7776e+03  7.8103e+03  8.4053e+07  1.7215e+03  7.8103e+03  5.6569e+07  2.7358e+03  7.8103e+03  1.3943e+07  2.6848e+03  7.8103e+03  7.0512e+07  2.7257e+03  7.8105e+03  
120         1.0933e+10  1.4850e+09  2.8452e+03  7.8179e+03  8.1203e+07  1.7686e+03  7.8179e+03  5.6144e+07  2.8029e+03  7.8179e+03  1.3802e+07  2.7519e+03  7.8179e+03  6.9946e+07  2.7929e+03  7.8181e+03  
121         1.0954e+10  1.4421e+09  2.9154e+03  7.8259e+03  7.8417e+07  1.8175e+03  7.8259e+03  5.5708e+07  2.8725e+03  7.8259e+03  1.3660e+07  2.8214e+03  7.8260e+03  6.9368e+07  2.8624e+03  7.8262e+03  
122         1.0976e+10  1.4000e+09  2.9881e+03  7.8344e+03  7.5696e+07  1.8681e+03  7.8344e+03  5.5265e+07  2.9444e+03  7.8344e+03  1.3518e+07  2.8934e+03  7.8344e+03  6.8783e+07  2.9344e+03  7.8347e+03  
123         1.0998e+10  1.3587e+09  3.0634e+03  7.8432e+03  7.3041e+07  1.9206e+03  7.8432e+03  5.4821e+07  3.0189e+03  7.8432e+03  1.3373e+07  2.9680e+03  7.8432e+03  6.8193e+07  3.0089e+03  7.8435e+03  
124         1.1021e+10  1.3183e+09  3.1414e+03  7.8523e+03  7.0453e+07  1.9749e+03  7.8523e+03  5.4376e+07  3.0960e+03  7.8524e+03  1.3226e+07  3.0452e+03  7.8524e+03  6.7602e+07  3.0861e+03  7.8526e+03  
125         1.1044e+10  1.2786e+09  3.2221e+03  7.8617e+03  6.7933e+07  2.0310e+03  7.8617e+03  5.3934e+07  3.1758e+03  7.8618e+03  1.3076e+07  3.1251e+03  7.8618e+03  6.7010e+07  3.1660e+03  7.8620e+03  
126         1.1067e+10  1.2398e+09  3.3056e+03  7.8713e+03  6.5480e+07  2.0892e+03  7.8713e+03  5.3494e+07  3.2584e+03  7.8713e+03  1.2923e+07  3.2078e+03  7.8713e+03  6.6417e+07  3.2486e+03  7.8716e+03  
127         1.1091e+10  1.2018e+09  3.3920e+03  7.8810e+03  6.3094e+07  2.1494e+03  7.8810e+03  5.3057e+07  3.3439e+03  7.8811e+03  1.2767e+07  3.2934e+03  7.8811e+03  6.5824e+07  3.3341e+03  7.8813e+03  
128         1.1115e+10  1.1647e+09  3.4813e+03  7.8909e+03  6.0776e+07  2.2117e+03  7.8908e+03  5.2622e+07  3.4323e+03  7.8909e+03  1.2608e+07  3.3819e+03  7.8909e+03  6.5230e+07  3.4225e+03  7.8911e+03  
129         1.1139e+10  1.1284e+09  3.5735e+03  7.9008e+03  5.8525e+07  2.2761e+03  7.9007e+03  5.2190e+07  3.5237e+03  7.9008e+03  1.2446e+07  3.4735e+03  7.9008e+03  6.4636e+07  3.5140e+03  7.9010e+03  
130         1.1164e+10  1.0929e+09  3.6689e+03  7.9107e+03  5.6339e+07  2.3428e+03  7.9107e+03  5.1758e+07  3.6182e+03  7.9107e+03  1.2281e+07  3.5682e+03  7.9107e+03  6.4039e+07  3.6087e+03  7.9110e+03  
131         1.1189e+10  1.0582e+09  3.7676e+03  7.9207e+03  5.4218e+07  2.4118e+03  7.9206e+03  5.1327e+07  3.7160e+03  7.9207e+03  1.2114e+07  3.6662e+03  7.9207e+03  6.3441e+07  3.7065e+03  7.9209e+03  
132         1.1214e+10  1.0244e+09  3.8695e+03  7.9306e+03  5.2161e+07  2.4832e+03  7.9306e+03  5.0896e+07  3.8172e+03  7.9306e+03  1.1944e+07  3.7674e+03  7.9306e+03  6.2840e+07  3.8077e+03  7.9309e+03  
133         1.1240e+10  9.9138e+08  3.9748e+03  7.9405e+03  5.0168e+07  2.5570e+03  7.9405e+03  5.0464e+07  3.9217e+03  7.9406e+03  1.1771e+07  3.8722e+03  7.9406e+03  6.2235e+07  3.9124e+03  7.9408e+03  
134         1.1266e+10  9.5918e+08  4.0837e+03  7.9504e+03  4.8236e+07  2.6335e+03  7.9504e+03  5.0030e+07  4.0299e+03  7.9505e+03  1.1597e+07  3.9804e+03  7.9505e+03  6.1627e+07  4.0206e+03  7.9507e+03  
135         1.1293e+10  9.2779e+08  4.1963e+03  7.9603e+03  4.6364e+07  2.7127e+03  7.9603e+03  4.9595e+07  4.1417e+03  7.9603e+03  1.1421e+07  4.0924e+03  7.9603e+03  6.1016e+07  4.1325e+03  7.9606e+03  
136         1.1320e+10  8.9719e+08  4.3127e+03  7.9701e+03  4.4552e+07  2.7946e+03  7.9701e+03  4.9157e+07  4.2574e+03  7.9701e+03  1.1243e+07  4.2082e+03  7.9701e+03  6.0400e+07  4.2482e+03  7.9704e+03  
137         1.1347e+10  8.6737e+08  4.4331e+03  7.9798e+03  4.2798e+07  2.8794e+03  7.9798e+03  4.8716e+07  4.3770e+03  7.9799e+03  1.1064e+07  4.3280e+03  7.9799e+03  5.9780e+07  4.3679e+03  7.9801e+03  
138         1.1375e+10  8.3833e+08  4.5575e+03  7.9895e+03  4.1101e+07  2.9672e+03  7.9895e+03  4.8273e+07  4.5007e+03  7.9896e+03  1.0883e+07  4.4518e+03  7.9896e+03  5.9156e+07  4.4917e+03  7.9898e+03  
139         1.1403e+10  8.1005e+08  4.6862e+03  7.9992e+03  3.9460e+07  3.0581e+03  7.9991e+03  4.7826e+07  4.6287e+03  7.9992e+03  1.0701e+07  4.5799e+03  7.9992e+03  5.8527e+07  4.6198e+03  7.9995e+03  
140         1.1431e+10  7.8252e+08  4.8193e+03  8.0088e+03  3.7873e+07  3.1522e+03  8.0087e+03  4.7376e+07  4.7610e+03  8.0088e+03  1.0519e+07  4.7123e+03  8.0088e+03  5.7895e+07  4.7522e+03  8.0090e+03  
141         1.1460e+10  7.5574e+08  4.9569e+03  8.0183e+03  3.6340e+07  3.2496e+03  8.0182e+03  4.6923e+07  4.8980e+03  8.0183e+03  1.0336e+07  4.8494e+03  8.0183e+03  5.7258e+07  4.8892e+03  8.0186e+03  
142         1.1489e+10  7.2968e+08  5.0993e+03  8.0277e+03  3.4858e+07  3.3505e+03  8.0277e+03  4.6466e+07  5.0396e+03  8.0278e+03  1.0152e+07  4.9911e+03  8.0278e+03  5.6618e+07  5.0309e+03  8.0280e+03  
143         1.1519e+10  7.0434e+08  5.2466e+03  8.0371e+03  3.3428e+07  3.4550e+03  8.0371e+03  4.6007e+07  5.1862e+03  8.0371e+03  9.9675e+06  5.1378e+03  8.0372e+03  5.5974e+07  5.1776e+03  8.0374e+03  
144         1.1549e+10  6.7970e+08  5.3989e+03  8.0464e+03  3.2046e+07  3.5631e+03  8.0464e+03  4.5543e+07  5.3378e+03  8.0465e+03  9.7830e+06  5.2895e+03  8.0465e+03  5.5326e+07  5.3293e+03  8.0467e+03  
145         1.1580e+10  6.5575e+08  5.5566e+03  8.0557e+03  3.0713e+07  3.6752e+03  8.0556e+03  4.5077e+07  5.4947e+03  8.0557e+03  9.5985e+06  5.4465e+03  8.0557e+03  5.4676e+07  5.4862e+03  8.0560e+03  
146         1.1611e+10  6.3249e+08  5.7197e+03  8.0649e+03  2.9427e+07  3.7912e+03  8.0648e+03  4.4607e+07  5.6571e+03  8.0649e+03  9.4141e+06  5.6089e+03  8.0649e+03  5.4022e+07  5.6487e+03  8.0652e+03  
147         1.1643e+10  6.0990e+08  5.8884e+03  8.0740e+03  2.8187e+07  3.9113e+03  8.0739e+03  4.4135e+07  5.8251e+03  8.0740e+03  9.2299e+06  5.7770e+03  8.0740e+03  5.3365e+07  5.8168e+03  8.0743e+03  
148         1.1675e+10  5.8796e+08  6.0630e+03  8.0830e+03  2.6992e+07  4.0358e+03  8.0830e+03  4.3659e+07  5.9990e+03  8.0831e+03  9.0461e+06  5.9509e+03  8.0831e+03  5.2705e+07  5.9907e+03  8.0833e+03  
149         1.1707e+10  5.6666e+08  6.2437e+03  8.0920e+03  2.5840e+07  4.1647e+03  8.0919e+03  4.3180e+07  6.1789e+03  8.0920e+03  8.8628e+06  6.1310e+03  8.0920e+03  5.2043e+07  6.1708e+03  8.0923e+03  
150         1.1740e+10  5.4600e+08  6.4307e+03  8.1008e+03  2.4730e+07  4.2981e+03  8.1008e+03  4.2698e+07  6.3652e+03  8.1009e+03  8.6803e+06  6.3173e+03  8.1009e+03  5.1378e+07  6.3571e+03  8.1011e+03  
151         1.1774e+10  5.2596e+08  6.6242e+03  8.1096e+03  2.3662e+07  4.4364e+03  8.1095e+03  4.2213e+07  6.5580e+03  8.1097e+03  8.4985e+06  6.5101e+03  8.1097e+03  5.0712e+07  6.5499e+03  8.1099e+03  
152         1.1808e+10  5.0653e+08  6.8244e+03  8.1183e+03  2.2634e+07  4.5796e+03  8.1182e+03  4.1726e+07  6.7575e+03  8.1183e+03  8.3176e+06  6.7096e+03  8.1184e+03  5.0043e+07  6.7495e+03  8.1186e+03  
153         1.1842e+10  4.8769e+08  7.0317e+03  8.1269e+03  2.1644e+07  4.7279e+03  8.1268e+03  4.1235e+07  6.9640e+03  8.1269e+03  8.1378e+06  6.9162e+03  8.1269e+03  4.9373e+07  6.9561e+03  8.1272e+03  
154         1.1877e+10  4.6944e+08  7.2461e+03  8.1354e+03  2.0692e+07  4.8816e+03  8.1353e+03  4.0741e+07  7.1777e+03  8.1354e+03  7.9592e+06  7.1299e+03  8.1354e+03  4.8701e+07  7.1699e+03  8.1357e+03  
155         1.1912e+10  4.5176e+08  7.4681e+03  8.1437e+03  1.9777e+07  5.0407e+03  8.1437e+03  4.0245e+07  7.3990e+03  8.1438e+03  7.7820e+06  7.3512e+03  8.1438e+03  4.8027e+07  7.3912e+03  8.1441e+03  
156         1.1948e+10  4.3464e+08  7.6977e+03  8.1520e+03  1.8897e+07  5.2055e+03  8.1519e+03  3.9746e+07  7.6280e+03  8.1520e+03  7.6061e+06  7.5802e+03  8.1521e+03  4.7352e+07  7.6203e+03  8.1523e+03  
157         1.1985e+10  4.1807e+08  7.9354e+03  8.1601e+03  1.8052e+07  5.3761e+03  8.1600e+03  3.9245e+07  7.8650e+03  8.1602e+03  7.4318e+06  7.8172e+03  8.1602e+03  4.6676e+07  7.8574e+03  8.1605e+03  
158         1.2022e+10  4.0203e+08  8.1814e+03  8.1681e+03  1.7240e+07  5.5529e+03  8.1680e+03  3.8740e+07  8.1103e+03  8.1682e+03  7.2592e+06  8.0625e+03  8.1682e+03  4.6000e+07  8.1027e+03  8.1685e+03  
159         1.2059e+10  3.8652e+08  8.4359e+03  8.1760e+03  1.6461e+07  5.7359e+03  8.1759e+03  3.8234e+07  8.3642e+03  8.1760e+03  7.0884e+06  8.3163e+03  8.1761e+03  4.5322e+07  8.3567e+03  8.1763e+03  
160         1.2097e+10  3.7152e+08  8.6993e+03  8.1837e+03  1.5713e+07  5.9254e+03  8.1836e+03  3.7724e+07  8.6269e+03  8.1838e+03  6.9194e+06  8.5790e+03  8.1838e+03  4.4644e+07  8.6195e+03  8.1840e+03  
161         1.2136e+10  3.5702e+08  8.9718e+03  8.1912e+03  1.4995e+07  6.1217e+03  8.1911e+03  3.7213e+07  8.8988e+03  8.1913e+03  6.7523e+06  8.8509e+03  8.1913e+03  4.3965e+07  8.8915e+03  8.1916e+03  
162         1.2175e+10  3.4300e+08  9.2537e+03  8.1986e+03  1.4306e+07  6.3249e+03  8.1985e+03  3.6699e+07  9.1802e+03  8.1987e+03  6.5873e+06  9.1322e+03  8.1987e+03  4.3286e+07  9.1729e+03  8.1990e+03  
163         1.2215e+10  3.2947e+08  9.5455e+03  8.2058e+03  1.3646e+07  6.5353e+03  8.2057e+03  3.6183e+07  9.4714e+03  8.2059e+03  6.4245e+06  9.4233e+03  8.2059e+03  4.2607e+07  9.4641e+03  8.2062e+03  
164         1.2256e+10  3.1640e+08  9.8472e+03  8.2129e+03  1.3013e+07  6.7531e+03  8.2127e+03  3.5664e+07  9.7726e+03  8.2129e+03  6.2638e+06  9.7245e+03  8.2129e+03  4.1928e+07  9.7655e+03  8.2132e+03  
165         1.2297e+10  3.0378e+08  1.0159e+04  8.2197e+03  1.2407e+07  6.9786e+03  8.2195e+03  3.5144e+07  1.0084e+04  8.2197e+03  6.1055e+06  1.0036e+04  8.2198e+03  4.1250e+07  1.0077e+04  8.2201e+03  
166         1.2338e+10  2.9161e+08  1.0482e+04  8.2263e+03  1.1826e+07  7.2119e+03  8.2261e+03  3.4622e+07  1.0407e+04  8.2264e+03  5.9494e+06  1.0358e+04  8.2264e+03  4.0572e+07  1.0400e+04  8.2267e+03  
167         1.2380e+10  2.7986e+08  1.0816e+04  8.2327e+03  1.1270e+07  7.4534e+03  8.2325e+03  3.4099e+07  1.0740e+04  8.2327e+03  5.7958e+06  1.0692e+04  8.2327e+03  3.9895e+07  1.0733e+04  8.2331e+03  
168         1.2423e+10  2.6854e+08  1.1162e+04  8.2388e+03  1.0738e+07  7.7033e+03  8.2386e+03  3.3574e+07  1.1085e+04  8.2389e+03  5.6446e+06  1.1037e+04  8.2389e+03  3.9218e+07  1.1078e+04  8.2392e+03  
169         1.2466e+10  2.5762e+08  1.1519e+04  8.2447e+03  1.0228e+07  7.9618e+03  8.2445e+03  3.3048e+07  1.1442e+04  8.2448e+03  5.4960e+06  1.1393e+04  8.2448e+03  3.8543e+07  1.1435e+04  8.2451e+03  
170         1.2510e+10  2.4710e+08  1.1888e+04  8.2503e+03  9.7411e+06  8.2293e+03  8.2501e+03  3.2520e+07  1.1811e+04  8.2504e+03  5.3499e+06  1.1762e+04  8.2504e+03  3.7870e+07  1.1804e+04  8.2507e+03  
171         1.2555e+10  2.3697e+08  1.2270e+04  8.2557e+03  9.2751e+06  8.5060e+03  8.2555e+03  3.1992e+07  1.2193e+04  8.2558e+03  5.2063e+06  1.2144e+04  8.2558e+03  3.7199e+07  1.2186e+04  8.2561e+03  
172         1.2601e+10  2.2721e+08  1.2664e+04  8.2607e+03  8.8296e+06  8.7922e+03  8.2605e+03  3.1464e+07  1.2587e+04  8.2608e+03  5.0654e+06  1.2538e+04  8.2608e+03  3.6529e+07  1.2580e+04  8.2612e+03  
173         1.2647e+10  2.1781e+08  1.3072e+04  8.2655e+03  8.4039e+06  9.0881e+03  8.2652e+03  3.0935e+07  1.2995e+04  8.2656e+03  4.9272e+06  1.2945e+04  8.2656e+03  3.5862e+07  1.2988e+04  8.2659e+03  
174         1.2693e+10  2.0877e+08  1.3494e+04  8.2699e+03  7.9971e+06  9.3940e+03  8.2697e+03  3.0405e+07  1.3416e+04  8.2700e+03  4.7916e+06  1.3366e+04  8.2700e+03  3.5197e+07  1.3409e+04  8.2703e+03  
175         1.2741e+10  2.0007e+08  1.3929e+04  8.2740e+03  7.6086e+06  9.7102e+03  8.2737e+03  2.9877e+07  1.3851e+04  8.2741e+03  4.6587e+06  1.3802e+04  8.2741e+03  3.4535e+07  1.3845e+04  8.2744e+03  
176         1.2789e+10  1.9171e+08  1.4379e+04  8.2777e+03  7.2376e+06  1.0037e+04  8.2774e+03  2.9348e+07  1.4301e+04  8.2778e+03  4.5284e+06  1.4251e+04  8.2778e+03  3.3877e+07  1.4295e+04  8.2781e+03  
177         1.2837e+10  1.8366e+08  1.4844e+04  8.2810e+03  6.8835e+06  1.0375e+04  8.2807e+03  2.8821e+07  1.4766e+04  8.2811e+03  4.4009e+06  1.4716e+04  8.2811e+03  3.3221e+07  1.4759e+04  8.2815e+03  
178         1.2887e+10  1.7593e+08  1.5324e+04  8.2840e+03  6.5456e+06  1.0724e+04  8.2837e+03  2.8294e+07  1.5246e+04  8.2841e+03  4.2761e+06  1.5196e+04  8.2841e+03  3.2570e+07  1.5239e+04  8.2844e+03  
179         1.2937e+10  1.6850e+08  1.5819e+04  8.2865e+03  6.2233e+06  1.1084e+04  8.2862e+03  2.7769e+07  1.5742e+04  8.2866e+03  4.1539e+06  1.5691e+04  8.2866e+03  3.1923e+07  1.5735e+04  8.2870e+03  
180         1.2988e+10  1.6136e+08  1.6331e+04  8.2886e+03  5.9159e+06  1.1456e+04  8.2882e+03  2.7245e+07  1.6253e+04  8.2887e+03  4.0345e+06  1.6203e+04  8.2887e+03  3.1279e+07  1.6247e+04  8.2891e+03  
181         1.3040e+10  1.5451e+08  1.6859e+04  8.2902e+03  5.6228e+06  1.1841e+04  8.2898e+03  2.6723e+07  1.6782e+04  8.2903e+03  3.9177e+06  1.6731e+04  8.2903e+03  3.0641e+07  1.6775e+04  8.2907e+03  
182         1.3092e+10  1.4792e+08  1.7404e+04  8.2914e+03  5.3434e+06  1.2237e+04  8.2910e+03  2.6204e+07  1.7327e+04  8.2915e+03  3.8037e+06  1.7276e+04  8.2915e+03  3.0007e+07  1.7321e+04  8.2919e+03  
183         1.3145e+10  1.4161e+08  1.7967e+04  8.2920e+03  5.0771e+06  1.2647e+04  8.2916e+03  2.5687e+07  1.7890e+04  8.2921e+03  3.6922e+06  1.7838e+04  8.2921e+03  2.9379e+07  1.7884e+04  8.2925e+03  
184         1.3199e+10  1.3554e+08  1.8547e+04  8.2922e+03  4.8235e+06  1.3069e+04  8.2917e+03  2.5173e+07  1.8471e+04  8.2923e+03  3.5834e+06  1.8419e+04  8.2923e+03  2.8756e+07  1.8464e+04  8.2927e+03  
185         1.3254e+10  1.2973e+08  1.9145e+04  8.2918e+03  4.5819e+06  1.3505e+04  8.2913e+03  2.4662e+07  1.9070e+04  8.2919e+03  3.4772e+06  1.9017e+04  8.2919e+03  2.8139e+07  1.9063e+04  8.2923e+03  
186         1.3309e+10  1.2415e+08  1.9762e+04  8.2908e+03  4.3519e+06  1.3955e+04  8.2903e+03  2.4154e+07  1.9687e+04  8.2910e+03  3.3736e+06  1.9635e+04  8.2910e+03  2.7528e+07  1.9681e+04  8.2914e+03  
187         1.3366e+10  1.1880e+08  2.0399e+04  8.2893e+03  4.1329e+06  1.4418e+04  8.2888e+03  2.3651e+07  2.0324e+04  8.2894e+03  3.2726e+06  2.0271e+04  8.2894e+03  2.6923e+07  2.0318e+04  8.2898e+03  
188         1.3423e+10  1.1367e+08  2.1055e+04  8.2871e+03  3.9245e+06  1.4896e+04  8.2866e+03  2.3151e+07  2.0981e+04  8.2873e+03  3.1741e+06  2.0928e+04  8.2873e+03  2.6325e+07  2.0974e+04  8.2877e+03  
189         1.3481e+10  1.0876e+08  2.1731e+04  8.2844e+03  3.7262e+06  1.5388e+04  8.2838e+03  2.2656e+07  2.1658e+04  8.2845e+03  3.0781e+06  2.1604e+04  8.2845e+03  2.5734e+07  2.1651e+04  8.2850e+03  
190         1.3540e+10  1.0405e+08  2.2427e+04  8.2810e+03  3.5376e+06  1.5895e+04  8.2804e+03  2.2165e+07  2.2355e+04  8.2811e+03  2.9845e+06  2.2301e+04  8.2811e+03  2.5149e+07  2.2348e+04  8.2816e+03  
191         1.3599e+10  9.9536e+07  2.3144e+04  8.2769e+03  3.3581e+06  1.6418e+04  8.2763e+03  2.1679e+07  2.3073e+04  8.2771e+03  2.8934e+06  2.3019e+04  8.2771e+03  2.4572e+07  2.3067e+04  8.2775e+03  
192         1.3660e+10  9.5213e+07  2.3883e+04  8.2721e+03  3.1875e+06  1.6956e+04  8.2715e+03  2.1198e+07  2.3813e+04  8.2723e+03  2.8047e+06  2.3759e+04  8.2723e+03  2.4002e+07  2.3807e+04  8.2728e+03  
193         1.3722e+10  9.1073e+07  2.4644e+04  8.2667e+03  3.0253e+06  1.7510e+04  8.2660e+03  2.0722e+07  2.4575e+04  8.2668e+03  2.7183e+06  2.4520e+04  8.2668e+03  2.3440e+07  2.4569e+04  8.2673e+03  
194         1.3784e+10  8.7108e+07  2.5428e+04  8.2604e+03  2.8711e+06  1.8080e+04  8.2598e+03  2.0252e+07  2.5360e+04  8.2606e+03  2.6343e+06  2.5304e+04  8.2606e+03  2.2886e+07  2.5353e+04  8.2611e+03  
195         1.3847e+10  8.3313e+07  2.6234e+04  8.2535e+03  2.7246e+06  1.8667e+04  8.2527e+03  1.9787e+07  2.6167e+04  8.2537e+03  2.5525e+06  2.6111e+04  8.2537e+03  2.2340e+07  2.6161e+04  8.2541e+03  
196         1.3911e+10  7.9679e+07  2.7063e+04  8.2457e+03  2.5854e+06  1.9270e+04  8.2450e+03  1.9329e+07  2.6998e+04  8.2459e+03  2.4730e+06  2.6942e+04  8.2459e+03  2.1802e+07  2.6991e+04  8.2464e+03  
197         1.3977e+10  7.6202e+07  2.7917e+04  8.2371e+03  2.4532e+06  1.9891e+04  8.2364e+03  1.8876e+07  2.7853e+04  8.2374e+03  2.3956e+06  2.7796e+04  8.2374e+03  2.1272e+07  2.7846e+04  8.2378e+03  
198         1.4043e+10  7.2874e+07  2.8794e+04  8.2278e+03  2.3275e+06  2.0529e+04  8.2270e+03  1.8430e+07  2.8732e+04  8.2280e+03  2.3204e+06  2.8675e+04  8.2280e+03  2.0750e+07  2.8726e+04  8.2285e+03  
199         1.4110e+10  6.9689e+07  2.9697e+04  8.2175e+03  2.2082e+06  2.1185e+04  8.2167e+03  1.7990e+07  2.9636e+04  8.2178e+03  2.2474e+06  2.9579e+04  8.2178e+03  2.0237e+07  2.9630e+04  8.2183e+03  
200         1.4178e+10  6.6642e+07  3.0625e+04  8.2065e+03  2.0949e+06  2.1859e+04  8.2056e+03  1.7556e+07  3.0566e+04  8.2067e+03  2.1763e+06  3.0508e+04  8.2067e+03  1.9733e+07  3.0560e+04  8.2072e+03  
201         1.4247e+10  6.3727e+07  3.1579e+04  8.1945e+03  1.9874e+06  2.2552e+04  8.1936e+03  1.7130e+07  3.1522e+04  8.1947e+03  2.1074e+06  3.1463e+04  8.1947e+03  1.9237e+07  3.1515e+04  8.1952e+03  
202         1.4317e+10  6.0939e+07  3.2559e+04  8.1816e+03  1.8853e+06  2.3263e+04  8.1807e+03  1.6710e+07  3.2504e+04  8.1819e+03  2.0403e+06  3.2445e+04  8.1819e+03  1.8750e+07  3.2497e+04  8.1824e+03  
203         1.4388e+10  5.8272e+07  3.3566e+04  8.1678e+03  1.7884e+06  2.3994e+04  8.1668e+03  1.6297e+07  3.3513e+04  8.1681e+03  1.9753e+06  3.3454e+04  8.1681e+03  1.8272e+07  3.3506e+04  8.1686e+03  
204         1.4460e+10  5.5722e+07  3.4601e+04  8.1531e+03  1.6964e+06  2.4744e+04  8.1521e+03  1.5891e+07  3.4549e+04  8.1533e+03  1.9121e+06  3.4490e+04  8.1534e+03  1.7803e+07  3.4543e+04  8.1539e+03  
205         1.4533e+10  5.3283e+07  3.5663e+04  8.1374e+03  1.6091e+06  2.5513e+04  8.1363e+03  1.5492e+07  3.5614e+04  8.1377e+03  1.8507e+06  3.5554e+04  8.1377e+03  1.7342e+07  3.5607e+04  8.1382e+03  
206         1.4607e+10  5.0950e+07  3.6754e+04  8.1207e+03  1.5263e+06  2.6303e+04  8.1196e+03  1.5100e+07  3.6707e+04  8.1210e+03  1.7912e+06  3.6647e+04  8.1210e+03  1.6891e+07  3.6700e+04  8.1216e+03  
207         1.4683e+10  4.8720e+07  3.7874e+04  8.1031e+03  1.4477e+06  2.7113e+04  8.1019e+03  1.4715e+07  3.7829e+04  8.1034e+03  1.7334e+06  3.7768e+04  8.1034e+03  1.6448e+07  3.7822e+04  8.1039e+03  
208         1.4759e+10  4.6588e+07  3.9023e+04  8.0844e+03  1.3731e+06  2.7943e+04  8.0833e+03  1.4337e+07  3.8980e+04  8.0847e+03  1.6774e+06  3.8920e+04  8.0847e+03  1.6014e+07  3.8974e+04  8.0853e+03  
209         1.4837e+10  4.4549e+07  4.0202e+04  8.0648e+03  1.3024e+06  2.8795e+04  8.0636e+03  1.3966e+07  4.0162e+04  8.0651e+03  1.6230e+06  4.0101e+04  8.0651e+03  1.5589e+07  4.0156e+04  8.0657e+03  
210         1.4915e+10  4.2600e+07  4.1412e+04  8.0441e+03  1.2353e+06  2.9668e+04  8.0428e+03  1.3603e+07  4.1375e+04  8.0444e+03  1.5703e+06  4.1313e+04  8.0444e+03  1.5173e+07  4.1368e+04  8.0450e+03  
211         1.4995e+10  4.0736e+07  4.2653e+04  8.0224e+03  1.1717e+06  3.0562e+04  8.0211e+03  1.3247e+07  4.2619e+04  8.0227e+03  1.5191e+06  4.2556e+04  8.0227e+03  1.4766e+07  4.2612e+04  8.0233e+03  
212         1.5076e+10  3.8955e+07  4.3926e+04  7.9996e+03  1.1113e+06  3.1479e+04  7.9983e+03  1.2897e+07  4.3894e+04  7.9999e+03  1.4695e+06  4.3832e+04  8.0000e+03  1.4367e+07  4.3888e+04  8.0006e+03  
213         1.5158e+10  3.7252e+07  4.5231e+04  7.9758e+03  1.0540e+06  3.2418e+04  7.9744e+03  1.2555e+07  4.5202e+04  7.9762e+03  1.4214e+06  4.5139e+04  7.9762e+03  1.3977e+07  4.5196e+04  7.9768e+03  
214         1.5241e+10  3.5623e+07  4.6568e+04  7.9509e+03  9.9975e+05  3.3380e+04  7.9495e+03  1.2220e+07  4.6543e+04  7.9513e+03  1.3748e+06  4.6480e+04  7.9513e+03  1.3595e+07  4.6537e+04  7.9519e+03  
215         1.5326e+10  3.4067e+07  4.7940e+04  7.9250e+03  9.4825e+05  3.4365e+04  7.9236e+03  1.1892e+07  4.7918e+04  7.9254e+03  1.3296e+06  4.7854e+04  7.9254e+03  1.3222e+07  4.7911e+04  7.9260e+03  
216         1.5412e+10  3.2579e+07  4.9345e+04  7.8980e+03  8.9942e+05  3.5373e+04  7.8966e+03  1.1572e+07  4.9327e+04  7.8984e+03  1.2858e+06  4.9263e+04  7.8984e+03  1.2857e+07  4.9320e+04  7.8991e+03  
217         1.5499e+10  3.1156e+07  5.0786e+04  7.8700e+03  8.5311e+05  3.6405e+04  7.8685e+03  1.1258e+07  5.0770e+04  7.8704e+03  1.2434e+06  5.0706e+04  7.8704e+03  1.2501e+07  5.0764e+04  7.8710e+03  
218         1.5587e+10  2.9797e+07  5.2261e+04  7.8409e+03  8.0919e+05  3.7461e+04  7.8394e+03  1.0950e+07  5.2250e+04  7.8413e+03  1.2022e+06  5.2185e+04  7.8413e+03  1.2153e+07  5.2243e+04  7.8419e+03  
219         1.5677e+10  2.8496e+07  5.3773e+04  7.8107e+03  7.6754e+05  3.8542e+04  7.8092e+03  1.0650e+07  5.3765e+04  7.8111e+03  1.1624e+06  5.3700e+04  7.8112e+03  1.1813e+07  5.3759e+04  7.8118e+03  
220         1.5768e+10  2.7253e+07  5.5321e+04  7.7795e+03  7.2804e+05  3.9648e+04  7.7779e+03  1.0357e+07  5.5317e+04  7.7799e+03  1.1238e+06  5.5252e+04  7.7800e+03  1.1480e+07  5.5311e+04  7.7806e+03  
221         1.5860e+10  2.6065e+07  5.6907e+04  7.7472e+03  6.9058e+05  4.0779e+04  7.7456e+03  1.0070e+07  5.6907e+04  7.7477e+03  1.0863e+06  5.6841e+04  7.7477e+03  1.1156e+07  5.6901e+04  7.7484e+03  
222         1.5953e+10  2.4929e+07  5.8531e+04  7.7139e+03  6.5506e+05  4.1935e+04  7.7123e+03  9.7891e+06  5.8535e+04  7.7144e+03  1.0501e+06  5.8469e+04  7.7144e+03  1.0839e+07  5.8529e+04  7.7151e+03  
223         1.6048e+10  2.3843e+07  6.0194e+04  7.6796e+03  6.2137e+05  4.3119e+04  7.6780e+03  9.5152e+06  6.0203e+04  7.6801e+03  1.0150e+06  6.0136e+04  7.6801e+03  1.0530e+07  6.0196e+04  7.6808e+03  
224         1.6145e+10  2.2804e+07  6.1896e+04  7.6442e+03  5.8942e+05  4.4328e+04  7.6426e+03  9.2476e+06  6.1910e+04  7.6447e+03  9.8097e+05  6.1843e+04  7.6447e+03  1.0229e+07  6.1903e+04  7.6454e+03  
225         1.6242e+10  2.1811e+07  6.3639e+04  7.6079e+03  5.5912e+05  4.5565e+04  7.6062e+03  8.9862e+06  6.3657e+04  7.6084e+03  9.4803e+05  6.3590e+04  7.6084e+03  9.9343e+06  6.3651e+04  7.6091e+03  
226         1.6342e+10  2.0861e+07  6.5423e+04  7.5705e+03  5.3038e+05  4.6830e+04  7.5688e+03  8.7311e+06  6.5446e+04  7.5710e+03  9.1613e+05  6.5379e+04  7.5710e+03  9.6472e+06  6.5440e+04  7.5717e+03  
227         1.6442e+10  1.9953e+07  6.7249e+04  7.5321e+03  5.0312e+05  4.8123e+04  7.5305e+03  8.4820e+06  6.7277e+04  7.5327e+03  8.8524e+05  6.7209e+04  7.5327e+03  9.3672e+06  6.7271e+04  7.5334e+03  
228         1.6544e+10  1.9085e+07  6.9118e+04  7.4928e+03  4.7726e+05  4.9444e+04  7.4912e+03  8.2388e+06  6.9152e+04  7.4934e+03  8.5532e+05  6.9083e+04  7.4934e+03  9.0941e+06  6.9145e+04  7.4941e+03  
229         1.6648e+10  1.8254e+07  7.1031e+04  7.4526e+03  4.5273e+05  5.0795e+04  7.4509e+03  8.0015e+06  7.1070e+04  7.4531e+03  8.2636e+05  7.1002e+04  7.4532e+03  8.8279e+06  7.1064e+04  7.4539e+03  
230         1.6753e+10  1.7460e+07  7.2989e+04  7.4114e+03  4.2947e+05  5.2175e+04  7.4097e+03  7.7700e+06  7.3033e+04  7.4120e+03  7.9831e+05  7.2965e+04  7.4120e+03  8.5683e+06  7.3027e+04  7.4127e+03  
231         1.6860e+10  1.6700e+07  7.4992e+04  7.3693e+03  4.0740e+05  5.3586e+04  7.3677e+03  7.5441e+06  7.5043e+04  7.3699e+03  7.7115e+05  7.4974e+04  7.3699e+03  8.3153e+06  7.5036e+04  7.3706e+03  
232         1.6968e+10  1.5973e+07  7.7043e+04  7.3263e+03  3.8647e+05  5.5028e+04  7.3247e+03  7.3238e+06  7.7099e+04  7.3269e+03  7.4485e+05  7.7030e+04  7.3269e+03  8.0687e+06  7.7092e+04  7.3276e+03  
233         1.7078e+10  1.5278e+07  7.9141e+04  7.2824e+03  3.6660e+05  5.6501e+04  7.2809e+03  7.1089e+06  7.9203e+04  7.2831e+03  7.1940e+05  7.9133e+04  7.2831e+03  7.8283e+06  7.9196e+04  7.2838e+03  
234         1.7189e+10  1.4613e+07  8.1287e+04  7.2377e+03  3.4776e+05  5.8007e+04  7.2362e+03  6.8994e+06  8.1356e+04  7.2384e+03  6.9476e+05  8.1286e+04  7.2384e+03  7.5941e+06  8.1349e+04  7.2391e+03  
235         1.7302e+10  1.3977e+07  8.3484e+04  7.1922e+03  3.2988e+05  5.9546e+04  7.1907e+03  6.6951e+06  8.3559e+04  7.1929e+03  6.7090e+05  8.3489e+04  7.1929e+03  7.3660e+06  8.3553e+04  7.1936e+03  
236         1.7417e+10  1.3369e+07  8.5731e+04  7.1458e+03  3.1292e+05  6.1118e+04  7.1444e+03  6.4959e+06  8.5813e+04  7.1466e+03  6.4781e+05  8.5743e+04  7.1466e+03  7.1437e+06  8.5807e+04  7.1473e+03  
237         1.7533e+10  1.2787e+07  8.8031e+04  7.0987e+03  2.9683e+05  6.2725e+04  7.0974e+03  6.3017e+06  8.8120e+04  7.0995e+03  6.2545e+05  8.8050e+04  7.0995e+03  6.9272e+06  8.8114e+04  7.1003e+03  
238         1.7651e+10  1.2230e+07  9.0384e+04  7.0509e+03  2.8156e+05  6.4367e+04  7.0496e+03  6.1125e+06  9.0480e+04  7.0517e+03  6.0382e+05  9.0410e+04  7.0517e+03  6.7163e+06  9.0474e+04  7.0524e+03  
239         1.7771e+10  1.1697e+07  9.2792e+04  7.0023e+03  2.6707e+05  6.6045e+04  7.0012e+03  5.9281e+06  9.2896e+04  7.0031e+03  5.8288e+05  9.2825e+04  7.0031e+03  6.5110e+06  9.2889e+04  7.0039e+03  
240         1.7892e+10  1.1187e+07  9.5255e+04  6.9531e+03  2.5332e+05  6.7760e+04  6.9520e+03  5.7484e+06  9.5367e+04  6.9539e+03  5.6261e+05  9.5296e+04  6.9539e+03  6.3110e+06  9.5361e+04  6.9547e+03  
241         1.8015e+10  1.0700e+07  9.7776e+04  6.9031e+03  2.4027e+05  6.9513e+04  6.9022e+03  5.5733e+06  9.7896e+04  6.9040e+03  5.4300e+05  9.7825e+04  6.9040e+03  6.1163e+06  9.7889e+04  6.9048e+03  
242         1.8140e+10  1.0233e+07  1.0036e+05  6.8525e+03  2.2789e+05  7.1304e+04  6.8517e+03  5.4028e+06  1.0048e+05  6.8534e+03  5.2402e+05  1.0041e+05  6.8534e+03  5.9268e+06  1.0048e+05  6.8542e+03  
243         1.8267e+10  9.7865e+06  1.0299e+05  6.8014e+03  2.1613e+05  7.3135e+04  6.8006e+03  5.2367e+06  1.0313e+05  6.8023e+03  5.0566e+05  1.0306e+05  6.8023e+03  5.7424e+06  1.0312e+05  6.8031e+03  
244         1.8396e+10  9.3592e+06  1.0570e+05  6.7496e+03  2.0498e+05  7.5007e+04  6.7490e+03  5.0750e+06  1.0584e+05  6.7505e+03  4.8789e+05  1.0577e+05  6.7505e+03  5.5628e+06  1.0583e+05  6.7513e+03  
245         1.8527e+10  8.9503e+06  1.0846e+05  6.6972e+03  1.9440e+05  7.6920e+04  6.6968e+03  4.9175e+06  1.0861e+05  6.6982e+03  4.7070e+05  1.0854e+05  6.6982e+03  5.3882e+06  1.0861e+05  6.6990e+03  
246         1.8659e+10  8.5591e+06  1.1129e+05  6.6444e+03  1.8435e+05  7.8875e+04  6.6441e+03  4.7641e+06  1.1145e+05  6.6454e+03  4.5406e+05  1.1138e+05  6.6454e+03  5.2182e+06  1.1144e+05  6.6462e+03  
247         1.8794e+10  8.1847e+06  1.1418e+05  6.5910e+03  1.7482e+05  8.0874e+04  6.5910e+03  4.6149e+06  1.1435e+05  6.5920e+03  4.3797e+05  1.1428e+05  6.5920e+03  5.0528e+06  1.1435e+05  6.5929e+03  
248         1.8930e+10  7.8264e+06  1.1714e+05  6.5372e+03  1.6577e+05  8.2918e+04  6.5373e+03  4.4696e+06  1.1732e+05  6.5382e+03  4.2241e+05  1.1725e+05  6.5382e+03  4.8920e+06  1.1732e+05  6.5390e+03  
249         1.9068e+10  7.4835e+06  1.2017e+05  6.4828e+03  1.5718e+05  8.5008e+04  6.4832e+03  4.3282e+06  1.2037e+05  6.4840e+03  4.0735e+05  1.2029e+05  6.4840e+03  4.7355e+06  1.2036e+05  6.4848e+03  
250         1.9209e+10  7.1554e+06  1.2327e+05  6.4281e+03  1.4903e+05  8.7145e+04  6.4287e+03  4.1906e+06  1.2348e+05  6.4293e+03  3.9279e+05  1.2341e+05  6.4293e+03  4.5834e+06  1.2347e+05  6.4301e+03  
251         1.9351e+10  6.8414e+06  1.2645e+05  6.3730e+03  1.4130e+05  8.9331e+04  6.3739e+03  4.0568e+06  1.2666e+05  6.3742e+03  3.7871e+05  1.2659e+05  6.3742e+03  4.4355e+06  1.2666e+05  6.3750e+03  
252         1.9496e+10  6.5409e+06  1.2970e+05  6.3175e+03  1.3396e+05  9.1566e+04  6.3187e+03  3.9266e+06  1.2992e+05  6.3187e+03  3.6509e+05  1.2985e+05  6.3187e+03  4.2917e+06  1.2992e+05  6.3196e+03  
253         1.9643e+10  6.2534e+06  1.3302e+05  6.2617e+03  1.2699e+05  9.3852e+04  6.2631e+03  3.8000e+06  1.3326e+05  6.2629e+03  3.5192e+05  1.3319e+05  6.2630e+03  4.1520e+06  1.3325e+05  6.2638e+03  
254         1.9791e+10  5.9782e+06  1.3642e+05  6.2055e+03  1.2038e+05  9.6191e+04  6.2073e+03  3.6769e+06  1.3667e+05  6.2068e+03  3.3919e+05  1.3660e+05  6.2068e+03  4.0161e+06  1.3667e+05  6.2077e+03  
255         1.9942e+10  5.7149e+06  1.3991e+05  6.1491e+03  1.1410e+05  9.8583e+04  6.1512e+03  3.5572e+06  1.4017e+05  6.1504e+03  3.2689e+05  1.4010e+05  6.1504e+03  3.8841e+06  1.4016e+05  6.1513e+03  
256         2.0096e+10  5.4629e+06  1.4347e+05  6.0924e+03  1.0815e+05  1.0103e+05  6.0949e+03  3.4409e+06  1.4375e+05  6.0938e+03  3.1499e+05  1.4368e+05  6.0938e+03  3.7559e+06  1.4374e+05  6.0947e+03  
257         2.0251e+10  5.2218e+06  1.4712e+05  6.0354e+03  1.0250e+05  1.0354e+05  6.0383e+03  3.3278e+06  1.4741e+05  6.0369e+03  3.0349e+05  1.4734e+05  6.0369e+03  3.6313e+06  1.4740e+05  6.0378e+03  
258         2.0409e+10  4.9911e+06  1.5086e+05  5.9783e+03  9.7136e+04  1.0610e+05  5.9816e+03  3.2179e+06  1.5116e+05  5.9798e+03  2.9237e+05  1.5109e+05  5.9798e+03  3.5103e+06  1.5115e+05  5.9807e+03  
259         2.0569e+10  4.7704e+06  1.5468e+05  5.9209e+03  9.2047e+04  1.0872e+05  5.9246e+03  3.1112e+06  1.5500e+05  5.9225e+03  2.8163e+05  1.5493e+05  5.9225e+03  3.3928e+06  1.5499e+05  5.9234e+03  
260         2.0731e+10  4.5592e+06  1.5860e+05  5.8634e+03  8.7218e+04  1.1141e+05  5.8676e+03  3.0075e+06  1.5893e+05  5.8650e+03  2.7125e+05  1.5885e+05  5.8650e+03  3.2787e+06  1.5892e+05  5.8659e+03  
261         2.0896e+10  4.3571e+06  1.6260e+05  5.8058e+03  8.2637e+04  1.1416e+05  5.8104e+03  2.9068e+06  1.6295e+05  5.8074e+03  2.6123e+05  1.6288e+05  5.8074e+03  3.1680e+06  1.6294e+05  5.8083e+03  
262         2.1063e+10  4.1637e+06  1.6671e+05  5.7480e+03  7.8289e+04  1.1698e+05  5.7532e+03  2.8090e+06  1.6706e+05  5.7497e+03  2.5154e+05  1.6699e+05  5.7497e+03  3.0605e+06  1.6706e+05  5.7506e+03  
263         2.1232e+10  3.9787e+06  1.7091e+05  5.6901e+03  7.4165e+04  1.1986e+05  5.6959e+03  2.7140e+06  1.7128e+05  5.6919e+03  2.4218e+05  1.7121e+05  5.6919e+03  2.9562e+06  1.7127e+05  5.6928e+03  
264         2.1404e+10  3.8018e+06  1.7521e+05  5.6322e+03  7.0252e+04  1.2281e+05  5.6385e+03  2.6219e+06  1.7560e+05  5.6340e+03  2.3315e+05  1.7552e+05  5.6340e+03  2.8550e+06  1.7559e+05  5.6350e+03  
265         2.1579e+10  3.6325e+06  1.7961e+05  5.5742e+03  6.6539e+04  1.2583e+05  5.5812e+03  2.5324e+06  1.8001e+05  5.5761e+03  2.2442e+05  1.7994e+05  5.5761e+03  2.7569e+06  1.8001e+05  5.5771e+03  
266         2.1756e+10  3.4705e+06  1.8411e+05  5.5162e+03  6.3018e+04  1.2893e+05  5.5238e+03  2.4457e+06  1.8454e+05  5.5182e+03  2.1599e+05  1.8447e+05  5.5182e+03  2.6617e+06  1.8453e+05  5.5191e+03  
267         2.1936e+10  3.3156e+06  1.8873e+05  5.4582e+03  5.9678e+04  1.3211e+05  5.4665e+03  2.3615e+06  1.8917e+05  5.4602e+03  2.0786e+05  1.8910e+05  5.4603e+03  2.5693e+06  1.8916e+05  5.4612e+03  
268         2.2118e+10  3.1674e+06  1.9345e+05  5.4002e+03  5.6509e+04  1.3536e+05  5.4092e+03  2.2798e+06  1.9391e+05  5.4023e+03  2.0001e+05  1.9384e+05  5.4023e+03  2.4798e+06  1.9390e+05  5.4033e+03  
269         2.2303e+10  3.0257e+06  1.9829e+05  5.3422e+03  5.3504e+04  1.3869e+05  5.3520e+03  2.2006e+06  1.9876e+05  5.3445e+03  1.9243e+05  1.9869e+05  5.3445e+03  2.3931e+06  1.9876e+05  5.3454e+03  
270         2.2491e+10  2.8902e+06  2.0324e+05  5.2844e+03  5.0655e+04  1.4211e+05  5.2948e+03  2.1239e+06  2.0373e+05  5.2866e+03  1.8511e+05  2.0366e+05  5.2867e+03  2.3090e+06  2.0372e+05  5.2876e+03  
271         2.2681e+10  2.7605e+06  2.0830e+05  5.2265e+03  4.7952e+04  1.4561e+05  5.2378e+03  2.0495e+06  2.0882e+05  5.2289e+03  1.7805e+05  2.0875e+05  5.2289e+03  2.2275e+06  2.0881e+05  5.2299e+03  
272         2.2874e+10  2.6366e+06  2.1349e+05  5.1688e+03  4.5389e+04  1.4920e+05  5.1810e+03  1.9773e+06  2.1403e+05  5.1713e+03  1.7124e+05  2.1396e+05  5.1713e+03  2.1486e+06  2.1402e+05  5.1723e+03  
273         2.3070e+10  2.5180e+06  2.1881e+05  5.1113e+03  4.2960e+04  1.5289e+05  5.1242e+03  1.9075e+06  2.1936e+05  5.1138e+03  1.6468e+05  2.1929e+05  5.1138e+03  2.0721e+06  2.1935e+05  5.1148e+03  
274         2.3269e+10  2.4047e+06  2.2424e+05  5.0538e+03  4.0656e+04  1.5666e+05  5.0677e+03  1.8398e+06  2.2482e+05  5.0565e+03  1.5834e+05  2.2475e+05  5.0565e+03  1.9981e+06  2.2481e+05  5.0575e+03  
275         2.3471e+10  2.2963e+06  2.2981e+05  4.9965e+03  3.8472e+04  1.6054e+05  5.0113e+03  1.7742e+06  2.3041e+05  4.9993e+03  1.5223e+05  2.3034e+05  4.9993e+03  1.9264e+06  2.3040e+05  5.0003e+03  
276         2.3675e+10  2.1927e+06  2.3551e+05  4.9394e+03  3.6402e+04  1.6451e+05  4.9552e+03  1.7107e+06  2.3613e+05  4.9423e+03  1.4634e+05  2.3606e+05  4.9423e+03  1.8570e+06  2.3612e+05  4.9433e+03  
277         2.3883e+10  2.0937e+06  2.4134e+05  4.8825e+03  3.4440e+04  1.6859e+05  4.8993e+03  1.6492e+06  2.4198e+05  4.8855e+03  1.4066e+05  2.4191e+05  4.8855e+03  1.7899e+06  2.4198e+05  4.8865e+03  
278         2.4094e+10  1.9990e+06  2.4732e+05  4.8258e+03  3.2580e+04  1.7277e+05  4.8436e+03  1.5897e+06  2.4798e+05  4.8289e+03  1.3518e+05  2.4791e+05  4.8289e+03  1.7249e+06  2.4797e+05  4.8300e+03  
279         2.4308e+10  1.9085e+06  2.5343e+05  4.7694e+03  3.0818e+04  1.7706e+05  4.7882e+03  1.5322e+06  2.5411e+05  4.7726e+03  1.2990e+05  2.5405e+05  4.7726e+03  1.6621e+06  2.5411e+05  4.7736e+03  
280         2.4525e+10  1.8220e+06  2.5969e+05  4.7132e+03  2.9148e+04  1.8147e+05  4.7330e+03  1.4765e+06  2.6040e+05  4.7165e+03  1.2482e+05  2.6033e+05  4.7165e+03  1.6013e+06  2.6039e+05  4.7176e+03  
281         2.4745e+10  1.7393e+06  2.6609e+05  4.6572e+03  2.7566e+04  1.8600e+05  4.6781e+03  1.4226e+06  2.6683e+05  4.6607e+03  1.1992e+05  2.6676e+05  4.6607e+03  1.5425e+06  2.6682e+05  4.6618e+03  
282         2.4968e+10  1.6603e+06  2.7264e+05  4.6016e+03  2.6067e+04  1.9064e+05  4.6235e+03  1.3705e+06  2.7341e+05  4.6052e+03  1.1520e+05  2.7334e+05  4.6052e+03  1.4857e+06  2.7340e+05  4.6063e+03  
283         2.5195e+10  1.5848e+06  2.7935e+05  4.5462e+03  2.4647e+04  1.9541e+05  4.5692e+03  1.3201e+06  2.8014e+05  4.5500e+03  1.1065e+05  2.8007e+05  4.5500e+03  1.4307e+06  2.8014e+05  4.5510e+03  
284         2.5424e+10  1.5127e+06  2.8622e+05  4.4911e+03  2.3302e+04  2.0031e+05  4.5153e+03  1.2713e+06  2.8703e+05  4.4950e+03  1.0627e+05  2.8697e+05  4.4951e+03  1.3776e+06  2.8703e+05  4.4961e+03  
285         2.5658e+10  1.4438e+06  2.9324e+05  4.4364e+03  2.2029e+04  2.0534e+05  4.4616e+03  1.2243e+06  2.9409e+05  4.4405e+03  1.0206e+05  2.9402e+05  4.4405e+03  1.3263e+06  2.9408e+05  4.4416e+03  
286         2.5894e+10  1.3779e+06  3.0043e+05  4.3820e+03  2.0823e+04  2.1051e+05  4.4083e+03  1.1788e+06  3.0130e+05  4.3863e+03  9.7998e+04  3.0124e+05  4.3863e+03  1.2768e+06  3.0130e+05  4.3874e+03  
287         2.6134e+10  1.3151e+06  3.0779e+05  4.3280e+03  1.9680e+04  2.1582e+05  4.3554e+03  1.1348e+06  3.0869e+05  4.3324e+03  9.4091e+04  3.0862e+05  4.3324e+03  1.2289e+06  3.0868e+05  4.3335e+03  
288         2.6378e+10  1.2550e+06  3.1531e+05  4.2743e+03  1.8599e+04  2.2128e+05  4.3028e+03  1.0923e+06  3.1624e+05  4.2789e+03  9.0330e+04  3.1618e+05  4.2789e+03  1.1827e+06  3.1624e+05  4.2801e+03  
289         2.6625e+10  1.1976e+06  3.2301e+05  4.2210e+03  1.7576e+04  2.2689e+05  4.2505e+03  1.0513e+06  3.2397e+05  4.2258e+03  8.6711e+04  3.2391e+05  4.2258e+03  1.1380e+06  3.2397e+05  4.2270e+03  
290         2.6876e+10  1.1428e+06  3.3089e+05  4.1682e+03  1.6607e+04  2.3265e+05  4.1987e+03  1.0117e+06  3.3188e+05  4.1731e+03  8.3229e+04  3.3181e+05  4.1731e+03  1.0950e+06  3.3187e+05  4.1743e+03  
291         2.7130e+10  1.0904e+06  3.3894e+05  4.1157e+03  1.5690e+04  2.3857e+05  4.1471e+03  9.7351e+05  3.3997e+05  4.1209e+03  7.9878e+04  3.3990e+05  4.1209e+03  1.0534e+06  3.3996e+05  4.1220e+03  
292         2.7388e+10  1.0405e+06  3.4718e+05  4.0636e+03  1.4822e+04  2.4465e+05  4.0960e+03  9.3662e+05  3.4824e+05  4.0690e+03  7.6656e+04  3.4817e+05  4.0690e+03  1.0133e+06  3.4823e+05  4.0702e+03  
293         2.7650e+10  9.9274e+05  3.5561e+05  4.0120e+03  1.4001e+04  2.5091e+05  4.0452e+03  9.0102e+05  3.5670e+05  4.0176e+03  7.3557e+04  3.5663e+05  4.0176e+03  9.7458e+05  3.5669e+05  4.0188e+03  
294         2.7916e+10  9.4717e+05  3.6423e+05  3.9608e+03  1.3225e+04  2.5734e+05  3.9948e+03  8.6668e+05  3.6535e+05  3.9666e+03  7.0577e+04  3.6528e+05  3.9666e+03  9.3726e+05  3.6534e+05  3.9678e+03  
295         2.8186e+10  9.0367e+05  3.7304e+05  3.9100e+03  1.2490e+04  2.6395e+05  3.9448e+03  8.3355e+05  3.7419e+05  3.9161e+03  6.7712e+04  3.7413e+05  3.9161e+03  9.0126e+05  3.7419e+05  3.9173e+03  
296         2.8459e+10  8.6214e+05  3.8204e+05  3.8597e+03  1.1795e+04  2.7074e+05  3.8951e+03  8.0160e+05  3.8323e+05  3.8661e+03  6.4958e+04  3.8317e+05  3.8661e+03  8.6656e+05  3.8323e+05  3.8673e+03  
297         2.8737e+10  8.2250e+05  3.9125e+05  3.8099e+03  1.1138e+04  2.7772e+05  3.8458e+03  7.7080e+05  3.9248e+05  3.8165e+03  6.2311e+04  3.9242e+05  3.8165e+03  8.3311e+05  3.9247e+05  3.8178e+03  
298         2.9018e+10  7.8466e+05  4.0066e+05  3.7606e+03  1.0517e+04  2.8490e+05  3.7969e+03  7.4110e+05  4.0193e+05  3.7675e+03  5.9767e+04  4.0187e+05  3.7675e+03  8.0087e+05  4.0192e+05  3.7687e+03  
299         2.9304e+10  7.4854e+05  4.1028e+05  3.7117e+03  9.9296e+03  2.9228e+05  3.7483e+03  7.1247e+05  4.1158e+05  3.7189e+03  5.7322e+04  4.1152e+05  3.7189e+03  7.6980e+05  4.1158e+05  3.7202e+03  
300         2.9594e+10  7.1407e+05  4.2011e+05  3.6633e+03  9.3744e+03  2.9987e+05  3.7001e+03  6.8489e+05  4.2145e+05  3.6708e+03  5.4974e+04  4.2139e+05  3.6708e+03  7.3986e+05  4.2145e+05  3.6721e+03  
301         2.9888e+10  6.8118e+05  4.3015e+05  3.6154e+03  8.8496e+03  3.0767e+05  3.6523e+03  6.5831e+05  4.3154e+05  3.6233e+03  5.2718e+04  4.3147e+05  3.6233e+03  7.1103e+05  4.3153e+05  3.6246e+03  
302         3.0186e+10  6.4979e+05  4.4042e+05  3.5681e+03  8.3537e+03  3.1568e+05  3.6048e+03  6.3270e+05  4.4184e+05  3.5762e+03  5.0551e+04  4.4178e+05  3.5762e+03  6.8325e+05  4.4183e+05  3.5775e+03  
303         3.0489e+10  6.1983e+05  4.5090e+05  3.5212e+03  7.8851e+03  3.2392e+05  3.5576e+03  6.0804e+05  4.5236e+05  3.5297e+03  4.8470e+04  4.5230e+05  3.5297e+03  6.5651e+05  4.5236e+05  3.5310e+03  
304         3.0796e+10  5.9126e+05  4.6160e+05  3.4749e+03  7.4424e+03  3.3239e+05  3.5108e+03  5.8429e+05  4.6311e+05  3.4837e+03  4.6471e+04  4.6305e+05  3.4837e+03  6.3076e+05  4.6310e+05  3.4851e+03  
305         3.1108e+10  5.6399e+05  4.7254e+05  3.4290e+03  7.0242e+03  3.4109e+05  3.4643e+03  5.6142e+05  4.7408e+05  3.4383e+03  4.4553e+04  4.7403e+05  3.4383e+03  6.0597e+05  4.7408e+05  3.4397e+03  
306         3.1424e+10  5.3797e+05  4.8370e+05  3.3837e+03  6.6292e+03  3.5003e+05  3.4181e+03  5.3941e+05  4.8529e+05  3.3934e+03  4.2711e+04  4.8523e+05  3.3934e+03  5.8212e+05  4.8529e+05  3.3948e+03  
307         3.1745e+10  5.1316e+05  4.9510e+05  3.3390e+03  6.2561e+03  3.5922e+05  3.3723e+03  5.1821e+05  4.9673e+05  3.3490e+03  4.0943e+04  4.9668e+05  3.3490e+03  5.5916e+05  4.9673e+05  3.3504e+03  
308         3.2070e+10  4.8948e+05  5.0673e+05  3.2947e+03  5.9038e+03  3.6866e+05  3.3267e+03  4.9782e+05  5.0842e+05  3.3052e+03  3.9247e+04  5.0836e+05  3.3052e+03  5.3707e+05  5.0841e+05  3.3066e+03  
309         3.2401e+10  4.6690e+05  5.1861e+05  3.2510e+03  5.5712e+03  3.7836e+05  3.2815e+03  4.7820e+05  5.2034e+05  3.2620e+03  3.7619e+04  5.2028e+05  3.2620e+03  5.1581e+05  5.2033e+05  3.2634e+03  
310         3.2736e+10  4.4536e+05  5.3073e+05  3.2079e+03  5.2572e+03  3.8831e+05  3.2365e+03  4.5931e+05  5.3250e+05  3.2193e+03  3.6056e+04  5.3245e+05  3.2193e+03  4.9537e+05  5.3250e+05  3.2207e+03  
311         3.3076e+10  4.2481e+05  5.4309e+05  3.1652e+03  4.9609e+03  3.9854e+05  3.1918e+03  4.4115e+05  5.4492e+05  3.1772e+03  3.4557e+04  5.4486e+05  3.1772e+03  4.7571e+05  5.4491e+05  3.1786e+03  
312         3.3420e+10  4.0522e+05  5.5571e+05  3.1232e+03  4.6811e+03  4.0903e+05  3.1474e+03  4.2368e+05  5.5758e+05  3.1356e+03  3.3120e+04  5.5752e+05  3.1356e+03  4.5680e+05  5.5758e+05  3.1371e+03  
313         3.3770e+10  3.8653e+05  5.6857e+05  3.0816e+03  4.4171e+03  4.1981e+05  3.1033e+03  4.0688e+05  5.7050e+05  3.0946e+03  3.1740e+04  5.7044e+05  3.0946e+03  4.3862e+05  5.7050e+05  3.0961e+03  
314         3.4126e+10  3.6870e+05  5.8170e+05  3.0406e+03  4.1680e+03  4.3087e+05  3.0595e+03  3.9072e+05  5.8367e+05  3.0542e+03  3.0417e+04  5.8362e+05  3.0542e+03  4.2114e+05  5.8367e+05  3.0557e+03  
315         3.4486e+10  3.5170e+05  5.9508e+05  3.0002e+03  3.9330e+03  4.4222e+05  3.0159e+03  3.7519e+05  5.9711e+05  3.0143e+03  2.9149e+04  5.9705e+05  3.0143e+03  4.0434e+05  5.9711e+05  3.0159e+03  
316         3.4851e+10  3.3549e+05  6.0873e+05  2.9603e+03  3.7112e+03  4.5386e+05  2.9725e+03  3.6026e+05  6.1081e+05  2.9750e+03  2.7932e+04  6.1075e+05  2.9750e+03  3.8819e+05  6.1080e+05  2.9766e+03  
317         3.5222e+10  3.2003e+05  6.2263e+05  2.9209e+03  3.5020e+03  4.6580e+05  2.9294e+03  3.4590e+05  6.2477e+05  2.9363e+03  2.6766e+04  6.2472e+05  2.9363e+03  3.7267e+05  6.2477e+05  2.9379e+03  
318         3.5598e+10  3.0529e+05  6.3681e+05  2.8821e+03  3.3047e+03  4.7804e+05  2.8866e+03  3.3210e+05  6.3900e+05  2.8982e+03  2.5647e+04  6.3895e+05  2.8982e+03  3.5775e+05  6.3900e+05  2.8998e+03  
319         3.5980e+10  2.9124e+05  6.5126e+05  2.8438e+03  3.1185e+03  4.9059e+05  2.8440e+03  3.1885e+05  6.5351e+05  2.8606e+03  2.4575e+04  6.5345e+05  2.8606e+03  3.4342e+05  6.5350e+05  2.8622e+03  
320         3.6367e+10  2.7783e+05  6.6598e+05  2.8061e+03  2.9430e+03  5.0345e+05  2.8016e+03  3.0610e+05  6.6828e+05  2.8236e+03  2.3547e+04  6.6823e+05  2.8236e+03  3.2965e+05  6.6828e+05  2.8253e+03  
321         3.6760e+10  2.6505e+05  6.8098e+05  2.7689e+03  2.7774e+03  5.1663e+05  2.7595e+03  2.9386e+05  6.8334e+05  2.7872e+03  2.2562e+04  6.8329e+05  2.7872e+03  3.1643e+05  6.8334e+05  2.7888e+03  
322         3.7159e+10  2.5286e+05  6.9625e+05  2.7322e+03  2.6213e+03  5.3014e+05  2.7176e+03  2.8210e+05  6.9867e+05  2.7513e+03  2.1617e+04  6.9862e+05  2.7513e+03  3.0372e+05  6.9867e+05  2.7530e+03  
323         3.7564e+10  2.4124e+05  7.1181e+05  2.6961e+03  2.4741e+03  5.4396e+05  2.6759e+03  2.7080e+05  7.1429e+05  2.7160e+03  2.0712e+04  7.1424e+05  2.7160e+03  2.9152e+05  7.1429e+05  2.7177e+03  
324         3.7974e+10  2.3016e+05  7.2766e+05  2.6605e+03  2.3352e+03  5.5812e+05  2.6345e+03  2.5995e+05  7.3020e+05  2.6812e+03  1.9845e+04  7.3014e+05  2.6812e+03  2.7980e+05  7.3019e+05  2.6830e+03  
325         3.8391e+10  2.1960e+05  7.4379e+05  2.6254e+03  2.2043e+03  5.7261e+05  2.5933e+03  2.4953e+05  7.4639e+05  2.6471e+03  1.9014e+04  7.4634e+05  2.6470e+03  2.6854e+05  7.4639e+05  2.6488e+03  
326         3.8813e+10  2.0952e+05  7.6020e+05  2.5908e+03  2.0809e+03  5.8744e+05  2.5524e+03  2.3952e+05  7.6287e+05  2.6134e+03  1.8217e+04  7.6282e+05  2.6134e+03  2.5773e+05  7.6287e+05  2.6152e+03  
327         3.9242e+10  1.9991e+05  7.7692e+05  2.5568e+03  1.9645e+03  6.0261e+05  2.5117e+03  2.2990e+05  7.7965e+05  2.5804e+03  1.7454e+04  7.7960e+05  2.5804e+03  2.4736e+05  7.7964e+05  2.5822e+03  
328         3.9677e+10  1.9076e+05  7.9392e+05  2.5232e+03  1.8548e+03  6.1813e+05  2.4712e+03  2.2067e+05  7.9672e+05  2.5479e+03  1.6723e+04  7.9667e+05  2.5478e+03  2.3740e+05  7.9672e+05  2.5497e+03  
329         4.0118e+10  1.8202e+05  8.1123e+05  2.4902e+03  1.7513e+03  6.3399e+05  2.4310e+03  2.1181e+05  8.1409e+05  2.5159e+03  1.6022e+04  8.1404e+05  2.5159e+03  2.2783e+05  8.1409e+05  2.5178e+03  
330         4.0566e+10  1.7369e+05  8.2884e+05  2.4576e+03  1.6538e+03  6.5021e+05  2.3910e+03  2.0330e+05  8.3177e+05  2.4845e+03  1.5351e+04  8.3172e+05  2.4845e+03  2.1865e+05  8.3176e+05  2.4864e+03  
331         4.1020e+10  1.6575e+05  8.4674e+05  2.4256e+03  1.5618e+03  6.6678e+05  2.3513e+03  1.9513e+05  8.4974e+05  2.4536e+03  1.4708e+04  8.4969e+05  2.4536e+03  2.0983e+05  8.4974e+05  2.4555e+03  
332         4.1481e+10  1.5818e+05  8.6496e+05  2.3941e+03  1.4750e+03  6.8371e+05  2.3119e+03  1.8728e+05  8.6803e+05  2.4233e+03  1.4092e+04  8.6798e+05  2.4232e+03  2.0137e+05  8.6802e+05  2.4252e+03  
333         4.1949e+10  1.5096e+05  8.8348e+05  2.3630e+03  1.3933e+03  7.0100e+05  2.2727e+03  1.7975e+05  8.8662e+05  2.3934e+03  1.3501e+04  8.8657e+05  2.3934e+03  1.9325e+05  8.8662e+05  2.3954e+03  
334         4.2423e+10  1.4407e+05  9.0231e+05  2.3324e+03  1.3161e+03  7.1866e+05  2.2338e+03  1.7252e+05  9.0552e+05  2.3642e+03  1.2936e+04  9.0548e+05  2.3641e+03  1.8546e+05  9.0552e+05  2.3662e+03  
335         4.2905e+10  1.3751e+05  9.2146e+05  2.3023e+03  1.2434e+03  7.3668e+05  2.1952e+03  1.6559e+05  9.2474e+05  2.3354e+03  1.2394e+04  9.2470e+05  2.3354e+03  1.7798e+05  9.2474e+05  2.3375e+03  
336         4.3393e+10  1.3125e+05  9.4092e+05  2.2726e+03  1.1748e+03  7.5508e+05  2.1569e+03  1.5893e+05  9.4428e+05  2.3072e+03  1.1876e+04  9.4423e+05  2.3071e+03  1.7080e+05  9.4428e+05  2.3093e+03  
337         4.3888e+10  1.2527e+05  9.6070e+05  2.2434e+03  1.1102e+03  7.7384e+05  2.1189e+03  1.5253e+05  9.6414e+05  2.2794e+03  1.1379e+04  9.6409e+05  2.2794e+03  1.6391e+05  9.6413e+05  2.2816e+03  
338         4.4391e+10  1.1958e+05  9.8080e+05  2.2147e+03  1.0492e+03  7.9299e+05  2.0812e+03  1.4640e+05  9.8431e+05  2.2522e+03  1.0903e+04  9.8427e+05  2.2522e+03  1.5730e+05  9.8431e+05  2.2544e+03  
339         4.4901e+10  1.1415e+05  1.0012e+06  2.1864e+03  9.9162e+02  8.1251e+05  2.0438e+03  1.4051e+05  1.0048e+06  2.2255e+03  1.0447e+04  1.0048e+06  2.2255e+03  1.5096e+05  1.0048e+06  2.2277e+03  
340         4.5419e+10  1.0897e+05  1.0220e+06  2.1585e+03  9.3734e+02  8.3241e+05  2.0067e+03  1.3486e+05  1.0256e+06  2.1993e+03  1.0010e+04  1.0256e+06  2.1993e+03  1.4487e+05  1.0256e+06  2.2015e+03  
341         4.5944e+10  1.0403e+05  1.0431e+06  2.1310e+03  8.8613e+02  8.5269e+05  1.9700e+03  1.2943e+05  1.0468e+06  2.1736e+03  9.5917e+03  1.0468e+06  2.1735e+03  1.3903e+05  1.0468e+06  2.1759e+03  
342         4.6477e+10  9.9316e+04  1.0645e+06  2.1040e+03  8.3783e+02  8.7336e+05  1.9336e+03  1.2423e+05  1.0683e+06  2.1484e+03  9.1910e+03  1.0683e+06  2.1483e+03  1.3342e+05  1.0683e+06  2.1507e+03  
343         4.7017e+10  9.4821e+04  1.0862e+06  2.0774e+03  7.9225e+02  8.9442e+05  1.8975e+03  1.1924e+05  1.0901e+06  2.1236e+03  8.8073e+03  1.0901e+06  2.1236e+03  1.2804e+05  1.0901e+06  2.1260e+03  
344         4.7566e+10  9.0534e+04  1.1083e+06  2.0512e+03  7.4924e+02  9.1586e+05  1.8618e+03  1.1444e+05  1.1123e+06  2.0993e+03  8.4397e+03  1.1122e+06  2.0993e+03  1.2288e+05  1.1123e+06  2.1017e+03  
345         4.8122e+10  8.6444e+04  1.1307e+06  2.0254e+03  7.0865e+02  9.3770e+05  1.8265e+03  1.0984e+05  1.1348e+06  2.0755e+03  8.0876e+03  1.1348e+06  2.0755e+03  1.1793e+05  1.1348e+06  2.0780e+03  
346         4.8687e+10  8.2543e+04  1.1535e+06  2.0000e+03  6.7034e+02  9.5993e+05  1.7915e+03  1.0543e+05  1.1577e+06  2.0522e+03  7.7503e+03  1.1576e+06  2.0521e+03  1.1318e+05  1.1577e+06  2.0547e+03  
347         4.9260e+10  7.8821e+04  1.1766e+06  1.9749e+03  6.3418e+02  9.8256e+05  1.7569e+03  1.0119e+05  1.1809e+06  2.0293e+03  7.4273e+03  1.1808e+06  2.0293e+03  1.0862e+05  1.1808e+06  2.0318e+03  
348         4.9841e+10  7.5270e+04  1.2001e+06  1.9503e+03  6.0004e+02  1.0056e+06  1.7227e+03  9.7129e+04  1.2044e+06  2.0069e+03  7.1179e+03  1.2043e+06  2.0068e+03  1.0425e+05  1.2044e+06  2.0094e+03  
349         5.0431e+10  7.1882e+04  1.2239e+06  1.9260e+03  5.6781e+02  1.0290e+06  1.6889e+03  9.3228e+04  1.2283e+06  1.9849e+03  6.8215e+03  1.2282e+06  1.9849e+03  1.0005e+05  1.2283e+06  1.9875e+03  
350         5.1029e+10  6.8650e+04  1.2480e+06  1.9021e+03  5.3738e+02  1.0529e+06  1.6555e+03  8.9486e+04  1.2525e+06  1.9634e+03  6.5376e+03  1.2525e+06  1.9633e+03  9.6023e+04  1.2525e+06  1.9660e+03  
351         5.1636e+10  6.5566e+04  1.2725e+06  1.8785e+03  5.0865e+02  1.0771e+06  1.6224e+03  8.5894e+04  1.2772e+06  1.9423e+03  6.2656e+03  1.2771e+06  1.9422e+03  9.2160e+04  1.2772e+06  1.9450e+03  
352         5.2252e+10  6.2623e+04  1.2974e+06  1.8552e+03  4.8151e+02  1.1017e+06  1.5898e+03  8.2448e+04  1.3021e+06  1.9216e+03  6.0051e+03  1.3021e+06  1.9216e+03  8.8453e+04  1.3021e+06  1.9244e+03  
353         5.2877e+10  5.9814e+04  1.3227e+06  1.8323e+03  4.5587e+02  1.1268e+06  1.5576e+03  7.9141e+04  1.3275e+06  1.9014e+03  5.7556e+03  1.3274e+06  1.9013e+03  8.4896e+04  1.3275e+06  1.9042e+03  
354         5.3511e+10  5.7135e+04  1.3483e+06  1.8097e+03  4.3165e+02  1.1523e+06  1.5259e+03  7.5967e+04  1.3532e+06  1.8815e+03  5.5165e+03  1.3531e+06  1.8815e+03  8.1484e+04  1.3532e+06  1.8844e+03  
355         5.4154e+10  5.4577e+04  1.3742e+06  1.7875e+03  4.0877e+02  1.1782e+06  1.4945e+03  7.2922e+04  1.3792e+06  1.8621e+03  5.2875e+03  1.3792e+06  1.8621e+03  7.8209e+04  1.3792e+06  1.8650e+03  
356         5.4807e+10  5.2136e+04  1.4006e+06  1.7655e+03  3.8715e+02  1.2045e+06  1.4636e+03  6.9999e+04  1.4057e+06  1.8431e+03  5.0681e+03  1.4056e+06  1.8431e+03  7.5068e+04  1.4057e+06  1.8461e+03  
357         5.5469e+10  4.9806e+04  1.4273e+06  1.7439e+03  3.6671e+02  1.2312e+06  1.4331e+03  6.7195e+04  1.4325e+06  1.8245e+03  4.8580e+03  1.4325e+06  1.8245e+03  7.2053e+04  1.4325e+06  1.8275e+03  
358         5.6141e+10  4.7583e+04  1.4544e+06  1.7225e+03  3.4740e+02  1.2583e+06  1.4030e+03  6.4504e+04  1.4597e+06  1.8063e+03  4.6566e+03  1.4597e+06  1.8062e+03  6.9161e+04  1.4597e+06  1.8094e+03  
359         5.6823e+10  4.5460e+04  1.4819e+06  1.7015e+03  3.2914e+02  1.2859e+06  1.3734e+03  6.1921e+04  1.4873e+06  1.7885e+03  4.4637e+03  1.4873e+06  1.7884e+03  6.6385e+04  1.4873e+06  1.7916e+03  
360         5.7514e+10  4.3434e+04  1.5098e+06  1.6807e+03  3.1188e+02  1.3139e+06  1.3442e+03  5.9443e+04  1.5153e+06  1.7711e+03  4.2789e+03  1.5152e+06  1.7710e+03  6.3722e+04  1.5153e+06  1.7743e+03  
361         5.8216e+10  4.1500e+04  1.5380e+06  1.6602e+03  2.9556e+02  1.3423e+06  1.3155e+03  5.7065e+04  1.5437e+06  1.7540e+03  4.1019e+03  1.5436e+06  1.7539e+03  6.1167e+04  1.5437e+06  1.7573e+03  
362         5.8928e+10  3.9653e+04  1.5667e+06  1.6399e+03  2.8012e+02  1.3712e+06  1.2872e+03  5.4782e+04  1.5724e+06  1.7373e+03  3.9322e+03  1.5724e+06  1.7372e+03  5.8715e+04  1.5724e+06  1.7406e+03  
363         5.9650e+10  3.7890e+04  1.5957e+06  1.6199e+03  2.6553e+02  1.4005e+06  1.2594e+03  5.2592e+04  1.6016e+06  1.7210e+03  3.7697e+03  1.6015e+06  1.7209e+03  5.6362e+04  1.6016e+06  1.7244e+03  
364         6.0383e+10  3.6207e+04  1.6252e+06  1.6002e+03  2.5172e+02  1.4302e+06  1.2319e+03  5.0490e+04  1.6312e+06  1.7051e+03  3.6139e+03  1.6311e+06  1.7050e+03  5.4104e+04  1.6312e+06  1.7085e+03  
365         6.1127e+10  3.4600e+04  1.6550e+06  1.5807e+03  2.3865e+02  1.4604e+06  1.2050e+03  4.8472e+04  1.6611e+06  1.6895e+03  3.4647e+03  1.6611e+06  1.6894e+03  5.1937e+04  1.6611e+06  1.6930e+03  
366         6.1881e+10  3.3065e+04  1.6853e+06  1.5614e+03  2.2629e+02  1.4910e+06  1.1785e+03  4.6536e+04  1.6915e+06  1.6742e+03  3.3217e+03  1.6915e+06  1.6741e+03  4.9857e+04  1.6915e+06  1.6778e+03  
367         6.2647e+10  3.1600e+04  1.7160e+06  1.5424e+03  2.1459e+02  1.5221e+06  1.1524e+03  4.4677e+04  1.7223e+06  1.6593e+03  3.1846e+03  1.7223e+06  1.6592e+03  4.7862e+04  1.7223e+06  1.6630e+03  
368         6.3423e+10  3.0201e+04  1.7471e+06  1.5236e+03  2.0352e+02  1.5536e+06  1.1267e+03  4.2894e+04  1.7535e+06  1.6447e+03  3.0533e+03  1.7535e+06  1.6446e+03  4.5947e+04  1.7535e+06  1.6485e+03  
369         6.4211e+10  2.8864e+04  1.7786e+06  1.5050e+03  1.9304e+02  1.5856e+06  1.1015e+03  4.1182e+04  1.7852e+06  1.6305e+03  2.9275e+03  1.7851e+06  1.6304e+03  4.4109e+04  1.7852e+06  1.6343e+03  
370         6.5011e+10  2.7588e+04  1.8106e+06  1.4866e+03  1.8311e+02  1.6181e+06  1.0768e+03  3.9539e+04  1.8172e+06  1.6166e+03  2.8069e+03  1.8172e+06  1.6165e+03  4.2345e+04  1.8172e+06  1.6205e+03  
371         6.5822e+10  2.6369e+04  1.8429e+06  1.4684e+03  1.7372e+02  1.6510e+06  1.0525e+03  3.7961e+04  1.8498e+06  1.6030e+03  2.6913e+03  1.8497e+06  1.6029e+03  4.0653e+04  1.8498e+06  1.6070e+03  
372         6.6645e+10  2.5204e+04  1.8757e+06  1.4504e+03  1.6482e+02  1.6843e+06  1.0286e+03  3.6448e+04  1.8827e+06  1.5897e+03  2.5805e+03  1.8826e+06  1.5896e+03  3.9028e+04  1.8827e+06  1.5938e+03  
373         6.7480e+10  2.4092e+04  1.9090e+06  1.4326e+03  1.5640e+02  1.7182e+06  1.0051e+03  3.4995e+04  1.9161e+06  1.5768e+03  2.4743e+03  1.9160e+06  1.5767e+03  3.7469e+04  1.9161e+06  1.5809e+03  
374         6.8327e+10  2.3029e+04  1.9427e+06  1.4150e+03  1.4842e+02  1.7525e+06  9.8213e+02  3.3600e+04  1.9499e+06  1.5641e+03  2.3726e+03  1.9499e+06  1.5640e+03  3.5972e+04  1.9499e+06  1.5684e+03  
375         6.9187e+10  2.2014e+04  1.9768e+06  1.3976e+03  1.4086e+02  1.7873e+06  9.5953e+02  3.2261e+04  1.9842e+06  1.5518e+03  2.2751e+03  1.9841e+06  1.5516e+03  3.4536e+04  1.9842e+06  1.5561e+03  
376         7.0059e+10  2.1045e+04  2.0114e+06  1.3803e+03  1.3369e+02  1.8226e+06  9.3737e+02  3.0976e+04  2.0189e+06  1.5397e+03  2.1816e+03  2.0189e+06  1.5396e+03  3.3158e+04  2.0189e+06  1.5442e+03  
377         7.0944e+10  2.0119e+04  2.0465e+06  1.3632e+03  1.2691e+02  1.8583e+06  9.1562e+02  2.9742e+04  2.0541e+06  1.5280e+03  2.0920e+03  2.0541e+06  1.5278e+03  3.1834e+04  2.0541e+06  1.5325e+03  
378         7.1841e+10  1.9234e+04  2.0820e+06  1.3463e+03  1.2048e+02  1.8946e+06  8.9429e+02  2.8558e+04  2.0898e+06  1.5165e+03  2.0061e+03  2.0898e+06  1.5163e+03  3.0564e+04  2.0898e+06  1.5211e+03  
379         7.2752e+10  1.8388e+04  2.1180e+06  1.3295e+03  1.1438e+02  1.9313e+06  8.7337e+02  2.7421e+04  2.1260e+06  1.5053e+03  1.9237e+03  2.1259e+06  1.5051e+03  2.9345e+04  2.1260e+06  1.5100e+03  
380         7.3676e+10  1.7580e+04  2.1545e+06  1.3129e+03  1.0860e+02  1.9686e+06  8.5285e+02  2.6330e+04  2.1626e+06  1.4944e+03  1.8448e+03  2.1625e+06  1.4942e+03  2.8175e+04  2.1626e+06  1.4992e+03  
381         7.4614e+10  1.6808e+04  2.1915e+06  1.2964e+03  1.0313e+02  2.0063e+06  8.3275e+02  2.5282e+04  2.1997e+06  1.4837e+03  1.7691e+03  2.1996e+06  1.4835e+03  2.7051e+04  2.1997e+06  1.4887e+03  
382         7.5566e+10  1.6070e+04  2.2289e+06  1.2801e+03  9.7932e+01  2.0446e+06  8.1304e+02  2.4276e+04  2.2373e+06  1.4733e+03  1.6966e+03  2.2372e+06  1.4731e+03  2.5973e+04  2.2373e+06  1.4784e+03  
383         7.6531e+10  1.5365e+04  2.2669e+06  1.2639e+03  9.3008e+01  2.0834e+06  7.9372e+02  2.3311e+04  2.2754e+06  1.4632e+03  1.6271e+03  2.2753e+06  1.4630e+03  2.4938e+04  2.2754e+06  1.4684e+03  
384         7.7510e+10  1.4691e+04  2.3053e+06  1.2479e+03  8.8338e+01  2.1227e+06  7.7480e+02  2.2384e+04  2.3140e+06  1.4533e+03  1.5604e+03  2.3139e+06  1.4531e+03  2.3944e+04  2.3140e+06  1.4586e+03  
385         7.8504e+10  1.4048e+04  2.3443e+06  1.2319e+03  8.3909e+01  2.1625e+06  7.5626e+02  2.1493e+04  2.3531e+06  1.4437e+03  1.4965e+03  2.3530e+06  1.4435e+03  2.2990e+04  2.3531e+06  1.4491e+03  
386         7.9512e+10  1.3432e+04  2.3837e+06  1.2162e+03  7.9708e+01  2.2029e+06  7.3810e+02  2.0639e+04  2.3927e+06  1.4343e+03  1.4352e+03  2.3927e+06  1.4341e+03  2.2074e+04  2.3927e+06  1.4398e+03  
387         8.0535e+10  1.2844e+04  2.4237e+06  1.2005e+03  7.5722e+01  2.2438e+06  7.2031e+02  1.9818e+04  2.4329e+06  1.4251e+03  1.3765e+03  2.4328e+06  1.4249e+03  2.1195e+04  2.4329e+06  1.4308e+03  
388         8.1573e+10  1.2282e+04  2.4642e+06  1.1849e+03  7.1942e+01  2.2852e+06  7.0290e+02  1.9031e+04  2.4735e+06  1.4162e+03  1.3201e+03  2.4735e+06  1.4160e+03  2.0351e+04  2.4735e+06  1.4220e+03  
389         8.2626e+10  1.1745e+04  2.5053e+06  1.1695e+03  6.8354e+01  2.3272e+06  6.8584e+02  1.8274e+04  2.5147e+06  1.4075e+03  1.2661e+03  2.5147e+06  1.4073e+03  1.9540e+04  2.5147e+06  1.4135e+03  
390         8.3694e+10  1.1231e+04  2.5468e+06  1.1542e+03  6.4950e+01  2.3698e+06  6.6915e+02  1.7548e+04  2.5565e+06  1.3990e+03  1.2143e+03  2.5564e+06  1.3988e+03  1.8762e+04  2.5565e+06  1.4052e+03  
391         8.4778e+10  1.0740e+04  2.5890e+06  1.1390e+03  6.1720e+01  2.4129e+06  6.5281e+02  1.6851e+04  2.5988e+06  1.3908e+03  1.1646e+03  2.5987e+06  1.3905e+03  1.8016e+04  2.5988e+06  1.3971e+03  
392         8.5878e+10  1.0271e+04  2.6316e+06  1.1239e+03  5.8654e+01  2.4565e+06  6.3682e+02  1.6181e+04  2.6417e+06  1.3827e+03  1.1170e+03  2.6416e+06  1.3825e+03  1.7298e+04  2.6416e+06  1.3892e+03  
393         8.6993e+10  9.8220e+03  2.6749e+06  1.1089e+03  5.5743e+01  2.5008e+06  6.2117e+02  1.5538e+04  2.6851e+06  1.3749e+03  1.0714e+03  2.6850e+06  1.3746e+03  1.6610e+04  2.6851e+06  1.3815e+03  
394         8.8125e+10  9.3931e+03  2.7187e+06  1.0940e+03  5.2981e+01  2.5456e+06  6.0585e+02  1.4921e+04  2.7291e+06  1.3673e+03  1.0276e+03  2.7290e+06  1.3670e+03  1.5949e+04  2.7291e+06  1.3740e+03  
395         8.9274e+10  8.9831e+03  2.7631e+06  1.0792e+03  5.0358e+01  2.5911e+06  5.9087e+02  1.4328e+04  2.7736e+06  1.3598e+03  9.8557e+02  2.7736e+06  1.3595e+03  1.5314e+04  2.7736e+06  1.3668e+03  
396         9.0439e+10  8.5911e+03  2.8080e+06  1.0645e+03  4.7868e+01  2.6371e+06  5.7621e+02  1.3759e+04  2.8188e+06  1.3526e+03  9.4530e+02  2.8187e+06  1.3523e+03  1.4705e+04  2.8188e+06  1.3597e+03  
397         9.1622e+10  8.2163e+03  2.8536e+06  1.0499e+03  4.5503e+01  2.6837e+06  5.6187e+02  1.3213e+04  2.8645e+06  1.3455e+03  9.0668e+02  2.8645e+06  1.3452e+03  1.4119e+04  2.8645e+06  1.3528e+03  
398         9.2821e+10  7.8579e+03  2.8997e+06  1.0355e+03  4.3258e+01  2.7310e+06  5.4785e+02  1.2688e+04  2.9109e+06  1.3386e+03  8.6964e+02  2.9108e+06  1.3383e+03  1.3558e+04  2.9109e+06  1.3461e+03  
399         9.4039e+10  7.5154e+03  2.9465e+06  1.0211e+03  4.1126e+01  2.7788e+06  5.3414e+02  1.2184e+04  2.9578e+06  1.3319e+03  8.3414e+02  2.9578e+06  1.3316e+03  1.3018e+04  2.9578e+06  1.3396e+03  
400         9.5274e+10  7.1874e+03  2.9939e+06  1.0068e+03  3.9098e+01  2.8273e+06  5.2071e+02  1.1700e+04  3.0054e+06  1.3254e+03  8.0003e+02  3.0054e+06  1.3250e+03  1.2500e+04  3.0054e+06  1.3333e+03  
401         9.6527e+10  6.8752e+03  3.0419e+06  9.9260e+02  3.7181e+01  2.8764e+06  5.0763e+02  1.1237e+04  3.0536e+06  1.3191e+03  7.6748e+02  3.0536e+06  1.3187e+03  1.2004e+04  3.0536e+06  1.3272e+03  
