I           X1          NDT_H       VX1_H       TMP_H       NDT_HE      VX1_HE      TMP_HE      NDT_H+      VX1_H+      TMP_H+      NDT_HE+     VX1_HE+     TMP_HE+     NDT_ELC     VX1_ELC     TMP_ELC     
2           9.7177e+09  8.9991e+12  -2.1410e+03 1.4995e+03  9.9987e+11  -2.1410e+03 1.4995e+03  5.2608e+06  -2.1410e+03 1.4995e+03  1.4845e+03  -2.1411e+03 1.4995e+03  5.2622e+06  0.0000e+00  1.5005e+03  
3           9.7216e+09  8.9949e+12  -1.9584e+03 1.4969e+03  9.9920e+11  -1.9585e+03 1.4969e+03  5.2827e+06  -1.9584e+03 1.4969e+03  1.5547e+03  -1.9588e+03 1.4969e+03  5.2842e+06  0.0000e+00  1.4979e+03  
4           9.7256e+09  8.9783e+12  -1.7513e+03 1.4911e+03  9.9679e+11  -1.7514e+03 1.4911e+03  5.3261e+06  -1.7513e+03 1.4911e+03  1.6583e+03  -1.7517e+03 1.4911e+03  5.3277e+06  0.0000e+00  1.4921e+03  
5           9.7296e+09  8.9390e+12  -1.5773e+03 1.4839e+03  9.9134e+11  -1.5775e+03 1.4839e+03  5.3901e+06  -1.5773e+03 1.4839e+03  1.7757e+03  -1.5778e+03 1.4839e+03  5.3919e+06  0.0000e+00  1.4850e+03  
6           9.7337e+09  8.8781e+12  -1.4382e+03 1.4762e+03  9.8306e+11  -1.4384e+03 1.4762e+03  5.4738e+06  -1.4382e+03 1.4762e+03  1.9030e+03  -1.4387e+03 1.4762e+03  5.4757e+06  0.0000e+00  1.4773e+03  
7           9.7379e+09  8.7970e+12  -1.3272e+03 1.4683e+03  9.7214e+11  -1.3273e+03 1.4683e+03  5.5758e+06  -1.3272e+03 1.4683e+03  2.0418e+03  -1.3277e+03 1.4683e+03  5.5778e+06  0.0000e+00  1.4694e+03  
8           9.7421e+09  8.6969e+12  -1.2360e+03 1.4607e+03  9.5879e+11  -1.2362e+03 1.4607e+03  5.6949e+06  -1.2360e+03 1.4607e+03  2.1945e+03  -1.2366e+03 1.4607e+03  5.6971e+06  0.0000e+00  1.4618e+03  
9           9.7463e+09  8.5791e+12  -1.1549e+03 1.4537e+03  9.4320e+11  -1.1552e+03 1.4537e+03  5.8297e+06  -1.1550e+03 1.4537e+03  2.3633e+03  -1.1556e+03 1.4537e+03  5.8320e+06  0.0000e+00  1.4548e+03  
10          9.7507e+09  8.4448e+12  -1.0709e+03 1.4470e+03  9.2557e+11  -1.0711e+03 1.4470e+03  5.9789e+06  -1.0709e+03 1.4470e+03  2.5503e+03  -1.0716e+03 1.4470e+03  5.9814e+06  0.0000e+00  1.4481e+03  
11          9.7551e+09  8.2955e+12  -9.8235e+02 1.4405e+03  9.0609e+11  -9.8262e+02 1.4405e+03  6.1413e+06  -9.8237e+02 1.4405e+03  2.7576e+03  -9.8311e+02 1.4405e+03  6.1441e+06  0.0000e+00  1.4416e+03  
12          9.7595e+09  8.1322e+12  -8.9794e+02 1.4339e+03  8.8497e+11  -8.9824e+02 1.4339e+03  6.3158e+06  -8.9797e+02 1.4339e+03  2.9879e+03  -8.9876e+02 1.4339e+03  6.3188e+06  0.0000e+00  1.4350e+03  
13          9.7641e+09  7.9564e+12  -8.1922e+02 1.4273e+03  8.6240e+11  -8.1954e+02 1.4273e+03  6.5014e+06  -8.1925e+02 1.4273e+03  3.2442e+03  -8.2009e+02 1.4273e+03  6.5047e+06  0.0000e+00  1.4283e+03  
14          9.7686e+09  7.7691e+12  -7.4536e+02 1.4205e+03  8.3855e+11  -7.4571e+02 1.4205e+03  6.6973e+06  -7.4539e+02 1.4205e+03  3.5299e+03  -7.4628e+02 1.4205e+03  6.7009e+06  0.0000e+00  1.4216e+03  
15          9.7733e+09  7.5717e+12  -6.7601e+02 1.4137e+03  8.1362e+11  -6.7638e+02 1.4137e+03  6.9029e+06  -6.7603e+02 1.4137e+03  3.8488e+03  -6.7698e+02 1.4137e+03  6.9068e+06  0.0000e+00  1.4147e+03  
16          9.7780e+09  7.3653e+12  -6.1084e+02 1.4069e+03  7.8778e+11  -6.1124e+02 1.4069e+03  7.1177e+06  -6.1087e+02 1.4069e+03  4.2056e+03  -6.1188e+02 1.4069e+03  7.1219e+06  0.0000e+00  1.4079e+03  
17          9.7828e+09  7.1511e+12  -5.4961e+02 1.3999e+03  7.6121e+11  -5.5003e+02 1.3999e+03  7.3414e+06  -5.4963e+02 1.3999e+03  4.6055e+03  -5.5070e+02 1.3999e+03  7.3460e+06  0.0000e+00  1.4009e+03  
18          9.7877e+09  6.9303e+12  -4.9207e+02 1.3929e+03  7.3407e+11  -4.9253e+02 1.3929e+03  7.5739e+06  -4.9210e+02 1.3929e+03  5.0548e+03  -4.9324e+02 1.3929e+03  7.5789e+06  0.0000e+00  1.3939e+03  
19          9.7926e+09  6.7041e+12  -4.3805e+02 1.3859e+03  7.0653e+11  -4.3853e+02 1.3859e+03  7.8151e+06  -4.3807e+02 1.3859e+03  5.5605e+03  -4.3928e+02 1.3859e+03  7.8207e+06  0.0000e+00  1.3868e+03  
20          9.7976e+09  6.4734e+12  -3.8737e+02 1.3788e+03  6.7875e+11  -3.8790e+02 1.3788e+03  8.0653e+06  -3.8740e+02 1.3788e+03  6.1312e+03  -3.8868e+02 1.3788e+03  8.0714e+06  0.0000e+00  1.3797e+03  
21          9.8027e+09  6.2395e+12  -3.3992e+02 1.3716e+03  6.5085e+11  -3.4048e+02 1.3716e+03  8.3245e+06  -3.3996e+02 1.3716e+03  6.7766e+03  -3.4132e+02 1.3716e+03  8.3313e+06  0.0000e+00  1.3725e+03  
22          9.8079e+09  6.0033e+12  -2.9560e+02 1.3643e+03  6.2299e+11  -2.9619e+02 1.3643e+03  8.5934e+06  -2.9563e+02 1.3643e+03  7.5082e+03  -2.9707e+02 1.3643e+03  8.6009e+06  0.0000e+00  1.3652e+03  
23          9.8131e+09  5.7659e+12  -2.5432e+02 1.3570e+03  5.9530e+11  -2.5495e+02 1.3570e+03  8.8721e+06  -2.5435e+02 1.3570e+03  8.3394e+03  -2.5588e+02 1.3570e+03  8.8804e+06  0.0000e+00  1.3578e+03  
24          9.8184e+09  5.5281e+12  -2.1602e+02 1.3496e+03  5.6789e+11  -2.1670e+02 1.3496e+03  9.1611e+06  -2.1606e+02 1.3496e+03  9.2857e+03  -2.1769e+02 1.3496e+03  9.1704e+06  0.0000e+00  1.3504e+03  
25          9.8238e+09  5.2910e+12  -1.8070e+02 1.3421e+03  5.4087e+11  -1.8142e+02 1.3421e+03  9.4610e+06  -1.8073e+02 1.3421e+03  1.0365e+04  -1.8246e+02 1.3421e+03  9.4714e+06  0.0000e+00  1.3429e+03  
26          9.8293e+09  5.0553e+12  -1.4832e+02 1.3346e+03  5.1434e+11  -1.4910e+02 1.3346e+03  9.7722e+06  -1.4836e+02 1.3346e+03  1.1599e+04  -1.5020e+02 1.3346e+03  9.7838e+06  0.0000e+00  1.3354e+03  
27          9.8348e+09  4.8219e+12  -1.1892e+02 1.3270e+03  4.8840e+11  -1.1975e+02 1.3270e+03  1.0095e+07  -1.1896e+02 1.3270e+03  1.3011e+04  -1.2091e+02 1.3270e+03  1.0108e+07  0.0000e+00  1.3278e+03  
28          9.8404e+09  4.5916e+12  -9.2518e+01 1.3193e+03  4.6312e+11  -9.3403e+01 1.3193e+03  1.0430e+07  -9.2561e+01 1.3193e+03  1.4629e+04  -9.4632e+01 1.3193e+03  1.0445e+07  0.0000e+00  1.3201e+03  
29          9.8461e+09  4.3650e+12  -6.9180e+01 1.3116e+03  4.3858e+11  -7.0126e+01 1.3116e+03  1.0777e+07  -6.9225e+01 1.3116e+03  1.6485e+04  -7.1422e+01 1.3116e+03  1.0794e+07  0.0000e+00  1.3124e+03  
30          9.8519e+09  4.1429e+12  -4.8985e+01 1.3038e+03  4.1483e+11  -4.9996e+01 1.3038e+03  1.1137e+07  -4.9032e+01 1.3038e+03  1.8617e+04  -5.1361e+01 1.3038e+03  1.1156e+07  0.0000e+00  1.3046e+03  
31          9.8578e+09  3.9258e+12  -3.2036e+01 1.2960e+03  3.9193e+11  -3.3116e+01 1.2960e+03  1.1509e+07  -3.2085e+01 1.2960e+03  2.1067e+04  -3.4553e+01 1.2960e+03  1.1530e+07  0.0000e+00  1.2967e+03  
32          9.8638e+09  3.7144e+12  -1.8460e+01 1.2880e+03  3.6992e+11  -1.9615e+01 1.2880e+03  1.1894e+07  -1.8512e+01 1.2880e+03  2.3883e+04  -2.1124e+01 1.2880e+03  1.1918e+07  0.0000e+00  1.2887e+03  
33          9.8698e+09  3.5091e+12  -8.4113e+00 1.2800e+03  3.4882e+11  -9.6461e+00 1.2800e+03  1.2292e+07  -8.4654e+00 1.2800e+03  2.7122e+04  -1.1228e+01 1.2800e+03  1.2319e+07  0.0000e+00  1.2807e+03  
34          9.8759e+09  3.3103e+12  -2.1095e+00 1.2720e+03  3.2867e+11  -3.4292e+00 1.2720e+03  1.2702e+07  -2.1662e+00 1.2720e+03  3.0846e+04  -5.0837e+00 1.2720e+03  1.2733e+07  0.0000e+00  1.2727e+03  
35          9.8822e+09  3.1185e+12  1.8079e+00  1.2639e+03  3.0948e+11  3.9697e-01  1.2639e+03  1.3123e+07  1.7484e+00  1.2639e+03  3.5130e+04  -1.3294e+00 1.2639e+03  1.3159e+07  1.7438e+00  1.2645e+03  
36          9.8885e+09  2.9339e+12  4.2872e+00  1.2557e+03  2.9125e+11  2.7791e+00  1.2557e+03  1.3556e+07  4.2249e+00  1.2557e+03  4.0057e+04  9.8222e-01  1.2557e+03  1.3596e+07  4.2153e+00  1.2563e+03  
37          9.8949e+09  2.7566e+12  3.8314e+00  1.2474e+03  2.7396e+11  2.2176e+00  1.2474e+03  1.3998e+07  3.7662e+00  1.2474e+03  4.5723e+04  3.5264e-01  1.2474e+03  1.4044e+07  3.7551e+00  1.2480e+03  
38          9.9014e+09  2.5864e+12  3.6305e+00  1.2391e+03  2.5756e+11  1.9016e+00  1.2391e+03  1.4448e+07  3.5623e+00  1.2391e+03  5.2234e+04  -2.9024e-02 1.2391e+03  1.4500e+07  3.5494e+00  1.2397e+03  
39          9.9080e+09  2.4233e+12  3.1805e+00  1.2307e+03  2.4201e+11  1.3259e+00  1.2307e+03  1.4902e+07  3.1093e+00  1.2307e+03  5.9712e+04  -6.6659e-01 1.2307e+03  1.4962e+07  3.0968e+00  1.2313e+03  
40          9.9147e+09  2.2671e+12  1.2400e+00  1.2223e+03  2.2727e+11  -7.5125e-01 1.2223e+03  1.5360e+07  1.1656e+00  1.2223e+03  6.8297e+04  -2.8005e+00 1.2223e+03  1.5428e+07  1.1604e+00  1.2229e+03  
41          9.9215e+09  2.1178e+12  -1.4831e+00 1.2138e+03  2.1330e+11  -3.6218e+00 1.2138e+03  1.5818e+07  -1.5607e+00 1.2138e+03  7.8144e+04  -5.7218e+00 1.2138e+03  1.5896e+07  0.0000e+00  1.2143e+03  
42          9.9284e+09  1.9755e+12  -5.8298e+00 1.2052e+03  2.0010e+11  -8.1285e+00 1.2052e+03  1.6274e+07  -5.9109e+00 1.2052e+03  8.9429e+04  -1.0271e+01 1.2052e+03  1.6364e+07  0.0000e+00  1.2057e+03  
43          9.9353e+09  1.8401e+12  -1.2756e+01 1.1965e+03  1.8762e+11  -1.5227e+01 1.1965e+03  1.6728e+07  -1.2841e+01 1.1965e+03  1.0235e+05  -1.7402e+01 1.1965e+03  1.6830e+07  0.0000e+00  1.1971e+03  
44          9.9424e+09  1.7116e+12  -2.2214e+01 1.1878e+03  1.7585e+11  -2.4868e+01 1.1878e+03  1.7177e+07  -2.2302e+01 1.1878e+03  1.1713e+05  -2.7064e+01 1.1878e+03  1.7294e+07  0.0000e+00  1.1884e+03  
45          9.9496e+09  1.5899e+12  -3.4160e+01 1.1791e+03  1.6476e+11  -3.7011e+01 1.1791e+03  1.7619e+07  -3.4252e+01 1.1791e+03  1.3403e+05  -3.9214e+01 1.1791e+03  1.7753e+07  0.0000e+00  1.1796e+03  
46          9.9569e+09  1.4751e+12  -4.8527e+01 1.1702e+03  1.5431e+11  -5.1589e+01 1.1702e+03  1.8052e+07  -4.8624e+01 1.1702e+03  1.5332e+05  -5.3783e+01 1.1703e+03  1.8206e+07  0.0000e+00  1.1708e+03  
47          9.9643e+09  1.3669e+12  -6.5226e+01 1.1614e+03  1.4448e+11  -6.8512e+01 1.1614e+03  1.8475e+07  -6.5326e+01 1.1614e+03  1.7533e+05  -7.0680e+01 1.1614e+03  1.8651e+07  0.0000e+00  1.1619e+03  
48          9.9719e+09  1.2652e+12  -8.4134e+01 1.1524e+03  1.3522e+11  -8.7659e+01 1.1524e+03  1.8886e+07  -8.4239e+01 1.1524e+03  2.0041e+05  -8.9782e+01 1.1524e+03  1.9087e+07  0.0000e+00  1.1529e+03  
49          9.9795e+09  1.1699e+12  -1.0510e+02 1.1434e+03  1.2652e+11  -1.0888e+02 1.1434e+03  1.9285e+07  -1.0521e+02 1.1434e+03  2.2899e+05  -1.1094e+02 1.1434e+03  1.9514e+07  0.0000e+00  1.1439e+03  
50          9.9872e+09  1.0806e+12  -1.2794e+02 1.1343e+03  1.1833e+11  -1.3199e+02 1.1343e+03  1.9673e+07  -1.2806e+02 1.1343e+03  2.6153e+05  -1.3396e+02 1.1343e+03  1.9934e+07  0.0000e+00  1.1348e+03  
51          9.9951e+09  9.9730e+11  -1.5244e+02 1.1252e+03  1.1062e+11  -1.5677e+02 1.1252e+03  2.0049e+07  -1.5256e+02 1.1252e+03  2.9855e+05  -1.5862e+02 1.1252e+03  2.0348e+07  0.0000e+00  1.1257e+03  
52          1.0003e+10  9.1961e+11  -1.7833e+02 1.1160e+03  1.0337e+11  -1.8296e+02 1.1160e+03  2.0420e+07  -1.7846e+02 1.1160e+03  3.4065e+05  -1.8467e+02 1.1160e+03  2.0760e+07  0.0000e+00  1.1165e+03  
53          1.0011e+10  8.4731e+11  -2.0533e+02 1.1068e+03  9.6536e+10  -2.1028e+02 1.1068e+03  2.0790e+07  -2.0547e+02 1.1068e+03  3.8851e+05  -2.1182e+02 1.1068e+03  2.1178e+07  0.0000e+00  1.1072e+03  
54          1.0019e+10  7.8014e+11  -2.3311e+02 1.0975e+03  9.0102e+10  -2.3840e+02 1.0975e+03  2.1168e+07  -2.3326e+02 1.0975e+03  4.4295e+05  -2.3973e+02 1.0975e+03  2.1611e+07  0.0000e+00  1.0979e+03  
55          1.0028e+10  7.1783e+11  -2.6130e+02 1.0881e+03  8.4037e+10  -2.6695e+02 1.0881e+03  2.1567e+07  -2.6147e+02 1.0881e+03  5.0497e+05  -2.6805e+02 1.0881e+03  2.2072e+07  0.0000e+00  1.0886e+03  
56          1.0036e+10  6.6009e+11  -2.8952e+02 1.0787e+03  7.8315e+10  -2.9555e+02 1.0787e+03  2.2004e+07  -2.8971e+02 1.0787e+03  5.7594e+05  -2.9638e+02 1.0787e+03  2.2580e+07  0.0000e+00  1.0791e+03  
57          1.0045e+10  6.0663e+11  -3.1734e+02 1.0693e+03  7.2914e+10  -3.2377e+02 1.0693e+03  2.2500e+07  -3.1756e+02 1.0693e+03  6.5786e+05  -3.2431e+02 1.0693e+03  2.3158e+07  0.0000e+00  1.0697e+03  
58          1.0053e+10  5.5718e+11  -3.4432e+02 1.0597e+03  6.7812e+10  -3.5118e+02 1.0597e+03  2.3080e+07  -3.4457e+02 1.0597e+03  7.5382e+05  -3.5140e+02 1.0597e+03  2.3834e+07  0.0000e+00  1.0601e+03  
59          1.0062e+10  5.1146e+11  -3.6999e+02 1.0502e+03  6.2988e+10  -3.7732e+02 1.0502e+03  2.3772e+07  -3.7029e+02 1.0502e+03  8.6870e+05  -3.7719e+02 1.0502e+03  2.4641e+07  0.0000e+00  1.0505e+03  
60          1.0071e+10  4.6918e+11  -3.9388e+02 1.0405e+03  5.8425e+10  -4.0171e+02 1.0405e+03  2.4605e+07  -3.9424e+02 1.0405e+03  1.0101e+06  -4.0121e+02 1.0405e+03  2.5615e+07  0.0000e+00  1.0409e+03  
61          1.0080e+10  4.3010e+11  -4.1550e+02 1.0309e+03  5.4106e+10  -4.2388e+02 1.0309e+03  2.5609e+07  -4.1593e+02 1.0309e+03  1.1894e+06  -4.2296e+02 1.0309e+03  2.6798e+07  0.0000e+00  1.0312e+03  
62          1.0089e+10  3.9394e+11  -4.3436e+02 1.0211e+03  5.0016e+10  -4.4334e+02 1.0211e+03  2.6806e+07  -4.3487e+02 1.0212e+03  1.4230e+06  -4.4195e+02 1.0212e+03  2.8229e+07  0.0000e+00  1.0215e+03  
63          1.0099e+10  3.6048e+11  -4.4997e+02 1.0114e+03  4.6142e+10  -4.5963e+02 1.0114e+03  2.8215e+07  -4.5059e+02 1.0114e+03  1.7328e+06  -4.5766e+02 1.0114e+03  2.9948e+07  0.0000e+00  1.0117e+03  
64          1.0108e+10  3.2947e+11  -4.6186e+02 1.0016e+03  4.2472e+10  -4.7228e+02 1.0016e+03  2.9841e+07  -4.6259e+02 1.0016e+03  2.1469e+06  -4.6957e+02 1.0016e+03  3.1988e+07  0.0000e+00  1.0019e+03  
65          1.0118e+10  3.0070e+11  -4.6955e+02 9.9170e+02  3.8996e+10  -4.8082e+02 9.9170e+02  3.1675e+07  -4.7041e+02 9.9170e+02  2.6982e+06  -4.7721e+02 9.9171e+02  3.4373e+07  0.0000e+00  9.9198e+02  
66          1.0128e+10  2.7398e+11  -4.7161e+02 9.8179e+02  3.5702e+10  -4.8389e+02 9.8179e+02  3.3694e+07  -4.7264e+02 9.8179e+02  3.4225e+06  -4.7917e+02 9.8180e+02  3.7116e+07  0.0000e+00  9.8205e+02  
67          1.0137e+10  2.4912e+11  -4.7270e+02 9.7183e+02  3.2584e+10  -4.8611e+02 9.7183e+02  3.5859e+07  -4.7391e+02 9.7184e+02  4.3547e+06  -4.8009e+02 9.7184e+02  4.0214e+07  0.0000e+00  9.7208e+02  
68          1.0147e+10  2.2595e+11  -4.9800e+02 9.6278e+02  2.9633e+10  -5.1245e+02 9.6278e+02  3.8118e+07  -4.9943e+02 9.6278e+02  5.5251e+06  -5.0518e+02 9.6279e+02  4.3643e+07  0.0000e+00  9.6302e+02  
69          1.0158e+10  2.0434e+11  -5.5580e+02 9.5776e+02  2.6843e+10  -5.7105e+02 9.5776e+02  4.0412e+07  -5.5749e+02 9.5777e+02  6.9539e+06  -5.6276e+02 9.5777e+02  4.7366e+07  0.0000e+00  9.5800e+02  
70          1.0168e+10  1.8416e+11  -6.2492e+02 9.5929e+02  2.4209e+10  -6.4089e+02 9.5929e+02  4.2673e+07  -6.2693e+02 9.5930e+02  8.6481e+06  -6.3177e+02 9.5931e+02  5.1321e+07  0.0000e+00  9.5953e+02  
71          1.0178e+10  1.6530e+11  -6.8956e+02 9.6910e+02  2.1725e+10  -7.0632e+02 9.6910e+02  4.4828e+07  -6.9196e+02 9.6911e+02  1.0598e+07  -6.9646e+02 9.6912e+02  5.5426e+07  0.0000e+00  9.6934e+02  
72          1.0189e+10  1.4766e+11  -7.3609e+02 9.8818e+02  1.9389e+10  -7.5391e+02 9.8818e+02  4.6806e+07  -7.3894e+02 9.8819e+02  1.2775e+07  -7.4324e+02 9.8820e+02  5.9581e+07  0.0000e+00  9.8842e+02  
73          1.0200e+10  1.3120e+11  -7.5367e+02 1.0169e+03  1.7197e+10  -7.7311e+02 1.0169e+03  4.8535e+07  -7.5708e+02 1.0169e+03  1.5131e+07  -7.6132e+02 1.0169e+03  6.3666e+07  0.0000e+00  1.0171e+03  
74          1.0211e+10  1.1585e+11  -7.3477e+02 1.0551e+03  1.5149e+10  -7.5667e+02 1.0551e+03  4.9949e+07  -7.3887e+02 1.0551e+03  1.7600e+07  -7.4321e+02 1.0551e+03  6.7549e+07  0.0000e+00  1.0554e+03  
75          1.0222e+10  1.0159e+11  -6.7545e+02 1.1025e+03  1.3245e+10  -7.0107e+02 1.1025e+03  5.0991e+07  -6.8044e+02 1.1025e+03  2.0101e+07  -6.8506e+02 1.1025e+03  7.1092e+07  0.0000e+00  1.1027e+03  
76          1.0233e+10  8.8393e+10  -5.7595e+02 1.1584e+03  1.1484e+10  -6.0693e+02 1.1584e+03  5.1625e+07  -5.8210e+02 1.1585e+03  2.2540e+07  -5.8719e+02 1.1585e+03  7.4164e+07  0.0000e+00  1.1587e+03  
77          1.0245e+10  7.6274e+10  -4.4149e+02 1.2228e+03  9.8701e+09  -4.7992e+02 1.2228e+03  5.1833e+07  -4.4918e+02 1.2229e+03  2.4822e+07  -4.5496e+02 1.2229e+03  7.6655e+07  0.0000e+00  1.2231e+03  
78          1.0256e+10  6.5241e+10  -2.8395e+02 1.2960e+03  8.4058e+09  -3.3230e+02 1.2960e+03  5.1631e+07  -2.9368e+02 1.2960e+03  2.6864e+07  -3.0040e+02 1.2960e+03  7.8495e+07  0.0000e+00  1.2963e+03  
79          1.0268e+10  5.5321e+10  -1.2495e+02 1.3792e+03  7.0956e+09  -1.8575e+02 1.3792e+03  5.1066e+07  -1.3736e+02 1.3793e+03  2.8610e+07  -1.4526e+02 1.3793e+03  7.9676e+07  0.0000e+00  1.3796e+03  
80          1.0280e+10  4.6550e+10  -1.9281e+00 1.4753e+03  5.9450e+09  -7.6998e+01 1.4753e+03  5.0221e+07  -1.7720e+01 1.4753e+03  3.0052e+07  -2.7046e+01 1.4753e+03  8.0273e+07  0.0000e+00  1.4756e+03  
81          1.0292e+10  3.8970e+10  1.8557e+02  1.5889e+03  4.9603e+09  9.2946e+01  1.5889e+03  4.9215e+07  1.6543e+02  1.5890e+03  3.1246e+07  1.5430e+02  1.5890e+03  8.0461e+07  1.6111e+02  1.5893e+03  
82          1.0304e+10  3.2561e+10  2.4029e+02  1.7255e+03  4.1364e+09  1.3154e+02  1.7255e+03  4.8144e+07  2.1519e+02  1.7255e+03  3.2267e+07  2.0207e+02  1.7255e+03  8.0411e+07  2.0992e+02  1.7259e+03  
83          1.0317e+10  2.7179e+10  2.9990e+02  1.8877e+03  3.4544e+09  1.7175e+02  1.8877e+03  4.7019e+07  2.6869e+02  1.8878e+03  3.3118e+07  2.5292e+02  1.8878e+03  8.0137e+07  2.6217e+02  1.8882e+03  
84          1.0330e+10  2.2690e+10  3.5786e+02  2.0783e+03  2.8948e+09  2.0637e+02  2.0783e+03  4.5849e+07  3.1916e+02  2.0784e+03  3.3826e+07  2.9988e+02  2.0784e+03  7.9675e+07  3.1097e+02  2.0788e+03  
85          1.0342e+10  1.8965e+10  4.2097e+02  2.2996e+03  2.4382e+09  2.4151e+02  2.2996e+03  4.4645e+07  3.7313e+02  2.2996e+03  3.4422e+07  3.4922e+02  2.2997e+03  7.9066e+07  3.6272e+02  2.3001e+03  
86          1.0356e+10  1.5889e+10  4.8611e+02  2.5533e+03  2.0670e+09  2.7352e+02  2.5533e+03  4.3422e+07  4.2723e+02  2.5534e+03  3.4932e+07  3.9730e+02  2.5534e+03  7.8354e+07  4.1388e+02  2.5539e+03  
87          1.0369e+10  1.3357e+10  5.5345e+02  2.8407e+03  1.7655e+09  3.0229e+02  2.8407e+03  4.2204e+07  4.8147e+02  2.8407e+03  3.5376e+07  4.4384e+02  2.8407e+03  7.7580e+07  4.6431e+02  2.8413e+03  
88          1.0382e+10  1.1278e+10  6.2195e+02  3.1618e+03  1.5202e+09  3.2702e+02  3.1618e+03  4.1023e+07  5.3475e+02  3.1618e+03  3.5759e+07  4.8757e+02  3.1618e+03  7.6782e+07  5.1278e+02  3.1625e+03  
89          1.0396e+10  9.5752e+09  6.9125e+02  3.5155e+03  1.3199e+09  3.4818e+02  3.5155e+03  3.9928e+07  5.8687e+02  3.5156e+03  3.6075e+07  5.2826e+02  3.5156e+03  7.6002e+07  5.5905e+02  3.5163e+03  
90          1.0410e+10  8.1815e+09  7.6087e+02  3.8993e+03  1.1554e+09  3.6671e+02  3.8993e+03  3.8979e+07  6.3773e+02  3.8994e+03  3.6309e+07  5.6609e+02  3.8994e+03  7.5288e+07  6.0318e+02  3.9002e+03  
91          1.0424e+10  7.0421e+09  8.3044e+02  4.3087e+03  1.0197e+09  3.8418e+02  4.3087e+03  3.8251e+07  6.8759e+02  4.3088e+03  3.6445e+07  6.0197e+02  4.3088e+03  7.4696e+07  6.4582e+02  4.3096e+03  
92          1.0438e+10  6.1114e+09  8.9956e+02  4.7372e+03  9.0709e+08  4.0231e+02  4.7372e+03  3.7829e+07  7.3685e+02  4.7372e+03  3.6465e+07  6.3740e+02  4.7372e+03  7.4294e+07  6.8804e+02  4.7381e+03  
93          1.0452e+10  5.3516e+09  9.6779e+02  5.1760e+03  8.1337e+08  4.2268e+02  5.1760e+03  3.7802e+07  7.8604e+02  5.1761e+03  3.6358e+07  6.7425e+02  5.1761e+03  7.4160e+07  7.3123e+02  5.1770e+03  
94          1.0467e+10  4.7317e+09  1.0347e+03  5.6148e+03  7.3526e+08  4.4641e+02  5.6148e+03  3.8256e+07  8.3571e+02  5.6149e+03  3.6123e+07  7.1449e+02  5.6149e+03  7.4379e+07  7.7684e+02  5.6158e+03  
95          1.0482e+10  4.2265e+09  1.0997e+03  6.0414e+03  6.7025e+08  4.7393e+02  6.0414e+03  3.9261e+07  8.8638e+02  6.0415e+03  3.5767e+07  7.5968e+02  6.0415e+03  7.5028e+07  8.2598e+02  6.0425e+03  
96          1.0497e+10  3.8150e+09  1.1623e+03  6.4434e+03  6.1631e+08  5.0487e+02  6.4434e+03  4.0856e+07  9.3846e+02  6.4435e+03  3.5308e+07  8.1058e+02  6.4435e+03  7.6164e+07  8.7918e+02  6.4444e+03  
97          1.0512e+10  3.4801e+09  1.2215e+03  6.8089e+03  5.7179e+08  5.3798e+02  6.8089e+03  4.3040e+07  9.9190e+02  6.8089e+03  3.4770e+07  8.6666e+02  6.8089e+03  7.7810e+07  9.3593e+02  6.8098e+03  
98          1.0528e+10  3.2078e+09  1.2756e+03  7.1281e+03  5.3525e+08  5.7132e+02  7.1281e+03  4.5756e+07  1.0459e+03  7.1281e+03  3.4182e+07  9.2603e+02  7.1281e+03  7.9938e+07  9.9464e+02  7.1289e+03  
99          1.0543e+10  2.9860e+09  1.3229e+03  7.3948e+03  5.0537e+08  6.0257e+02  7.3948e+03  4.8892e+07  1.0987e+03  7.3948e+03  3.3571e+07  9.8568e+02  7.3949e+03  8.2464e+07  1.0527e+03  7.3954e+03  
100         1.0559e+10  2.8048e+09  1.3616e+03  7.6069e+03  4.8095e+08  6.2966e+02  7.6069e+03  5.2282e+07  1.1483e+03  7.6069e+03  3.2966e+07  1.0422e+03  7.6069e+03  8.5248e+07  1.1073e+03  7.6073e+03  
101         1.0576e+10  2.6558e+09  1.3910e+03  7.7664e+03  4.6088e+08  6.5139e+02  7.7664e+03  5.5730e+07  1.1926e+03  7.7664e+03  3.2387e+07  1.0929e+03  7.7664e+03  8.8116e+07  1.1559e+03  7.7667e+03  
102         1.0592e+10  2.5320e+09  1.4115e+03  7.8787e+03  4.4414e+08  6.6776e+02  7.8787e+03  5.9030e+07  1.2306e+03  7.8787e+03  3.1852e+07  1.1362e+03  7.8788e+03  9.0882e+07  1.1975e+03  7.8789e+03  
103         1.0609e+10  2.4274e+09  1.4250e+03  7.9517e+03  4.2983e+08  6.7984e+02  7.9517e+03  6.2000e+07  1.2624e+03  7.9517e+03  3.1373e+07  1.1722e+03  7.9517e+03  9.3374e+07  1.2321e+03  7.9518e+03  
104         1.0626e+10  2.3374e+09  1.4340e+03  7.9939e+03  4.1718e+08  6.8932e+02  7.9939e+03  6.4499e+07  1.2891e+03  7.9939e+03  3.0960e+07  1.2019e+03  7.9939e+03  9.5459e+07  1.2608e+03  7.9939e+03  
105         1.0643e+10  2.2579e+09  1.4411e+03  8.0136e+03  4.0558e+08  6.9807e+02  8.0136e+03  6.6442e+07  1.3124e+03  8.0136e+03  3.0614e+07  1.2273e+03  8.0136e+03  9.7056e+07  1.2855e+03  8.0137e+03  
106         1.0660e+10  2.1859e+09  1.4489e+03  8.0185e+03  3.9457e+08  7.0766e+02  8.0185e+03  6.7798e+07  1.3339e+03  8.0185e+03  3.0336e+07  1.2501e+03  8.0185e+03  9.8135e+07  1.3080e+03  8.0185e+03  
107         1.0678e+10  2.1191e+09  1.4591e+03  8.0144e+03  3.8381e+08  7.1926e+02  8.0144e+03  6.8590e+07  1.3551e+03  8.0144e+03  3.0123e+07  1.2721e+03  8.0144e+03  9.8713e+07  1.3298e+03  8.0145e+03  
108         1.0696e+10  2.0558e+09  1.4730e+03  8.0062e+03  3.7307e+08  7.3359e+02  8.0062e+03  6.8874e+07  1.3773e+03  8.0063e+03  2.9969e+07  1.2946e+03  8.0063e+03  9.8843e+07  1.3522e+03  8.0063e+03  
109         1.0714e+10  1.9947e+09  1.4912e+03  7.9972e+03  3.6225e+08  7.5098e+02  7.9972e+03  6.8735e+07  1.4011e+03  7.9973e+03  2.9864e+07  1.3185e+03  7.9973e+03  9.8600e+07  1.3761e+03  7.9973e+03  
110         1.0732e+10  1.9351e+09  1.5142e+03  7.9897e+03  3.5129e+08  7.7150e+02  7.9897e+03  6.8267e+07  1.4271e+03  7.9897e+03  2.9800e+07  1.3445e+03  7.9897e+03  9.8067e+07  1.4020e+03  7.9898e+03  
111         1.0751e+10  1.8764e+09  1.5417e+03  7.9848e+03  3.4019e+08  7.9502e+02  7.9848e+03  6.7564e+07  1.4556e+03  7.9848e+03  2.9763e+07  1.3729e+03  7.9848e+03  9.7327e+07  1.4303e+03  7.9850e+03  
112         1.0770e+10  1.8184e+09  1.5737e+03  7.9834e+03  3.2898e+08  8.2133e+02  7.9834e+03  6.6713e+07  1.4868e+03  7.9834e+03  2.9743e+07  1.4040e+03  7.9834e+03  9.6456e+07  1.4613e+03  7.9835e+03  
113         1.0789e+10  1.7610e+09  1.6098e+03  7.9855e+03  3.1773e+08  8.5019e+02  7.9855e+03  6.5787e+07  1.5206e+03  7.9855e+03  2.9728e+07  1.4379e+03  7.9855e+03  9.5515e+07  1.4949e+03  7.9857e+03  
114         1.0809e+10  1.7042e+09  1.6497e+03  7.9910e+03  3.0648e+08  8.8131e+02  7.9910e+03  6.4845e+07  1.5572e+03  7.9910e+03  2.9709e+07  1.4746e+03  7.9910e+03  9.4554e+07  1.5312e+03  7.9912e+03  
115         1.0829e+10  1.6481e+09  1.6929e+03  7.9995e+03  2.9532e+08  9.1447e+02  7.9994e+03  6.3930e+07  1.5963e+03  7.9995e+03  2.9677e+07  1.5142e+03  7.9995e+03  9.3607e+07  1.5703e+03  7.9996e+03  
116         1.0849e+10  1.5928e+09  1.7392e+03  8.0105e+03  2.8428e+08  9.4947e+02  8.0105e+03  6.3071e+07  1.6381e+03  8.0105e+03  2.9625e+07  1.5565e+03  8.0105e+03  9.2696e+07  1.6120e+03  8.0107e+03  
117         1.0869e+10  1.5385e+09  1.7881e+03  8.0235e+03  2.7343e+08  9.8613e+02  8.0235e+03  6.2285e+07  1.6825e+03  8.0235e+03  2.9548e+07  1.6015e+03  8.0235e+03  9.1833e+07  1.6564e+03  8.0237e+03  
118         1.0890e+10  1.4852e+09  1.8394e+03  8.0380e+03  2.6280e+08  1.0243e+03  8.0380e+03  6.1577e+07  1.7293e+03  8.0380e+03  2.9443e+07  1.6490e+03  8.0380e+03  9.1020e+07  1.7033e+03  8.0382e+03  
119         1.0911e+10  1.4330e+09  1.8930e+03  8.0535e+03  2.5242e+08  1.0640e+03  8.0535e+03  6.0947e+07  1.7786e+03  8.0535e+03  2.9309e+07  1.6991e+03  8.0536e+03  9.0256e+07  1.7528e+03  8.0537e+03  
120         1.0933e+10  1.3821e+09  1.9486e+03  8.0697e+03  2.4231e+08  1.1051e+03  8.0697e+03  6.0388e+07  1.8302e+03  8.0697e+03  2.9144e+07  1.7517e+03  8.0698e+03  8.9532e+07  1.8046e+03  8.0699e+03  
121         1.0954e+10  1.3325e+09  2.0062e+03  8.0863e+03  2.3249e+08  1.1476e+03  8.0863e+03  5.9889e+07  1.8842e+03  8.0863e+03  2.8951e+07  1.8066e+03  8.0863e+03  8.8840e+07  1.8589e+03  8.0865e+03  
122         1.0976e+10  1.2843e+09  2.0657e+03  8.1029e+03  2.2296e+08  1.1915e+03  8.1029e+03  5.9439e+07  1.9405e+03  8.1029e+03  2.8730e+07  1.8639e+03  8.1029e+03  8.8169e+07  1.9156e+03  8.1031e+03  
123         1.0998e+10  1.2374e+09  2.1271e+03  8.1195e+03  2.1373e+08  1.2369e+03  8.1195e+03  5.9027e+07  1.9992e+03  8.1195e+03  2.8484e+07  1.9235e+03  8.1195e+03  8.7511e+07  1.9745e+03  8.1197e+03  
124         1.1021e+10  1.1920e+09  2.1906e+03  8.1358e+03  2.0479e+08  1.2838e+03  8.1358e+03  5.8641e+07  2.0601e+03  8.1359e+03  2.8214e+07  1.9854e+03  8.1359e+03  8.6855e+07  2.0359e+03  8.1360e+03  
125         1.1044e+10  1.1479e+09  2.2560e+03  8.1520e+03  1.9615e+08  1.3324e+03  8.1520e+03  5.8270e+07  2.1235e+03  8.1520e+03  2.7924e+07  2.0496e+03  8.1520e+03  8.6194e+07  2.0996e+03  8.1522e+03  
126         1.1067e+10  1.1052e+09  2.3236e+03  8.1678e+03  1.8780e+08  1.3826e+03  8.1678e+03  5.7906e+07  2.1892e+03  8.1678e+03  2.7615e+07  2.1162e+03  8.1678e+03  8.5521e+07  2.1657e+03  8.1680e+03  
127         1.1091e+10  1.0638e+09  2.3935e+03  8.1834e+03  1.7973e+08  1.4346e+03  8.1833e+03  5.7542e+07  2.2574e+03  8.1834e+03  2.7290e+07  2.1853e+03  8.1834e+03  8.4832e+07  2.2342e+03  8.1835e+03  
128         1.1115e+10  1.0238e+09  2.4658e+03  8.1986e+03  1.7194e+08  1.4885e+03  8.1986e+03  5.7173e+07  2.3282e+03  8.1987e+03  2.6950e+07  2.2568e+03  8.1987e+03  8.4123e+07  2.3053e+03  8.1988e+03  
129         1.1139e+10  9.8504e+08  2.5406e+03  8.2137e+03  1.6442e+08  1.5443e+03  8.2136e+03  5.6794e+07  2.4016e+03  8.2137e+03  2.6598e+07  2.3309e+03  8.2137e+03  8.3393e+07  2.3790e+03  8.2139e+03  
130         1.1164e+10  9.4755e+08  2.6180e+03  8.2285e+03  1.5717e+08  1.6022e+03  8.2285e+03  5.6403e+07  2.4777e+03  8.2285e+03  2.6235e+07  2.4077e+03  8.2285e+03  8.2639e+07  2.4555e+03  8.2287e+03  
131         1.1189e+10  9.1128e+08  2.6982e+03  8.2431e+03  1.5017e+08  1.6623e+03  8.2431e+03  5.5999e+07  2.5566e+03  8.2431e+03  2.5863e+07  2.4873e+03  8.2431e+03  8.1861e+07  2.5347e+03  8.2433e+03  
132         1.1214e+10  8.7620e+08  2.7814e+03  8.2576e+03  1.4343e+08  1.7246e+03  8.2576e+03  5.5579e+07  2.6385e+03  8.2576e+03  2.5481e+07  2.5699e+03  8.2576e+03  8.1060e+07  2.6169e+03  8.2578e+03  
133         1.1240e+10  8.4228e+08  2.8676e+03  8.2719e+03  1.3694e+08  1.7893e+03  8.2719e+03  5.5145e+07  2.7234e+03  8.2720e+03  2.5092e+07  2.6554e+03  8.2720e+03  8.0237e+07  2.7022e+03  8.2721e+03  
134         1.1266e+10  8.0949e+08  2.9570e+03  8.2861e+03  1.3069e+08  1.8565e+03  8.2861e+03  5.4696e+07  2.8115e+03  8.2862e+03  2.4695e+07  2.7442e+03  8.2862e+03  7.9392e+07  2.7906e+03  8.2863e+03  
135         1.1293e+10  7.7780e+08  3.0498e+03  8.3003e+03  1.2468e+08  1.9262e+03  8.3002e+03  5.4233e+07  2.9030e+03  8.3003e+03  2.4293e+07  2.8362e+03  8.3003e+03  7.8526e+07  2.8823e+03  8.3005e+03  
136         1.1320e+10  7.4718e+08  3.1460e+03  8.3143e+03  1.1889e+08  1.9986e+03  8.3143e+03  5.3757e+07  2.9979e+03  8.3143e+03  2.3885e+07  2.9317e+03  8.3143e+03  7.7642e+07  2.9776e+03  8.3145e+03  
137         1.1347e+10  7.1759e+08  3.2459e+03  8.3282e+03  1.1333e+08  2.0737e+03  8.3282e+03  5.3267e+07  3.0965e+03  8.3283e+03  2.3472e+07  3.0307e+03  8.3283e+03  7.6739e+07  3.0764e+03  8.3284e+03  
138         1.1375e+10  6.8902e+08  3.3495e+03  8.3421e+03  1.0799e+08  2.1517e+03  8.3421e+03  5.2765e+07  3.1987e+03  8.3421e+03  2.3055e+07  3.1335e+03  8.3421e+03  7.5820e+07  3.1789e+03  8.3423e+03  
139         1.1403e+10  6.6143e+08  3.4570e+03  8.3559e+03  1.0287e+08  2.2328e+03  8.3558e+03  5.2252e+07  3.3049e+03  8.3559e+03  2.2634e+07  3.2402e+03  8.3559e+03  7.4886e+07  3.2854e+03  8.3561e+03  
140         1.1431e+10  6.3480e+08  3.5686e+03  8.3696e+03  9.7953e+07  2.3169e+03  8.3695e+03  5.1728e+07  3.4152e+03  8.3696e+03  2.2209e+07  3.3509e+03  8.3696e+03  7.3937e+07  3.3958e+03  8.3698e+03  
141         1.1460e+10  6.0909e+08  3.6844e+03  8.3832e+03  9.3239e+07  2.4043e+03  8.3832e+03  5.1193e+07  3.5296e+03  8.3832e+03  2.1783e+07  3.4658e+03  8.3832e+03  7.2976e+07  3.5106e+03  8.3834e+03  
142         1.1489e+10  5.8430e+08  3.8046e+03  8.3967e+03  8.8721e+07  2.4951e+03  8.3967e+03  5.0649e+07  3.6484e+03  8.3968e+03  2.1354e+07  3.5850e+03  8.3968e+03  7.2002e+07  3.6296e+03  8.3969e+03  
143         1.1519e+10  5.6038e+08  3.9294e+03  8.4102e+03  8.4393e+07  2.5894e+03  8.4101e+03  5.0095e+07  3.7718e+03  8.4102e+03  2.0923e+07  3.7088e+03  8.4102e+03  7.1018e+07  3.7533e+03  8.4104e+03  
144         1.1549e+10  5.3732e+08  4.0589e+03  8.4235e+03  8.0251e+07  2.6873e+03  8.4235e+03  4.9531e+07  3.9000e+03  8.4236e+03  2.0492e+07  3.8373e+03  8.4236e+03  7.0023e+07  3.8816e+03  8.4237e+03  
145         1.1580e+10  5.1509e+08  4.1933e+03  8.4368e+03  7.6287e+07  2.7890e+03  8.4367e+03  4.8960e+07  4.0330e+03  8.4368e+03  2.0060e+07  3.9707e+03  8.4368e+03  6.9020e+07  4.0149e+03  8.4370e+03  
146         1.1611e+10  4.9367e+08  4.3328e+03  8.4500e+03  7.2496e+07  2.8947e+03  8.4499e+03  4.8379e+07  4.1711e+03  8.4500e+03  1.9628e+07  4.1092e+03  8.4500e+03  6.8008e+07  4.1533e+03  8.4502e+03  
147         1.1643e+10  4.7304e+08  4.4776e+03  8.4630e+03  6.8873e+07  3.0045e+03  8.4630e+03  4.7791e+07  4.3146e+03  8.4631e+03  1.9197e+07  4.2530e+03  8.4631e+03  6.6988e+07  4.2969e+03  8.4632e+03  
148         1.1675e+10  4.5317e+08  4.6278e+03  8.4760e+03  6.5411e+07  3.1185e+03  8.4759e+03  4.7194e+07  4.4635e+03  8.4760e+03  1.8768e+07  4.4022e+03  8.4760e+03  6.5962e+07  4.4460e+03  8.4762e+03  
149         1.1707e+10  4.3404e+08  4.7838e+03  8.4888e+03  6.2105e+07  3.2369e+03  8.4888e+03  4.6590e+07  4.6181e+03  8.4889e+03  1.8340e+07  4.5571e+03  8.4889e+03  6.4930e+07  4.6009e+03  8.4890e+03  
150         1.1740e+10  4.1563e+08  4.9457e+03  8.5016e+03  5.8949e+07  3.3600e+03  8.5015e+03  4.5979e+07  4.7787e+03  8.5016e+03  1.7914e+07  4.7179e+03  8.5016e+03  6.3893e+07  4.7616e+03  8.5018e+03  
151         1.1774e+10  3.9792e+08  5.1137e+03  8.5142e+03  5.5938e+07  3.4878e+03  8.5141e+03  4.5361e+07  4.9454e+03  8.5143e+03  1.7491e+07  4.8848e+03  8.5143e+03  6.2852e+07  4.9285e+03  8.5144e+03  
152         1.1808e+10  3.8088e+08  5.2880e+03  8.5267e+03  5.3066e+07  3.6206e+03  8.5266e+03  4.4736e+07  5.1184e+03  8.5268e+03  1.7071e+07  5.0581e+03  8.5268e+03  6.1807e+07  5.1017e+03  8.5269e+03  
153         1.1842e+10  3.6450e+08  5.4689e+03  8.5391e+03  5.0329e+07  3.7586e+03  8.5390e+03  4.4104e+07  5.2981e+03  8.5392e+03  1.6655e+07  5.2379e+03  8.5392e+03  6.0759e+07  5.2816e+03  8.5393e+03  
154         1.1877e+10  3.4876e+08  5.6567e+03  8.5514e+03  4.7720e+07  3.9019e+03  8.5513e+03  4.3467e+07  5.4845e+03  8.5514e+03  1.6242e+07  5.4245e+03  8.5514e+03  5.9709e+07  5.4682e+03  8.5516e+03  
155         1.1912e+10  3.3363e+08  5.8515e+03  8.5635e+03  4.5235e+07  4.0507e+03  8.5634e+03  4.2824e+07  5.6781e+03  8.5636e+03  1.5834e+07  5.6182e+03  8.5636e+03  5.8659e+07  5.6619e+03  8.5637e+03  
156         1.1948e+10  3.1909e+08  6.0536e+03  8.5755e+03  4.2869e+07  4.2052e+03  8.5754e+03  4.2176e+07  5.8790e+03  8.5756e+03  1.5431e+07  5.8192e+03  8.5756e+03  5.7607e+07  5.8630e+03  8.5757e+03  
157         1.1985e+10  3.0513e+08  6.2633e+03  8.5874e+03  4.0617e+07  4.3658e+03  8.5873e+03  4.1523e+07  6.0874e+03  8.5874e+03  1.5032e+07  6.0278e+03  8.5874e+03  5.6556e+07  6.0716e+03  8.5876e+03  
158         1.2022e+10  2.9173e+08  6.4808e+03  8.5991e+03  3.8474e+07  4.5325e+03  8.5989e+03  4.0866e+07  6.3038e+03  8.5991e+03  1.4639e+07  6.2442e+03  8.5991e+03  5.5505e+07  6.2881e+03  8.5993e+03  
159         1.2059e+10  2.7887e+08  6.7064e+03  8.6106e+03  3.6436e+07  4.7055e+03  8.6105e+03  4.0205e+07  6.5282e+03  8.6107e+03  1.4252e+07  6.4687e+03  8.6107e+03  5.4457e+07  6.5126e+03  8.6108e+03  
160         1.2097e+10  2.6653e+08  6.9404e+03  8.6220e+03  3.4499e+07  4.8853e+03  8.6218e+03  3.9540e+07  6.7611e+03  8.6220e+03  1.3870e+07  6.7016e+03  8.6220e+03  5.3410e+07  6.7456e+03  8.6222e+03  
161         1.2136e+10  2.5469e+08  7.1831e+03  8.6332e+03  3.2657e+07  5.0718e+03  8.6330e+03  3.8873e+07  7.0026e+03  8.6332e+03  1.3494e+07  6.9432e+03  8.6332e+03  5.2367e+07  6.9873e+03  8.6334e+03  
162         1.2175e+10  2.4334e+08  7.4348e+03  8.6442e+03  3.0908e+07  5.2655e+03  8.6440e+03  3.8203e+07  7.2532e+03  8.6443e+03  1.3124e+07  7.1937e+03  8.6443e+03  5.1327e+07  7.2380e+03  8.6444e+03  
163         1.2215e+10  2.3246e+08  7.6957e+03  8.6550e+03  2.9246e+07  5.4665e+03  8.6548e+03  3.7531e+07  7.5130e+03  8.6551e+03  1.2761e+07  7.4535e+03  8.6551e+03  5.0292e+07  7.4979e+03  8.6553e+03  
164         1.2256e+10  2.2204e+08  7.9661e+03  8.6656e+03  2.7669e+07  5.6750e+03  8.6655e+03  3.6857e+07  7.7824e+03  8.6657e+03  1.2404e+07  7.7228e+03  8.6657e+03  4.9261e+07  7.7674e+03  8.6659e+03  
165         1.2297e+10  2.1205e+08  8.2465e+03  8.6760e+03  2.6171e+07  5.8915e+03  8.6758e+03  3.6183e+07  8.0617e+03  8.6761e+03  1.2054e+07  8.0020e+03  8.6761e+03  4.8237e+07  8.0468e+03  8.6763e+03  
166         1.2338e+10  2.0248e+08  8.5370e+03  8.6862e+03  2.4751e+07  6.1160e+03  8.6860e+03  3.5508e+07  8.3512e+03  8.6863e+03  1.1711e+07  8.2914e+03  8.6863e+03  4.7219e+07  8.3364e+03  8.6865e+03  
167         1.2380e+10  1.9332e+08  8.8380e+03  8.6962e+03  2.3403e+07  6.3489e+03  8.6959e+03  3.4833e+07  8.6513e+03  8.6962e+03  1.1374e+07  8.5914e+03  8.6962e+03  4.6207e+07  8.6366e+03  8.6964e+03  
168         1.2423e+10  1.8455e+08  9.1499e+03  8.7059e+03  2.2125e+07  6.5904e+03  8.7056e+03  3.4159e+07  8.9623e+03  8.7059e+03  1.1045e+07  8.9022e+03  8.7059e+03  4.5203e+07  8.9476e+03  8.7061e+03  
169         1.2466e+10  1.7616e+08  9.4730e+03  8.7153e+03  2.0914e+07  6.8408e+03  8.7150e+03  3.3486e+07  9.2844e+03  8.7154e+03  1.0722e+07  9.2242e+03  8.7154e+03  4.4207e+07  9.2698e+03  8.7156e+03  
170         1.2510e+10  1.6813e+08  9.8076e+03  8.7244e+03  1.9765e+07  7.1004e+03  8.7242e+03  3.2814e+07  9.6182e+03  8.7245e+03  1.0406e+07  9.5577e+03  8.7245e+03  4.3220e+07  9.6036e+03  8.7247e+03  
171         1.2555e+10  1.6045e+08  1.0154e+04  8.7333e+03  1.8678e+07  7.3695e+03  8.7330e+03  3.2145e+07  9.9638e+03  8.7334e+03  1.0097e+07  9.9032e+03  8.7334e+03  4.2242e+07  9.9493e+03  8.7336e+03  
172         1.2601e+10  1.5310e+08  1.0513e+04  8.7419e+03  1.7647e+07  7.6483e+03  8.7416e+03  3.1478e+07  1.0322e+04  8.7420e+03  9.7953e+06  1.0261e+04  8.7420e+03  4.1274e+07  1.0307e+04  8.7422e+03  
173         1.2647e+10  1.4608e+08  1.0884e+04  8.7501e+03  1.6671e+07  7.9372e+03  8.7498e+03  3.0815e+07  1.0692e+04  8.7502e+03  9.5005e+06  1.0631e+04  8.7502e+03  4.0316e+07  1.0678e+04  8.7504e+03  
174         1.2693e+10  1.3937e+08  1.1268e+04  8.7580e+03  1.5748e+07  8.2365e+03  8.7577e+03  3.0156e+07  1.1076e+04  8.7581e+03  9.2126e+06  1.1014e+04  8.7581e+03  3.9368e+07  1.1061e+04  8.7584e+03  
175         1.2741e+10  1.3295e+08  1.1666e+04  8.7656e+03  1.4873e+07  8.5464e+03  8.7652e+03  2.9500e+07  1.1473e+04  8.7657e+03  8.9317e+06  1.1411e+04  8.7657e+03  3.8432e+07  1.1458e+04  8.7659e+03  
176         1.2789e+10  1.2682e+08  1.2077e+04  8.7728e+03  1.4046e+07  8.8673e+03  8.7724e+03  2.8849e+07  1.1883e+04  8.7729e+03  8.6576e+06  1.1821e+04  8.7729e+03  3.7507e+07  1.1869e+04  8.7731e+03  
177         1.2837e+10  1.2097e+08  1.2503e+04  8.7796e+03  1.3263e+07  9.1994e+03  8.7792e+03  2.8204e+07  1.2308e+04  8.7797e+03  8.3904e+06  1.2246e+04  8.7797e+03  3.6594e+07  1.2294e+04  8.7799e+03  
178         1.2887e+10  1.1538e+08  1.2943e+04  8.7860e+03  1.2523e+07  9.5431e+03  8.7855e+03  2.7563e+07  1.2748e+04  8.7861e+03  8.1299e+06  1.2685e+04  8.7861e+03  3.5693e+07  1.2733e+04  8.7863e+03  
179         1.2937e+10  1.1004e+08  1.3397e+04  8.7919e+03  1.1823e+07  9.8987e+03  8.7915e+03  2.6929e+07  1.3202e+04  8.7920e+03  7.8761e+06  1.3139e+04  8.7920e+03  3.4805e+07  1.3188e+04  8.7923e+03  
180         1.2988e+10  1.0495e+08  1.3868e+04  8.7975e+03  1.1161e+07  1.0267e+04  8.7970e+03  2.6301e+07  1.3672e+04  8.7976e+03  7.6290e+06  1.3608e+04  8.7976e+03  3.3930e+07  1.3657e+04  8.7979e+03  
181         1.3040e+10  1.0008e+08  1.4353e+04  8.8025e+03  1.0535e+07  1.0647e+04  8.8020e+03  2.5680e+07  1.4157e+04  8.8027e+03  7.3884e+06  1.4093e+04  8.8027e+03  3.3069e+07  1.4143e+04  8.8029e+03  
182         1.3092e+10  9.5440e+07  1.4855e+04  8.8071e+03  9.9439e+06  1.1040e+04  8.8066e+03  2.5066e+07  1.4658e+04  8.8072e+03  7.1542e+06  1.4594e+04  8.8072e+03  3.2220e+07  1.4644e+04  8.8075e+03  
183         1.3145e+10  9.1012e+07  1.5373e+04  8.8112e+03  9.3852e+06  1.1446e+04  8.8106e+03  2.4460e+07  1.5176e+04  8.8113e+03  6.9264e+06  1.5112e+04  8.8113e+03  3.1386e+07  1.5162e+04  8.8116e+03  
184         1.3199e+10  8.6787e+07  1.5909e+04  8.8147e+03  8.8574e+06  1.1866e+04  8.8141e+03  2.3861e+07  1.5711e+04  8.8149e+03  6.7049e+06  1.5646e+04  8.8149e+03  3.0566e+07  1.5697e+04  8.8152e+03  
185         1.3254e+10  8.2756e+07  1.6461e+04  8.8177e+03  8.3588e+06  1.2300e+04  8.8171e+03  2.3270e+07  1.6264e+04  8.8179e+03  6.4895e+06  1.6198e+04  8.8179e+03  2.9760e+07  1.6249e+04  8.8182e+03  
186         1.3309e+10  7.8913e+07  1.7031e+04  8.8202e+03  7.8879e+06  1.2748e+04  8.8195e+03  2.2688e+07  1.6834e+04  8.8203e+03  6.2801e+06  1.6768e+04  8.8203e+03  2.8968e+07  1.6820e+04  8.8206e+03  
187         1.3366e+10  7.5247e+07  1.7620e+04  8.8220e+03  7.4433e+06  1.3210e+04  8.8213e+03  2.2114e+07  1.7422e+04  8.8221e+03  6.0767e+06  1.7356e+04  8.8221e+03  2.8191e+07  1.7408e+04  8.8225e+03  
188         1.3423e+10  7.1752e+07  1.8227e+04  8.8232e+03  7.0236e+06  1.3687e+04  8.8224e+03  2.1549e+07  1.8029e+04  8.8233e+03  5.8792e+06  1.7962e+04  8.8233e+03  2.7428e+07  1.8015e+04  8.8237e+03  
189         1.3481e+10  6.8420e+07  1.8853e+04  8.8237e+03  6.6273e+06  1.4180e+04  8.8230e+03  2.0993e+07  1.8656e+04  8.8239e+03  5.6873e+06  1.8588e+04  8.8239e+03  2.6681e+07  1.8641e+04  8.8242e+03  
190         1.3540e+10  6.5244e+07  1.9499e+04  8.8236e+03  6.2533e+06  1.4688e+04  8.8228e+03  2.0447e+07  1.9301e+04  8.8238e+03  5.5011e+06  1.9233e+04  8.8238e+03  2.5948e+07  1.9287e+04  8.8241e+03  
191         1.3599e+10  6.2216e+07  2.0164e+04  8.8228e+03  5.9003e+06  1.5211e+04  8.8219e+03  1.9910e+07  1.9967e+04  8.8230e+03  5.3203e+06  1.9898e+04  8.8230e+03  2.5230e+07  1.9953e+04  8.8233e+03  
192         1.3660e+10  5.9330e+07  2.0850e+04  8.8213e+03  5.5672e+06  1.5751e+04  8.8203e+03  1.9382e+07  2.0653e+04  8.8215e+03  5.1449e+06  2.0584e+04  8.8215e+03  2.4527e+07  2.0639e+04  8.8218e+03  
193         1.3722e+10  5.6580e+07  2.1556e+04  8.8190e+03  5.2529e+06  1.6307e+04  8.8180e+03  1.8864e+07  2.1360e+04  8.8192e+03  4.9748e+06  2.1290e+04  8.8192e+03  2.3839e+07  2.1345e+04  8.8196e+03  
194         1.3784e+10  5.3959e+07  2.2284e+04  8.8159e+03  4.9564e+06  1.6880e+04  8.8149e+03  1.8356e+07  2.2088e+04  8.8161e+03  4.8098e+06  2.2018e+04  8.8161e+03  2.3166e+07  2.2073e+04  8.8165e+03  
195         1.3847e+10  5.1461e+07  2.3033e+04  8.8121e+03  4.6767e+06  1.7470e+04  8.8110e+03  1.7858e+07  2.2838e+04  8.8123e+03  4.6498e+06  2.2767e+04  8.8123e+03  2.2507e+07  2.2823e+04  8.8127e+03  
196         1.3911e+10  4.9082e+07  2.3805e+04  8.8073e+03  4.4128e+06  1.8078e+04  8.8062e+03  1.7369e+07  2.3610e+04  8.8076e+03  4.4947e+06  2.3538e+04  8.8076e+03  2.1864e+07  2.3595e+04  8.8080e+03  
197         1.3977e+10  4.6814e+07  2.4599e+04  8.8018e+03  4.1640e+06  1.8703e+04  8.8006e+03  1.6891e+07  2.4405e+04  8.8020e+03  4.3444e+06  2.4332e+04  8.8020e+03  2.1235e+07  2.4390e+04  8.8024e+03  
198         1.4043e+10  4.4653e+07  2.5416e+04  8.7953e+03  3.9292e+06  1.9347e+04  8.7941e+03  1.6423e+07  2.5222e+04  8.7956e+03  4.1988e+06  2.5149e+04  8.7956e+03  2.0621e+07  2.5207e+04  8.7960e+03  
199         1.4110e+10  4.2595e+07  2.6256e+04  8.7880e+03  3.7079e+06  2.0008e+04  8.7866e+03  1.5964e+07  2.6063e+04  8.7882e+03  4.0576e+06  2.5990e+04  8.7882e+03  2.0022e+07  2.6048e+04  8.7887e+03  
200         1.4178e+10  4.0634e+07  2.7120e+04  8.7797e+03  3.4991e+06  2.0689e+04  8.7783e+03  1.5516e+07  2.6928e+04  8.7799e+03  3.9210e+06  2.6854e+04  8.7799e+03  1.9437e+07  2.6913e+04  8.7804e+03  
201         1.4247e+10  3.8765e+07  2.8008e+04  8.7704e+03  3.3023e+06  2.1389e+04  8.7689e+03  1.5078e+07  2.7818e+04  8.7707e+03  3.7886e+06  2.7743e+04  8.7707e+03  1.8867e+07  2.7803e+04  8.7711e+03  
202         1.4317e+10  3.6985e+07  2.8922e+04  8.7601e+03  3.1166e+06  2.2108e+04  8.7586e+03  1.4650e+07  2.8732e+04  8.7604e+03  3.6604e+06  2.8656e+04  8.7604e+03  1.8310e+07  2.8717e+04  8.7609e+03  
203         1.4388e+10  3.5288e+07  2.9860e+04  8.7489e+03  2.9416e+06  2.2846e+04  8.7472e+03  1.4231e+07  2.9671e+04  8.7491e+03  3.5364e+06  2.9595e+04  8.7491e+03  1.7768e+07  2.9656e+04  8.7496e+03  
204         1.4460e+10  3.3672e+07  3.0824e+04  8.7365e+03  2.7766e+06  2.3605e+04  8.7348e+03  1.3823e+07  3.0636e+04  8.7368e+03  3.4163e+06  3.0559e+04  8.7368e+03  1.7239e+07  3.0621e+04  8.7373e+03  
205         1.4533e+10  3.2132e+07  3.1814e+04  8.7231e+03  2.6210e+06  2.4383e+04  8.7213e+03  1.3424e+07  3.1628e+04  8.7234e+03  3.3000e+06  3.1550e+04  8.7234e+03  1.6724e+07  3.1612e+04  8.7239e+03  
206         1.4607e+10  3.0665e+07  3.2830e+04  8.7086e+03  2.4742e+06  2.5183e+04  8.7067e+03  1.3036e+07  3.2646e+04  8.7089e+03  3.1875e+06  3.2567e+04  8.7089e+03  1.6223e+07  3.2630e+04  8.7094e+03  
207         1.4683e+10  2.9267e+07  3.3873e+04  8.6930e+03  2.3359e+06  2.6003e+04  8.6910e+03  1.2656e+07  3.3690e+04  8.6933e+03  3.0787e+06  3.3611e+04  8.6933e+03  1.5735e+07  3.3675e+04  8.6938e+03  
208         1.4759e+10  2.7935e+07  3.4944e+04  8.6762e+03  2.2054e+06  2.6844e+04  8.6741e+03  1.2286e+07  3.4763e+04  8.6766e+03  2.9734e+06  3.4683e+04  8.6766e+03  1.5260e+07  3.4747e+04  8.6771e+03  
209         1.4837e+10  2.6666e+07  3.6043e+04  8.6583e+03  2.0824e+06  2.7707e+04  8.6561e+03  1.1926e+07  3.5863e+04  8.6587e+03  2.8716e+06  3.5782e+04  8.6587e+03  1.4798e+07  3.5847e+04  8.6592e+03  
210         1.4915e+10  2.5456e+07  3.7170e+04  8.6392e+03  1.9664e+06  2.8592e+04  8.6369e+03  1.1575e+07  3.6992e+04  8.6396e+03  2.7731e+06  3.6910e+04  8.6396e+03  1.4348e+07  3.6976e+04  8.6401e+03  
211         1.4995e+10  2.4303e+07  3.8325e+04  8.6189e+03  1.8570e+06  2.9498e+04  8.6165e+03  1.1233e+07  3.8149e+04  8.6193e+03  2.6779e+06  3.8067e+04  8.6192e+03  1.3911e+07  3.8134e+04  8.6198e+03  
212         1.5076e+10  2.3205e+07  3.9510e+04  8.5973e+03  1.7539e+06  3.0427e+04  8.5948e+03  1.0900e+07  3.9336e+04  8.5977e+03  2.5858e+06  3.9254e+04  8.5977e+03  1.3486e+07  3.9320e+04  8.5983e+03  
213         1.5158e+10  2.2157e+07  4.0725e+04  8.5745e+03  1.6566e+06  3.1379e+04  8.5719e+03  1.0576e+07  4.0553e+04  8.5750e+03  2.4967e+06  4.0469e+04  8.5749e+03  1.3072e+07  4.0537e+04  8.5755e+03  
214         1.5241e+10  2.1159e+07  4.1970e+04  8.5505e+03  1.5649e+06  3.2354e+04  8.5478e+03  1.0260e+07  4.1800e+04  8.5509e+03  2.4106e+06  4.1716e+04  8.5509e+03  1.2671e+07  4.1784e+04  8.5515e+03  
215         1.5326e+10  2.0207e+07  4.3245e+04  8.5252e+03  1.4784e+06  3.3352e+04  8.5223e+03  9.9529e+06  4.3077e+04  8.5256e+03  2.3274e+06  4.2993e+04  8.5256e+03  1.2280e+07  4.3061e+04  8.5263e+03  
216         1.5412e+10  1.9299e+07  4.4552e+04  8.4986e+03  1.3968e+06  3.4373e+04  8.4956e+03  9.6542e+06  4.4386e+04  8.4991e+03  2.2470e+06  4.4301e+04  8.4991e+03  1.1901e+07  4.4370e+04  8.4997e+03  
217         1.5499e+10  1.8434e+07  4.5890e+04  8.4708e+03  1.3198e+06  3.5418e+04  8.4676e+03  9.3637e+06  4.5727e+04  8.4712e+03  2.1692e+06  4.5641e+04  8.4712e+03  1.1533e+07  4.5711e+04  8.4719e+03  
218         1.5587e+10  1.7609e+07  4.7260e+04  8.4416e+03  1.2471e+06  3.6488e+04  8.4383e+03  9.0812e+06  4.7100e+04  8.4421e+03  2.0941e+06  4.7013e+04  8.4421e+03  1.1175e+07  4.7083e+04  8.4427e+03  
219         1.5677e+10  1.6822e+07  4.8663e+04  8.4111e+03  1.1786e+06  3.7582e+04  8.4078e+03  8.8065e+06  4.8505e+04  8.4117e+03  2.0215e+06  4.8418e+04  8.4116e+03  1.0828e+07  4.8489e+04  8.4123e+03  
220         1.5768e+10  1.6071e+07  5.0099e+04  8.3794e+03  1.1140e+06  3.8701e+04  8.3759e+03  8.5394e+06  4.9944e+04  8.3799e+03  1.9513e+06  4.9857e+04  8.3799e+03  1.0491e+07  4.9928e+04  8.3806e+03  
221         1.5860e+10  1.5355e+07  5.1569e+04  8.3463e+03  1.0530e+06  3.9845e+04  8.3427e+03  8.2799e+06  5.1417e+04  8.3469e+03  1.8835e+06  5.1329e+04  8.3469e+03  1.0163e+07  5.1401e+04  8.3475e+03  
222         1.5953e+10  1.4672e+07  5.3074e+04  8.3120e+03  9.9538e+05  4.1015e+04  8.3081e+03  8.0277e+06  5.2925e+04  8.3125e+03  1.8179e+06  5.2836e+04  8.3125e+03  9.8456e+06  5.2908e+04  8.3132e+03  
223         1.6048e+10  1.4021e+07  5.4613e+04  8.2763e+03  9.4104e+05  4.2210e+04  8.2723e+03  7.7826e+06  5.4467e+04  8.2769e+03  1.7546e+06  5.4377e+04  8.2769e+03  9.5372e+06  5.4451e+04  8.2776e+03  
224         1.6145e+10  1.3399e+07  5.6188e+04  8.2394e+03  8.8974e+05  4.3432e+04  8.2352e+03  7.5444e+06  5.6045e+04  8.2400e+03  1.6934e+06  5.5955e+04  8.2400e+03  9.2378e+06  5.6029e+04  8.2407e+03  
225         1.6242e+10  1.2805e+07  5.7798e+04  8.2012e+03  8.4131e+05  4.4681e+04  8.1969e+03  7.3131e+06  5.7659e+04  8.2018e+03  1.6343e+06  5.7569e+04  8.2018e+03  8.9473e+06  5.7643e+04  8.2025e+03  
226         1.6342e+10  1.2238e+07  5.9446e+04  8.1617e+03  7.9558e+05  4.5957e+04  8.1572e+03  7.0883e+06  5.9311e+04  8.1623e+03  1.5772e+06  5.9220e+04  8.1623e+03  8.6655e+06  5.9294e+04  8.1630e+03  
227         1.6442e+10  1.1698e+07  6.1131e+04  8.1209e+03  7.5241e+05  4.7260e+04  8.1163e+03  6.8700e+06  6.1000e+04  8.1216e+03  1.5220e+06  6.0908e+04  8.1216e+03  8.3919e+06  6.0983e+04  8.1223e+03  
228         1.6544e+10  1.1181e+07  6.2855e+04  8.0790e+03  7.1163e+05  4.8592e+04  8.0741e+03  6.6579e+06  6.2727e+04  8.0796e+03  1.4686e+06  6.2635e+04  8.0796e+03  8.1265e+06  6.2711e+04  8.0804e+03  
229         1.6648e+10  1.0688e+07  6.4617e+04  8.0358e+03  6.7312e+05  4.9951e+04  8.0307e+03  6.4519e+06  6.4494e+04  8.0365e+03  1.4171e+06  6.4401e+04  8.0365e+03  7.8690e+06  6.4477e+04  8.0372e+03  
230         1.6753e+10  1.0218e+07  6.6419e+04  7.9913e+03  6.3673e+05  5.1340e+04  7.9861e+03  6.2519e+06  6.6300e+04  7.9921e+03  1.3673e+06  6.6207e+04  7.9921e+03  7.6192e+06  6.6283e+04  7.9928e+03  
231         1.6860e+10  9.7680e+06  6.8262e+04  7.9458e+03  6.0236e+05  5.2759e+04  7.9404e+03  6.0576e+06  6.8147e+04  7.9465e+03  1.3192e+06  6.8054e+04  7.9465e+03  7.3768e+06  6.8130e+04  7.9473e+03  
232         1.6968e+10  9.3385e+06  7.0146e+04  7.8990e+03  5.6988e+05  5.4207e+04  7.8934e+03  5.8689e+06  7.0036e+04  7.8998e+03  1.2727e+06  6.9942e+04  7.8998e+03  7.1416e+06  7.0019e+04  7.9006e+03  
233         1.7078e+10  8.9282e+06  7.2072e+04  7.8511e+03  5.3918e+05  5.5687e+04  7.8453e+03  5.6856e+06  7.1967e+04  7.8519e+03  1.2278e+06  7.1873e+04  7.8519e+03  6.9135e+06  7.1950e+04  7.8527e+03  
234         1.7189e+10  8.5363e+06  7.4042e+04  7.8021e+03  5.1017e+05  5.7197e+04  7.7961e+03  5.5077e+06  7.3941e+04  7.8030e+03  1.1845e+06  7.3847e+04  7.8030e+03  6.6921e+06  7.3924e+04  7.8038e+03  
235         1.7302e+10  8.1617e+06  7.6055e+04  7.7521e+03  4.8275e+05  5.8740e+04  7.7458e+03  5.3348e+06  7.5960e+04  7.7529e+03  1.1425e+06  7.5865e+04  7.7529e+03  6.4774e+06  7.5943e+04  7.7537e+03  
236         1.7417e+10  7.8038e+06  7.8113e+04  7.7010e+03  4.5683e+05  6.0314e+04  7.6945e+03  5.1670e+06  7.8024e+04  7.7018e+03  1.1020e+06  7.7928e+04  7.7018e+03  6.2690e+06  7.8007e+04  7.7026e+03  
237         1.7533e+10  7.4618e+06  8.0218e+04  7.6488e+03  4.3231e+05  6.1923e+04  7.6421e+03  5.0040e+06  8.0134e+04  7.6497e+03  1.0629e+06  8.0038e+04  7.6497e+03  6.0669e+06  8.0117e+04  7.6505e+03  
238         1.7651e+10  7.1348e+06  8.2369e+04  7.5957e+03  4.0913e+05  6.3565e+04  7.5887e+03  4.8458e+06  8.2291e+04  7.5967e+03  1.0251e+06  8.2196e+04  7.5966e+03  5.8708e+06  8.2275e+04  7.5975e+03  
239         1.7771e+10  6.8223e+06  8.4569e+04  7.5416e+03  3.8721e+05  6.5242e+04  7.5344e+03  4.6921e+06  8.4497e+04  7.5426e+03  9.8855e+05  8.4401e+04  7.5426e+03  5.6806e+06  8.4481e+04  7.5434e+03  
240         1.7892e+10  6.5234e+06  8.6819e+04  7.4866e+03  3.6648e+05  6.6954e+04  7.4791e+03  4.5428e+06  8.6753e+04  7.4876e+03  9.5325e+05  8.6657e+04  7.4876e+03  5.4961e+06  8.6736e+04  7.4885e+03  
241         1.8015e+10  6.2378e+06  8.9118e+04  7.4308e+03  3.4686e+05  6.8703e+04  7.4230e+03  4.3979e+06  8.9059e+04  7.4318e+03  9.1914e+05  8.8963e+04  7.4318e+03  5.3171e+06  8.9043e+04  7.4326e+03  
242         1.8140e+10  5.9646e+06  9.1470e+04  7.3740e+03  3.2831e+05  7.0489e+04  7.3660e+03  4.2572e+06  9.1418e+04  7.3751e+03  8.8618e+05  9.1321e+04  7.3751e+03  5.1434e+06  9.1401e+04  7.3759e+03  
243         1.8267e+10  5.7034e+06  9.3875e+04  7.3165e+03  3.1075e+05  7.2313e+04  7.3081e+03  4.1206e+06  9.3830e+04  7.3176e+03  8.5434e+05  9.3733e+04  7.3176e+03  4.9749e+06  9.3813e+04  7.3184e+03  
244         1.8396e+10  5.4535e+06  9.6334e+04  7.2582e+03  2.9413e+05  7.4176e+04  7.2495e+03  3.9879e+06  9.6296e+04  7.2593e+03  8.2357e+05  9.6200e+04  7.2593e+03  4.8114e+06  9.6280e+04  7.2601e+03  
245         1.8527e+10  5.2146e+06  9.8849e+04  7.1991e+03  2.7841e+05  7.6080e+04  7.1901e+03  3.8590e+06  9.8819e+04  7.2003e+03  7.9384e+05  9.8722e+04  7.2003e+03  4.6529e+06  9.8803e+04  7.2011e+03  
246         1.8659e+10  4.9860e+06  1.0142e+05  7.1393e+03  2.6353e+05  7.8024e+04  7.1300e+03  3.7340e+06  1.0140e+05  7.1405e+03  7.6512e+05  1.0130e+05  7.1405e+03  4.4991e+06  1.0138e+05  7.1414e+03  
247         1.8794e+10  4.7674e+06  1.0405e+05  7.0789e+03  2.4944e+05  8.0011e+04  7.0693e+03  3.6125e+06  1.0404e+05  7.0801e+03  7.3737e+05  1.0394e+05  7.0801e+03  4.3499e+06  1.0402e+05  7.0810e+03  
248         1.8930e+10  4.5583e+06  1.0674e+05  7.0178e+03  2.3611e+05  8.2041e+04  7.0078e+03  3.4946e+06  1.0674e+05  7.0191e+03  7.1056e+05  1.0664e+05  7.0191e+03  4.2052e+06  1.0672e+05  7.0200e+03  
249         1.9068e+10  4.3582e+06  1.0950e+05  6.9561e+03  2.2349e+05  8.4115e+04  6.9458e+03  3.3801e+06  1.0950e+05  6.9575e+03  6.8466e+05  1.0940e+05  6.9575e+03  4.0648e+06  1.0948e+05  6.9583e+03  
250         1.9209e+10  4.1668e+06  1.1231e+05  6.8939e+03  2.1154e+05  8.6235e+04  6.8832e+03  3.2690e+06  1.1233e+05  6.8953e+03  6.5964e+05  1.1223e+05  6.8953e+03  3.9286e+06  1.1231e+05  6.8962e+03  
251         1.9351e+10  3.9837e+06  1.1520e+05  6.8311e+03  2.0022e+05  8.8402e+04  6.8200e+03  3.1611e+06  1.1522e+05  6.8326e+03  6.3546e+05  1.1512e+05  6.8325e+03  3.7966e+06  1.1520e+05  6.8334e+03  
252         1.9496e+10  3.8084e+06  1.1814e+05  6.7679e+03  1.8951e+05  9.0618e+04  6.7563e+03  3.0564e+06  1.1818e+05  6.7694e+03  6.1211e+05  1.1808e+05  6.7693e+03  3.6685e+06  1.1816e+05  6.7702e+03  
253         1.9643e+10  3.6408e+06  1.2116e+05  6.7042e+03  1.7937e+05  9.2882e+04  6.6922e+03  2.9547e+06  1.2121e+05  6.7057e+03  5.8956e+05  1.2111e+05  6.7057e+03  3.5443e+06  1.2119e+05  6.7066e+03  
254         1.9791e+10  3.4804e+06  1.2425e+05  6.6401e+03  1.6976e+05  9.5198e+04  6.6276e+03  2.8561e+06  1.2430e+05  6.6416e+03  5.6777e+05  1.2421e+05  6.6416e+03  3.4239e+06  1.2429e+05  6.6425e+03  
255         1.9942e+10  3.3269e+06  1.2741e+05  6.5756e+03  1.6067e+05  9.7566e+04  6.5627e+03  2.7603e+06  1.2748e+05  6.5772e+03  5.4673e+05  1.2738e+05  6.5772e+03  3.3071e+06  1.2746e+05  6.5781e+03  
256         2.0096e+10  3.1800e+06  1.3065e+05  6.5107e+03  1.5205e+05  9.9988e+04  6.4973e+03  2.6674e+06  1.3072e+05  6.5124e+03  5.2641e+05  1.3062e+05  6.5123e+03  3.1939e+06  1.3071e+05  6.5133e+03  
257         2.0251e+10  3.0395e+06  1.3396e+05  6.4455e+03  1.4389e+05  1.0246e+05  6.4316e+03  2.5773e+06  1.3405e+05  6.4472e+03  5.0678e+05  1.3395e+05  6.4472e+03  3.0841e+06  1.3403e+05  6.4482e+03  
258         2.0409e+10  2.9050e+06  1.3735e+05  6.3801e+03  1.3617e+05  1.0500e+05  6.3656e+03  2.4898e+06  1.3745e+05  6.3818e+03  4.8783e+05  1.3735e+05  6.3818e+03  2.9777e+06  1.3743e+05  6.3828e+03  
259         2.0569e+10  2.7763e+06  1.4082e+05  6.3143e+03  1.2885e+05  1.0759e+05  6.2994e+03  2.4050e+06  1.4093e+05  6.3162e+03  4.6954e+05  1.4083e+05  6.3162e+03  2.8745e+06  1.4092e+05  6.3171e+03  
260         2.0731e+10  2.6532e+06  1.4437e+05  6.2484e+03  1.2192e+05  1.1025e+05  6.2329e+03  2.3227e+06  1.4450e+05  6.2503e+03  4.5187e+05  1.4440e+05  6.2503e+03  2.7746e+06  1.4448e+05  6.2513e+03  
261         2.0896e+10  2.5354e+06  1.4801e+05  6.1823e+03  1.1536e+05  1.1296e+05  6.1661e+03  2.2429e+06  1.4815e+05  6.1843e+03  4.3482e+05  1.4805e+05  6.1842e+03  2.6777e+06  1.4813e+05  6.1852e+03  
262         2.1063e+10  2.4227e+06  1.5174e+05  6.1160e+03  1.0914e+05  1.1574e+05  6.0992e+03  2.1655e+06  1.5189e+05  6.1180e+03  4.1835e+05  1.5179e+05  6.1180e+03  2.5839e+06  1.5187e+05  6.1190e+03  
263         2.1232e+10  2.3148e+06  1.5555e+05  6.0496e+03  1.0325e+05  1.1859e+05  6.0322e+03  2.0904e+06  1.5572e+05  6.0517e+03  4.0247e+05  1.5562e+05  6.0517e+03  2.4929e+06  1.5570e+05  6.0527e+03  
264         2.1404e+10  2.2116e+06  1.5946e+05  5.9831e+03  9.7676e+04  1.2150e+05  5.9650e+03  2.0177e+06  1.5964e+05  5.9853e+03  3.8713e+05  1.5955e+05  5.9853e+03  2.4048e+06  1.5963e+05  5.9862e+03  
265         2.1579e+10  2.1129e+06  1.6346e+05  5.9165e+03  9.2396e+04  1.2448e+05  5.8977e+03  1.9472e+06  1.6366e+05  5.9188e+03  3.7233e+05  1.6357e+05  5.9188e+03  2.3195e+06  1.6365e+05  5.9198e+03  
266         2.1756e+10  2.0184e+06  1.6756e+05  5.8499e+03  8.7395e+04  1.2754e+05  5.8303e+03  1.8788e+06  1.6778e+05  5.8523e+03  3.5806e+05  1.6768e+05  5.8522e+03  2.2369e+06  1.6776e+05  5.8532e+03  
267         2.1936e+10  1.9281e+06  1.7176e+05  5.7833e+03  8.2660e+04  1.3067e+05  5.7629e+03  1.8126e+06  1.7199e+05  5.7857e+03  3.4428e+05  1.7190e+05  5.7857e+03  2.1568e+06  1.7198e+05  5.7867e+03  
268         2.2118e+10  1.8416e+06  1.7606e+05  5.7167e+03  7.8175e+04  1.3387e+05  5.6955e+03  1.7484e+06  1.7631e+05  5.7192e+03  3.3099e+05  1.7622e+05  5.7192e+03  2.0794e+06  1.7630e+05  5.7202e+03  
269         2.2303e+10  1.7589e+06  1.8047e+05  5.6501e+03  7.3929e+04  1.3716e+05  5.6281e+03  1.6862e+06  1.8074e+05  5.6527e+03  3.1818e+05  1.8064e+05  5.6527e+03  2.0044e+06  1.8072e+05  5.6537e+03  
270         2.2491e+10  1.6798e+06  1.8499e+05  5.5836e+03  6.9908e+04  1.4052e+05  5.5607e+03  1.6260e+06  1.8527e+05  5.5863e+03  3.0581e+05  1.8518e+05  5.5863e+03  1.9318e+06  1.8526e+05  5.5873e+03  
271         2.2681e+10  1.6042e+06  1.8961e+05  5.5172e+03  6.6100e+04  1.4397e+05  5.4934e+03  1.5676e+06  1.8992e+05  5.5200e+03  2.9390e+05  1.8982e+05  5.5200e+03  1.8615e+06  1.8990e+05  5.5211e+03  
272         2.2874e+10  1.5318e+06  1.9435e+05  5.4510e+03  6.2495e+04  1.4751e+05  5.4261e+03  1.5112e+06  1.9468e+05  5.4539e+03  2.8240e+05  1.9458e+05  5.4539e+03  1.7936e+06  1.9466e+05  5.4549e+03  
273         2.3070e+10  1.4626e+06  1.9921e+05  5.3848e+03  5.9083e+04  1.5114e+05  5.3590e+03  1.4565e+06  1.9955e+05  5.3879e+03  2.7133e+05  1.9946e+05  5.3878e+03  1.7278e+06  1.9954e+05  5.3889e+03  
274         2.3269e+10  1.3964e+06  2.0419e+05  5.3189e+03  5.5852e+04  1.5485e+05  5.2919e+03  1.4036e+06  2.0455e+05  5.3220e+03  2.6065e+05  2.0446e+05  5.3220e+03  1.6642e+06  2.0454e+05  5.3231e+03  
275         2.3471e+10  1.3331e+06  2.0929e+05  5.2531e+03  5.2793e+04  1.5866e+05  5.2250e+03  1.3523e+06  2.0967e+05  5.2564e+03  2.5036e+05  2.0958e+05  5.2564e+03  1.6027e+06  2.0966e+05  5.2574e+03  
276         2.3675e+10  1.2726e+06  2.1451e+05  5.1876e+03  4.9898e+04  1.6257e+05  5.1583e+03  1.3028e+06  2.1492e+05  5.1910e+03  2.4044e+05  2.1483e+05  5.1909e+03  1.5432e+06  2.1490e+05  5.1920e+03  
277         2.3883e+10  1.2148e+06  2.1987e+05  5.1223e+03  4.7158e+04  1.6658e+05  5.0918e+03  1.2549e+06  2.2029e+05  5.1258e+03  2.3089e+05  2.2020e+05  5.1258e+03  1.4858e+06  2.2028e+05  5.1268e+03  
278         2.4094e+10  1.1595e+06  2.2536e+05  5.0572e+03  4.4564e+04  1.7070e+05  5.0254e+03  1.2085e+06  2.2580e+05  5.0609e+03  2.2169e+05  2.2571e+05  5.0609e+03  1.4302e+06  2.2579e+05  5.0620e+03  
279         2.4308e+10  1.1066e+06  2.3098e+05  4.9925e+03  4.2110e+04  1.7492e+05  4.9593e+03  1.1637e+06  2.3145e+05  4.9963e+03  2.1282e+05  2.3136e+05  4.9962e+03  1.3765e+06  2.3144e+05  4.9973e+03  
280         2.4525e+10  1.0561e+06  2.3674e+05  4.9280e+03  3.9787e+04  1.7925e+05  4.8934e+03  1.1203e+06  2.3724e+05  4.9320e+03  2.0429e+05  2.3715e+05  4.9319e+03  1.3246e+06  2.3722e+05  4.9331e+03  
281         2.4745e+10  1.0078e+06  2.4265e+05  4.8639e+03  3.7589e+04  1.8369e+05  4.8278e+03  1.0784e+06  2.4317e+05  4.8680e+03  1.9607e+05  2.4308e+05  4.8680e+03  1.2745e+06  2.4315e+05  4.8691e+03  
282         2.4968e+10  9.6165e+05  2.4870e+05  4.8001e+03  3.5510e+04  1.8825e+05  4.7625e+03  1.0379e+06  2.4924e+05  4.8044e+03  1.8816e+05  2.4915e+05  4.8044e+03  1.2261e+06  2.4923e+05  4.8055e+03  
283         2.5195e+10  9.1755e+05  2.5490e+05  4.7367e+03  3.3542e+04  1.9294e+05  4.6974e+03  9.9882e+05  2.5547e+05  4.7411e+03  1.8054e+05  2.5538e+05  4.7411e+03  1.1794e+06  2.5546e+05  4.7423e+03  
284         2.5424e+10  8.7541e+05  2.6125e+05  4.6737e+03  3.1681e+04  1.9774e+05  4.6327e+03  9.6103e+05  2.6185e+05  4.6783e+03  1.7321e+05  2.6176e+05  4.6783e+03  1.1342e+06  2.6184e+05  4.6794e+03  
285         2.5658e+10  8.3515e+05  2.6776e+05  4.6110e+03  2.9921e+04  2.0268e+05  4.5682e+03  9.2453e+05  2.6839e+05  4.6159e+03  1.6616e+05  2.6830e+05  4.6158e+03  1.0907e+06  2.6838e+05  4.6170e+03  
286         2.5894e+10  7.9669e+05  2.7443e+05  4.5488e+03  2.8256e+04  2.0775e+05  4.5042e+03  8.8928e+05  2.7509e+05  4.5538e+03  1.5938e+05  2.7500e+05  4.5538e+03  1.0487e+06  2.7508e+05  4.5550e+03  
287         2.6134e+10  7.5995e+05  2.8127e+05  4.4871e+03  2.6681e+04  2.1296e+05  4.4404e+03  8.5526e+05  2.8195e+05  4.4923e+03  1.5286e+05  2.8187e+05  4.4922e+03  1.0081e+06  2.8194e+05  4.4934e+03  
288         2.6378e+10  7.2486e+05  2.8827e+05  4.4257e+03  2.5192e+04  2.1830e+05  4.3770e+03  8.2242e+05  2.8899e+05  4.4312e+03  1.4658e+05  2.8890e+05  4.4311e+03  9.6900e+05  2.8897e+05  4.4323e+03  
289         2.6625e+10  6.9134e+05  2.9544e+05  4.3649e+03  2.3784e+04  2.2379e+05  4.3140e+03  7.9073e+05  2.9619e+05  4.3705e+03  1.4055e+05  2.9610e+05  4.3705e+03  9.3127e+05  2.9618e+05  4.3717e+03  
290         2.6876e+10  6.5934e+05  3.0279e+05  4.3045e+03  2.2453e+04  2.2944e+05  4.2514e+03  7.6015e+05  3.0357e+05  4.3104e+03  1.3475e+05  3.0349e+05  4.3104e+03  8.9490e+05  3.0356e+05  4.3116e+03  
291         2.7130e+10  6.2878e+05  3.1032e+05  4.2447e+03  2.1195e+04  2.3523e+05  4.1891e+03  7.3066e+05  3.1113e+05  4.2508e+03  1.2917e+05  3.1105e+05  4.2508e+03  8.5983e+05  3.1112e+05  4.2520e+03  
292         2.7388e+10  5.9961e+05  3.1803e+05  4.1853e+03  2.0006e+04  2.4119e+05  4.1273e+03  7.0222e+05  3.1888e+05  4.1917e+03  1.2381e+05  3.1879e+05  4.1917e+03  8.2603e+05  3.1886e+05  4.1929e+03  
293         2.7650e+10  5.7175e+05  3.2593e+05  4.1265e+03  1.8882e+04  2.4730e+05  4.0659e+03  6.7479e+05  3.2681e+05  4.1331e+03  1.1867e+05  3.2673e+05  4.1331e+03  7.9346e+05  3.2680e+05  4.1343e+03  
294         2.7916e+10  5.4517e+05  3.3402e+05  4.0682e+03  1.7819e+04  2.5359e+05  4.0049e+03  6.4836e+05  3.3493e+05  4.0751e+03  1.1372e+05  3.3485e+05  4.0751e+03  7.6208e+05  3.3492e+05  4.0763e+03  
295         2.8186e+10  5.1979e+05  3.4230e+05  4.0104e+03  1.6815e+04  2.6005e+05  3.9443e+03  6.2288e+05  3.4325e+05  4.0177e+03  1.0897e+05  3.4317e+05  4.0176e+03  7.3185e+05  3.4324e+05  4.0189e+03  
296         2.8459e+10  4.9557e+05  3.5078e+05  3.9533e+03  1.5867e+04  2.6669e+05  3.8841e+03  5.9833e+05  3.5177e+05  3.9608e+03  1.0441e+05  3.5169e+05  3.9608e+03  7.0273e+05  3.5176e+05  3.9620e+03  
297         2.8737e+10  4.7246e+05  3.5946e+05  3.8967e+03  1.4971e+04  2.7351e+05  3.8244e+03  5.7468e+05  3.6049e+05  3.9045e+03  1.0002e+05  3.6041e+05  3.9045e+03  6.7470e+05  3.6048e+05  3.9058e+03  
298         2.9018e+10  4.5041e+05  3.6835e+05  3.8406e+03  1.4125e+04  2.8052e+05  3.7652e+03  5.5190e+05  3.6942e+05  3.8488e+03  9.5818e+04  3.6934e+05  3.8488e+03  6.4772e+05  3.6941e+05  3.8501e+03  
299         2.9304e+10  4.2937e+05  3.7745e+05  3.7852e+03  1.3325e+04  2.8773e+05  3.7064e+03  5.2996e+05  3.7856e+05  3.7938e+03  9.1781e+04  3.7848e+05  3.7937e+03  6.2174e+05  3.7855e+05  3.7950e+03  
300         2.9594e+10  4.0930e+05  3.8677e+05  3.7304e+03  1.2570e+04  2.9513e+05  3.6481e+03  5.0884e+05  3.8791e+05  3.7393e+03  8.7906e+04  3.8783e+05  3.7393e+03  5.9675e+05  3.8790e+05  3.7406e+03  
301         2.9888e+10  3.9015e+05  3.9630e+05  3.6762e+03  1.1857e+04  3.0274e+05  3.5902e+03  4.8851e+05  3.9749e+05  3.6855e+03  8.4187e+04  3.9741e+05  3.6854e+03  5.7270e+05  3.9747e+05  3.6868e+03  
302         3.0186e+10  3.7189e+05  4.0605e+05  3.6226e+03  1.1184e+04  3.1056e+05  3.5328e+03  4.6894e+05  4.0728e+05  3.6323e+03  8.0620e+04  4.0720e+05  3.6323e+03  5.4956e+05  4.0727e+05  3.6336e+03  
303         3.0489e+10  3.5447e+05  4.1603e+05  3.5696e+03  1.0549e+04  3.1860e+05  3.4759e+03  4.5012e+05  4.1730e+05  3.5797e+03  7.7197e+04  4.1723e+05  3.5797e+03  5.2731e+05  4.1729e+05  3.5811e+03  
304         3.0796e+10  3.3786e+05  4.2624e+05  3.5173e+03  9.9489e+03  3.2686e+05  3.4195e+03  4.3200e+05  4.2756e+05  3.5278e+03  7.3915e+04  4.2748e+05  3.5278e+03  5.0592e+05  4.2754e+05  3.5292e+03  
305         3.1108e+10  3.2201e+05  4.3668e+05  3.4655e+03  9.3828e+03  3.3535e+05  3.3635e+03  4.1458e+05  4.3804e+05  3.4766e+03  7.0767e+04  4.3797e+05  3.4766e+03  4.8535e+05  4.3803e+05  3.4780e+03  
306         3.1424e+10  3.0691e+05  4.4736e+05  3.4145e+03  8.8485e+03  3.4407e+05  3.3081e+03  3.9783e+05  4.4877e+05  3.4260e+03  6.7749e+04  4.4869e+05  3.4260e+03  4.6558e+05  4.4876e+05  3.4274e+03  
307         3.1745e+10  2.9251e+05  4.5827e+05  3.3641e+03  8.3443e+03  3.5303e+05  3.2531e+03  3.8172e+05  4.5973e+05  3.3761e+03  6.4855e+04  4.5966e+05  3.3761e+03  4.4657e+05  4.5972e+05  3.3775e+03  
308         3.2070e+10  2.7878e+05  4.6944e+05  3.3143e+03  7.8685e+03  3.6223e+05  3.1986e+03  3.6623e+05  4.7094e+05  3.3269e+03  6.2081e+04  4.7087e+05  3.3269e+03  4.2832e+05  4.7093e+05  3.3283e+03  
309         3.2401e+10  2.6569e+05  4.8085e+05  3.2652e+03  7.4197e+03  3.7168e+05  3.1446e+03  3.5135e+05  4.8240e+05  3.2783e+03  5.9423e+04  4.8233e+05  3.2783e+03  4.1077e+05  4.8239e+05  3.2797e+03  
310         3.2736e+10  2.5322e+05  4.9251e+05  3.2167e+03  6.9963e+03  3.8139e+05  3.0911e+03  3.3704e+05  4.9411e+05  3.2305e+03  5.6875e+04  4.9404e+05  3.2304e+03  3.9392e+05  4.9410e+05  3.2319e+03  
311         3.3076e+10  2.4133e+05  5.0443e+05  3.1689e+03  6.5970e+03  3.9137e+05  3.0381e+03  3.2330e+05  5.0608e+05  3.1833e+03  5.4434e+04  5.0601e+05  3.1832e+03  3.7774e+05  5.0607e+05  3.1847e+03  
312         3.3420e+10  2.2999e+05  5.1660e+05  3.1218e+03  6.2203e+03  4.0161e+05  2.9856e+03  3.1010e+05  5.1831e+05  3.1368e+03  5.2096e+04  5.1824e+05  3.1367e+03  3.6219e+05  5.1830e+05  3.1382e+03  
313         3.3770e+10  2.1919e+05  5.2904e+05  3.0753e+03  5.8651e+03  4.1212e+05  2.9336e+03  2.9741e+05  5.3080e+05  3.0909e+03  4.9855e+04  5.3073e+05  3.0909e+03  3.4727e+05  5.3079e+05  3.0924e+03  
314         3.4126e+10  2.0890e+05  5.4174e+05  3.0295e+03  5.5301e+03  4.2291e+05  2.8821e+03  2.8523e+05  5.4356e+05  3.0458e+03  4.7710e+04  5.4349e+05  3.0458e+03  3.3294e+05  5.4355e+05  3.0473e+03  
315         3.4486e+10  1.9909e+05  5.5471e+05  2.9843e+03  5.2143e+03  4.3399e+05  2.8311e+03  2.7354e+05  5.5659e+05  3.0014e+03  4.5655e+04  5.5652e+05  3.0013e+03  3.1919e+05  5.5658e+05  3.0029e+03  
316         3.4851e+10  1.8975e+05  5.6796e+05  2.9398e+03  4.9165e+03  4.4536e+05  2.7807e+03  2.6231e+05  5.6989e+05  2.9576e+03  4.3687e+04  5.6982e+05  2.9576e+03  3.0599e+05  5.6988e+05  2.9592e+03  
317         3.5222e+10  1.8084e+05  5.8148e+05  2.8959e+03  4.6358e+03  4.5702e+05  2.7307e+03  2.5153e+05  5.8346e+05  2.9146e+03  4.1802e+04  5.8339e+05  2.9145e+03  2.9333e+05  5.8345e+05  2.9161e+03  
318         3.5598e+10  1.7235e+05  5.9527e+05  2.8527e+03  4.3712e+03  4.6899e+05  2.6813e+03  2.4118e+05  5.9732e+05  2.8722e+03  3.9999e+04  5.9725e+05  2.8722e+03  2.8118e+05  5.9731e+05  2.8738e+03  
319         3.5980e+10  1.6427e+05  6.0935e+05  2.8102e+03  4.1218e+03  4.8126e+05  2.6323e+03  2.3125e+05  6.1146e+05  2.8305e+03  3.8272e+04  6.1139e+05  2.8305e+03  2.6952e+05  6.1145e+05  2.8321e+03  
320         3.6367e+10  1.5657e+05  6.2372e+05  2.7683e+03  3.8867e+03  4.9384e+05  2.5839e+03  2.2172e+05  6.2588e+05  2.7895e+03  3.6619e+04  6.2582e+05  2.7895e+03  2.5833e+05  6.2587e+05  2.7911e+03  
321         3.6760e+10  1.4923e+05  6.3837e+05  2.7270e+03  3.6652e+03  5.0674e+05  2.5360e+03  2.1257e+05  6.4060e+05  2.7492e+03  3.5036e+04  6.4053e+05  2.7492e+03  2.4761e+05  6.4059e+05  2.7508e+03  
322         3.7159e+10  1.4224e+05  6.5331e+05  2.6864e+03  3.4564e+03  5.1996e+05  2.4887e+03  2.0380e+05  6.5560e+05  2.7096e+03  3.3522e+04  6.5554e+05  2.7095e+03  2.3732e+05  6.5559e+05  2.7112e+03  
323         3.7564e+10  1.3558e+05  6.6855e+05  2.6464e+03  3.2596e+03  5.3351e+05  2.4419e+03  1.9538e+05  6.7090e+05  2.6706e+03  3.2073e+04  6.7084e+05  2.6706e+03  2.2745e+05  6.7089e+05  2.6723e+03  
324         3.7974e+10  1.2924e+05  6.8408e+05  2.6071e+03  3.0742e+03  5.4738e+05  2.3956e+03  1.8731e+05  6.8650e+05  2.6323e+03  3.0686e+04  6.8644e+05  2.6323e+03  2.1799e+05  6.8649e+05  2.6340e+03  
325         3.8391e+10  1.2320e+05  6.9992e+05  2.5683e+03  2.8995e+03  5.6160e+05  2.3498e+03  1.7956e+05  7.0240e+05  2.5947e+03  2.9360e+04  7.0234e+05  2.5947e+03  2.0892e+05  7.0239e+05  2.5964e+03  
326         3.8813e+10  1.1744e+05  7.1605e+05  2.5302e+03  2.7349e+03  5.7615e+05  2.3046e+03  1.7214e+05  7.1860e+05  2.5578e+03  2.8090e+04  7.1854e+05  2.5577e+03  2.0023e+05  7.1859e+05  2.5595e+03  
327         3.9242e+10  1.1196e+05  7.3249e+05  2.4927e+03  2.5798e+03  5.9105e+05  2.2599e+03  1.6502e+05  7.3511e+05  2.5215e+03  2.6876e+04  7.3505e+05  2.5214e+03  1.9189e+05  7.3510e+05  2.5232e+03  
328         3.9677e+10  1.0673e+05  7.4924e+05  2.4558e+03  2.4337e+03  6.0630e+05  2.2157e+03  1.5819e+05  7.5193e+05  2.4859e+03  2.5714e+04  7.5187e+05  2.4858e+03  1.8390e+05  7.5192e+05  2.4876e+03  
329         4.0118e+10  1.0176e+05  7.6630e+05  2.4195e+03  2.2960e+03  6.2190e+05  2.1721e+03  1.5164e+05  7.6906e+05  2.4509e+03  2.4602e+04  7.6900e+05  2.4508e+03  1.7624e+05  7.6905e+05  2.4527e+03  
330         4.0566e+10  9.7019e+04  7.8368e+05  2.3838e+03  2.1662e+03  6.3785e+05  2.1291e+03  1.4537e+05  7.8650e+05  2.4165e+03  2.3539e+04  7.8644e+05  2.4165e+03  1.6890e+05  7.8649e+05  2.4184e+03  
331         4.1020e+10  9.2504e+04  8.0136e+05  2.3487e+03  2.0440e+03  6.5417e+05  2.0866e+03  1.3935e+05  8.0426e+05  2.3829e+03  2.2522e+04  8.0420e+05  2.3828e+03  1.6187e+05  8.0425e+05  2.3847e+03  
332         4.1481e+10  8.8203e+04  8.1937e+05  2.3141e+03  1.9288e+03  6.7085e+05  2.0446e+03  1.3358e+05  8.2234e+05  2.3498e+03  2.1549e+04  8.2228e+05  2.3497e+03  1.5513e+05  8.2233e+05  2.3517e+03  
333         4.1949e+10  8.4106e+04  8.3770e+05  2.2801e+03  1.8203e+03  6.8790e+05  2.0032e+03  1.2805e+05  8.4074e+05  2.3174e+03  2.0619e+04  8.4068e+05  2.3173e+03  1.4867e+05  8.4073e+05  2.3193e+03  
334         4.2423e+10  8.0204e+04  8.5635e+05  2.2467e+03  1.7181e+03  7.0532e+05  1.9624e+03  1.2275e+05  8.5947e+05  2.2855e+03  1.9729e+04  8.5941e+05  2.2855e+03  1.4248e+05  8.5946e+05  2.2875e+03  
335         4.2905e+10  7.6485e+04  8.7532e+05  2.2138e+03  1.6217e+03  7.2311e+05  1.9221e+03  1.1767e+05  8.7852e+05  2.2543e+03  1.8878e+04  8.7846e+05  2.2543e+03  1.3655e+05  8.7851e+05  2.2563e+03  
336         4.3393e+10  7.2943e+04  8.9463e+05  2.1815e+03  1.5310e+03  7.4128e+05  1.8824e+03  1.1280e+05  8.9790e+05  2.2237e+03  1.8064e+04  8.9784e+05  2.2237e+03  1.3086e+05  8.9789e+05  2.2257e+03  
337         4.3888e+10  6.9569e+04  9.1427e+05  2.1496e+03  1.4454e+03  7.5983e+05  1.8433e+03  1.0813e+05  9.1761e+05  2.1938e+03  1.7285e+04  9.1756e+05  2.1937e+03  1.2542e+05  9.1761e+05  2.1958e+03  
338         4.4391e+10  6.6354e+04  9.3424e+05  2.1183e+03  1.3648e+03  7.7877e+05  1.8047e+03  1.0366e+05  9.3766e+05  2.1644e+03  1.6541e+04  9.3761e+05  2.1643e+03  1.2020e+05  9.3765e+05  2.1664e+03  
339         4.4901e+10  6.3291e+04  9.5454e+05  2.0876e+03  1.2888e+03  7.9809e+05  1.7667e+03  9.9376e+04  9.5805e+05  2.1355e+03  1.5828e+04  9.5799e+05  2.1355e+03  1.1520e+05  9.5804e+05  2.1376e+03  
340         4.5419e+10  6.0373e+04  9.7518e+05  2.0573e+03  1.2172e+03  8.1780e+05  1.7292e+03  9.5269e+04  9.7877e+05  2.1073e+03  1.5147e+04  9.7872e+05  2.1072e+03  1.1042e+05  9.7876e+05  2.1094e+03  
341         4.5944e+10  5.7592e+04  9.9617e+05  2.0275e+03  1.1497e+03  8.3791e+05  1.6924e+03  9.1332e+04  9.9984e+05  2.0796e+03  1.4496e+04  9.9978e+05  2.0796e+03  1.0583e+05  9.9983e+05  2.0818e+03  
342         4.6477e+10  5.4942e+04  1.0175e+06  1.9982e+03  1.0861e+03  8.5840e+05  1.6561e+03  8.7560e+04  1.0212e+06  2.0525e+03  1.3873e+04  1.0212e+06  2.0524e+03  1.0143e+05  1.0212e+06  2.0547e+03  
343         4.7017e+10  5.2417e+04  1.0392e+06  1.9694e+03  1.0261e+03  8.7930e+05  1.6203e+03  8.3946e+04  1.0430e+06  2.0260e+03  1.3278e+04  1.0430e+06  2.0259e+03  9.7223e+04  1.0430e+06  2.0282e+03  
344         4.7566e+10  5.0011e+04  1.0612e+06  1.9410e+03  9.6952e+02  9.0059e+05  1.5852e+03  8.0482e+04  1.0651e+06  2.0000e+03  1.2708e+04  1.0651e+06  1.9999e+03  9.3190e+04  1.0651e+06  2.0022e+03  
345         4.8122e+10  4.7718e+04  1.0836e+06  1.9131e+03  9.1619e+02  9.2229e+05  1.5506e+03  7.7163e+04  1.0876e+06  1.9745e+03  1.2163e+04  1.0875e+06  1.9744e+03  8.9326e+04  1.0876e+06  1.9768e+03  
346         4.8687e+10  4.5533e+04  1.1063e+06  1.8857e+03  8.6591e+02  9.4439e+05  1.5165e+03  7.3982e+04  1.1104e+06  1.9496e+03  1.1642e+04  1.1103e+06  1.9495e+03  8.5624e+04  1.1104e+06  1.9519e+03  
347         4.9260e+10  4.3451e+04  1.1294e+06  1.8587e+03  8.1850e+02  9.6689e+05  1.4831e+03  7.0934e+04  1.1336e+06  1.9251e+03  1.1143e+04  1.1335e+06  1.9251e+03  8.2077e+04  1.1335e+06  1.9275e+03  
348         4.9841e+10  4.1466e+04  1.1528e+06  1.8321e+03  7.7377e+02  9.8980e+05  1.4502e+03  6.8013e+04  1.1571e+06  1.9012e+03  1.0667e+04  1.1570e+06  1.9012e+03  7.8680e+04  1.1571e+06  1.9036e+03  
349         5.0431e+10  3.9573e+04  1.1766e+06  1.8059e+03  7.3159e+02  1.0131e+06  1.4178e+03  6.5214e+04  1.1810e+06  1.8778e+03  1.0211e+04  1.1809e+06  1.8778e+03  7.5425e+04  1.1810e+06  1.8803e+03  
350         5.1029e+10  3.7770e+04  1.2008e+06  1.7801e+03  6.9179e+02  1.0369e+06  1.3861e+03  6.2532e+04  1.2052e+06  1.8550e+03  9.7746e+03  1.2052e+06  1.8549e+03  7.2307e+04  1.2052e+06  1.8574e+03  
351         5.1636e+10  3.6050e+04  1.2253e+06  1.7547e+03  6.5424e+02  1.0610e+06  1.3549e+03  5.9962e+04  1.2299e+06  1.8325e+03  9.3574e+03  1.2298e+06  1.8325e+03  6.9319e+04  1.2298e+06  1.8351e+03  
352         5.2252e+10  3.4411e+04  1.2502e+06  1.7297e+03  6.1881e+02  1.0856e+06  1.3242e+03  5.7498e+04  1.2549e+06  1.8106e+03  8.9584e+03  1.2548e+06  1.8105e+03  6.6457e+04  1.2548e+06  1.8132e+03  
353         5.2877e+10  3.2848e+04  1.2755e+06  1.7051e+03  5.8538e+02  1.1106e+06  1.2941e+03  5.5138e+04  1.2802e+06  1.7892e+03  8.5767e+03  1.2802e+06  1.7891e+03  6.3715e+04  1.2802e+06  1.7918e+03  
354         5.3511e+10  3.1358e+04  1.3011e+06  1.6809e+03  5.5382e+02  1.1360e+06  1.2646e+03  5.2876e+04  1.3060e+06  1.7682e+03  8.2116e+03  1.3059e+06  1.7681e+03  6.1087e+04  1.3060e+06  1.7708e+03  
355         5.4154e+10  2.9938e+04  1.3271e+06  1.6570e+03  5.2403e+02  1.1618e+06  1.2356e+03  5.0708e+04  1.3321e+06  1.7477e+03  7.8623e+03  1.3320e+06  1.7476e+03  5.8570e+04  1.3321e+06  1.7504e+03  
356         5.4807e+10  2.8583e+04  1.3536e+06  1.6334e+03  4.9591e+02  1.1881e+06  1.2071e+03  4.8630e+04  1.3586e+06  1.7276e+03  7.5281e+03  1.3585e+06  1.7275e+03  5.6158e+04  1.3586e+06  1.7304e+03  
357         5.5469e+10  2.7291e+04  1.3803e+06  1.6102e+03  4.6936e+02  1.2148e+06  1.1792e+03  4.6638e+04  1.3855e+06  1.7080e+03  7.2084e+03  1.3854e+06  1.7079e+03  5.3847e+04  1.3855e+06  1.7108e+03  
358         5.6141e+10  2.6058e+04  1.4075e+06  1.5874e+03  4.4429e+02  1.2419e+06  1.1518e+03  4.4730e+04  1.4128e+06  1.6888e+03  6.9026e+03  1.4127e+06  1.6887e+03  5.1632e+04  1.4128e+06  1.6916e+03  
359         5.6823e+10  2.4883e+04  1.4351e+06  1.5648e+03  4.2060e+02  1.2695e+06  1.1249e+03  4.2900e+04  1.4404e+06  1.6701e+03  6.6099e+03  1.4404e+06  1.6699e+03  4.9510e+04  1.4404e+06  1.6729e+03  
360         5.7514e+10  2.3762e+04  1.4631e+06  1.5426e+03  3.9824e+02  1.2974e+06  1.0986e+03  4.1147e+04  1.4685e+06  1.6517e+03  6.3299e+03  1.4685e+06  1.6516e+03  4.7477e+04  1.4685e+06  1.6547e+03  
361         5.8216e+10  2.2693e+04  1.4914e+06  1.5207e+03  3.7710e+02  1.3259e+06  1.0728e+03  3.9466e+04  1.4970e+06  1.6338e+03  6.0620e+03  1.4969e+06  1.6337e+03  4.5528e+04  1.4970e+06  1.6368e+03  
362         5.8928e+10  2.1673e+04  1.5202e+06  1.4991e+03  3.5714e+02  1.3547e+06  1.0475e+03  3.7856e+04  1.5258e+06  1.6163e+03  5.8056e+03  1.5258e+06  1.6161e+03  4.3661e+04  1.5258e+06  1.6193e+03  
363         5.9650e+10  2.0700e+04  1.5493e+06  1.4777e+03  3.3827e+02  1.3841e+06  1.0227e+03  3.6311e+04  1.5551e+06  1.5991e+03  5.5603e+03  1.5551e+06  1.5990e+03  4.1872e+04  1.5551e+06  1.6022e+03  
364         6.0383e+10  1.9771e+04  1.5789e+06  1.4567e+03  3.2044e+02  1.4138e+06  9.9839e+02  3.4831e+04  1.5848e+06  1.5824e+03  5.3255e+03  1.5848e+06  1.5823e+03  4.0157e+04  1.5848e+06  1.5856e+03  
365         6.1127e+10  1.8885e+04  1.6089e+06  1.4359e+03  3.0358e+02  1.4440e+06  9.7459e+02  3.3412e+04  1.6149e+06  1.5661e+03  5.1008e+03  1.6149e+06  1.5659e+03  3.8513e+04  1.6149e+06  1.5693e+03  
366         6.1881e+10  1.8040e+04  1.6393e+06  1.4154e+03  2.8765e+02  1.4747e+06  9.5128e+02  3.2052e+04  1.6454e+06  1.5501e+03  4.8858e+03  1.6454e+06  1.5499e+03  3.6937e+04  1.6454e+06  1.5534e+03  
367         6.2647e+10  1.7234e+04  1.6701e+06  1.3952e+03  2.7258e+02  1.5058e+06  9.2845e+02  3.0748e+04  1.6764e+06  1.5345e+03  4.6799e+03  1.6763e+06  1.5343e+03  3.5428e+04  1.6764e+06  1.5378e+03  
368         6.3423e+10  1.6464e+04  1.7014e+06  1.3752e+03  2.5833e+02  1.5374e+06  9.0610e+02  2.9497e+04  1.7077e+06  1.5192e+03  4.4829e+03  1.7077e+06  1.5191e+03  3.3980e+04  1.7077e+06  1.5226e+03  
369         6.4211e+10  1.5729e+04  1.7330e+06  1.3554e+03  2.4486e+02  1.5694e+06  8.8422e+02  2.8298e+04  1.7395e+06  1.5043e+03  4.2944e+03  1.7395e+06  1.5042e+03  3.2593e+04  1.7395e+06  1.5078e+03  
370         6.5011e+10  1.5028e+04  1.7651e+06  1.3359e+03  2.3211e+02  1.6019e+06  8.6280e+02  2.7149e+04  1.7717e+06  1.4898e+03  4.1139e+03  1.7717e+06  1.4896e+03  3.1263e+04  1.7717e+06  1.4933e+03  
371         6.5822e+10  1.4359e+04  1.7977e+06  1.3167e+03  2.2005e+02  1.6349e+06  8.4183e+02  2.6047e+04  1.8044e+06  1.4756e+03  3.9411e+03  1.8044e+06  1.4754e+03  2.9988e+04  1.8044e+06  1.4792e+03  
372         6.6645e+10  1.3720e+04  1.8306e+06  1.2976e+03  2.0864e+02  1.6683e+06  8.2132e+02  2.4990e+04  1.8375e+06  1.4617e+03  3.7757e+03  1.8375e+06  1.4615e+03  2.8766e+04  1.8375e+06  1.4654e+03  
373         6.7480e+10  1.3110e+04  1.8641e+06  1.2788e+03  1.9785e+02  1.7022e+06  8.0125e+02  2.3977e+04  1.8711e+06  1.4481e+03  3.6173e+03  1.8710e+06  1.4480e+03  2.7594e+04  1.8711e+06  1.4519e+03  
374         6.8327e+10  1.2528e+04  1.8979e+06  1.2602e+03  1.8763e+02  1.7366e+06  7.8161e+02  2.3005e+04  1.9051e+06  1.4349e+03  3.4657e+03  1.9050e+06  1.4347e+03  2.6471e+04  1.9051e+06  1.4388e+03  
375         6.9187e+10  1.1972e+04  1.9323e+06  1.2418e+03  1.7796e+02  1.7715e+06  7.6241e+02  2.2074e+04  1.9395e+06  1.4220e+03  3.3205e+03  1.9395e+06  1.4218e+03  2.5394e+04  1.9395e+06  1.4259e+03  
376         7.0059e+10  1.1441e+04  1.9671e+06  1.2236e+03  1.6880e+02  1.8068e+06  7.4362e+02  2.1180e+04  1.9744e+06  1.4094e+03  3.1816e+03  1.9744e+06  1.4092e+03  2.4362e+04  1.9744e+06  1.4134e+03  
377         7.0944e+10  1.0934e+04  2.0023e+06  1.2056e+03  1.6013e+02  1.8427e+06  7.2525e+02  2.0323e+04  2.0098e+06  1.3970e+03  3.0485e+03  2.0098e+06  1.3968e+03  2.3372e+04  2.0098e+06  1.4011e+03  
378         7.1841e+10  1.0450e+04  2.0380e+06  1.1879e+03  1.5192e+02  1.8790e+06  7.0728e+02  1.9501e+04  2.0457e+06  1.3850e+03  2.9210e+03  2.0456e+06  1.3848e+03  2.2422e+04  2.0457e+06  1.3892e+03  
379         7.2752e+10  9.9882e+03  2.0742e+06  1.1703e+03  1.4415e+02  1.9159e+06  6.8972e+02  1.8713e+04  2.0820e+06  1.3733e+03  2.7990e+03  2.0820e+06  1.3731e+03  2.1512e+04  2.0820e+06  1.3775e+03  
380         7.3676e+10  9.5469e+03  2.1109e+06  1.1529e+03  1.3678e+02  1.9532e+06  6.7255e+02  1.7957e+04  2.1189e+06  1.3618e+03  2.6821e+03  2.1188e+06  1.3616e+03  2.0639e+04  2.1189e+06  1.3662e+03  
381         7.4614e+10  9.1253e+03  2.1481e+06  1.1357e+03  1.2981e+02  1.9911e+06  6.5576e+02  1.7232e+04  2.1562e+06  1.3506e+03  2.5702e+03  2.1561e+06  1.3504e+03  1.9802e+04  2.1562e+06  1.3551e+03  
382         7.5566e+10  8.7227e+03  2.1857e+06  1.1186e+03  1.2320e+02  2.0295e+06  6.3935e+02  1.6536e+04  2.1940e+06  1.3397e+03  2.4630e+03  2.1939e+06  1.3394e+03  1.9000e+04  2.1940e+06  1.3442e+03  
383         7.6531e+10  8.3381e+03  2.2239e+06  1.1018e+03  1.1694e+02  2.0684e+06  6.2332e+02  1.5869e+04  2.2323e+06  1.3290e+03  2.3604e+03  2.2322e+06  1.3288e+03  1.8230e+04  2.2323e+06  1.3337e+03  
384         7.7510e+10  7.9708e+03  2.2625e+06  1.0851e+03  1.1100e+02  2.1078e+06  6.0765e+02  1.5229e+04  2.2711e+06  1.3186e+03  2.2620e+03  2.2710e+06  1.3183e+03  1.7491e+04  2.2711e+06  1.3234e+03  
385         7.8504e+10  7.6199e+03  2.3017e+06  1.0685e+03  1.0538e+02  2.1477e+06  5.9234e+02  1.4615e+04  2.3104e+06  1.3084e+03  2.1678e+03  2.3103e+06  1.3081e+03  1.6783e+04  2.3104e+06  1.3133e+03  
386         7.9512e+10  7.2846e+03  2.3414e+06  1.0522e+03  1.0005e+02  2.1882e+06  5.7738e+02  1.4026e+04  2.3502e+06  1.2985e+03  2.0776e+03  2.3502e+06  1.2982e+03  1.6104e+04  2.3502e+06  1.3035e+03  
387         8.0535e+10  6.9643e+03  2.3816e+06  1.0360e+03  9.4994e+01  2.2292e+06  5.6276e+02  1.3461e+04  2.3906e+06  1.2888e+03  1.9912e+03  2.3905e+06  1.2885e+03  1.5453e+04  2.3906e+06  1.2939e+03  
388         8.1573e+10  6.6583e+03  2.4223e+06  1.0200e+03  9.0203e+01  2.2708e+06  5.4848e+02  1.2919e+04  2.4315e+06  1.2793e+03  1.9084e+03  2.4314e+06  1.2790e+03  1.4828e+04  2.4315e+06  1.2845e+03  
389         8.2626e+10  6.3659e+03  2.4636e+06  1.0041e+03  8.5660e+01  2.3129e+06  5.3453e+02  1.2399e+04  2.4729e+06  1.2701e+03  1.8291e+03  2.4729e+06  1.2698e+03  1.4229e+04  2.4729e+06  1.2754e+03  
390         8.3694e+10  6.0865e+03  2.5054e+06  9.8842e+02  8.1352e+01  2.3556e+06  5.2090e+02  1.1901e+04  2.5149e+06  1.2610e+03  1.7531e+03  2.5148e+06  1.2607e+03  1.3654e+04  2.5149e+06  1.2665e+03  
391         8.4778e+10  5.8196e+03  2.5477e+06  9.7287e+02  7.7266e+01  2.3988e+06  5.0759e+02  1.1422e+04  2.5574e+06  1.2522e+03  1.6803e+03  2.5574e+06  1.2519e+03  1.3102e+04  2.5574e+06  1.2578e+03  
392         8.5878e+10  5.5645e+03  2.5906e+06  9.5747e+02  7.3390e+01  2.4426e+06  4.9459e+02  1.0963e+04  2.6005e+06  1.2436e+03  1.6106e+03  2.6004e+06  1.2433e+03  1.2573e+04  2.6005e+06  1.2493e+03  
393         8.6993e+10  5.3207e+03  2.6341e+06  9.4223e+02  6.9714e+01  2.4870e+06  4.8190e+02  1.0522e+04  2.6441e+06  1.2352e+03  1.5438e+03  2.6441e+06  1.2348e+03  1.2066e+04  2.6441e+06  1.2411e+03  
394         8.8125e+10  5.0877e+03  2.6781e+06  9.2713e+02  6.6226e+01  2.5320e+06  4.6950e+02  1.0099e+04  2.6884e+06  1.2269e+03  1.4798e+03  2.6883e+06  1.2266e+03  1.1579e+04  2.6883e+06  1.2330e+03  
395         8.9274e+10  4.8650e+03  2.7227e+06  9.1219e+02  6.2917e+01  2.5775e+06  4.5739e+02  9.6933e+03  2.7332e+06  1.2189e+03  1.4184e+03  2.7331e+06  1.2185e+03  1.1112e+04  2.7331e+06  1.2251e+03  
396         9.0439e+10  4.6522e+03  2.7679e+06  8.9740e+02  5.9777e+01  2.6237e+06  4.4557e+02  9.3039e+03  2.7785e+06  1.2111e+03  1.3596e+03  2.7785e+06  1.2107e+03  1.0664e+04  2.7785e+06  1.2174e+03  
397         9.1622e+10  4.4487e+03  2.8137e+06  8.8275e+02  5.6798e+01  2.6704e+06  4.3403e+02  8.9303e+03  2.8245e+06  1.2034e+03  1.3033e+03  2.8245e+06  1.2030e+03  1.0234e+04  2.8245e+06  1.2099e+03  
398         9.2821e+10  4.2543e+03  2.8601e+06  8.6824e+02  5.3970e+01  2.7178e+06  4.2276e+02  8.5717e+03  2.8711e+06  1.1959e+03  1.2493e+03  2.8710e+06  1.1955e+03  9.8210e+03  2.8711e+06  1.2025e+03  
399         9.4039e+10  4.0685e+03  2.9071e+06  8.5389e+02  5.1287e+01  2.7658e+06  4.1176e+02  8.2278e+03  2.9183e+06  1.1886e+03  1.1976e+03  2.9182e+06  1.1881e+03  9.4254e+03  2.9183e+06  1.1954e+03  
400         9.5274e+10  3.8906e+03  2.9548e+06  8.3967e+02  4.8736e+01  2.8144e+06  4.0101e+02  7.8972e+03  2.9661e+06  1.1814e+03  1.1480e+03  2.9660e+06  1.1809e+03  9.0452e+03  2.9661e+06  1.1884e+03  
401         9.6527e+10  3.7213e+03  3.0030e+06  8.2562e+02  4.6326e+01  2.8637e+06  3.9054e+02  7.5814e+03  3.0145e+06  1.1744e+03  1.1006e+03  3.0145e+06  1.1739e+03  8.6821e+03  3.0145e+06  1.1816e+03  
